7.141242e+02
7.165503e+02
7.240789e+02
7.315798e+02
7.245022e+02
7.408537e+02
7.307198e+02
7.155343e+02
7.032934e+02
7.057805e+02
6.941894e+02
6.847632e+02
6.788191e+02
6.825834e+02
6.762096e+02
6.758239e+02
6.722310e+02
6.693347e+02
6.689998e+02
6.638606e+02
6.642779e+02
6.651399e+02
6.643640e+02
6.620780e+02
6.557686e+02
6.689354e+02
6.653884e+02
6.579106e+02
6.643568e+02
6.636385e+02
6.541543e+02
6.534288e+02
6.564369e+02
6.508667e+02
6.564121e+02
6.415699e+02
6.478490e+02
6.499185e+02
6.430744e+02
6.559460e+02
6.372520e+02
6.431563e+02
6.479895e+02
6.427453e+02
6.452797e+02
6.433578e+02
6.295122e+02
6.412017e+02
6.379541e+02
6.355887e+02
6.432017e+02
6.475469e+02
6.233343e+02
6.484350e+02
6.392151e+02
6.274423e+02
6.351498e+02
6.325881e+02
6.273711e+02
6.355480e+02
6.379012e+02
6.286561e+02
6.346857e+02
6.323189e+02
6.295855e+02
6.221999e+02
6.333535e+02
6.241770e+02
6.277422e+02
6.322328e+02
6.346017e+02
6.286015e+02
6.227706e+02
6.201619e+02
6.213765e+02
6.210298e+02
6.215895e+02
6.194334e+02
6.218457e+02
6.245395e+02
6.172490e+02
6.230298e+02
6.233661e+02
6.229178e+02
6.162776e+02
6.260031e+02
6.207158e+02
6.156395e+02
6.130802e+02
6.157834e+02
6.166703e+02
6.146245e+02
6.138786e+02
6.183525e+02
6.026087e+02
6.177379e+02
6.111690e+02
6.040332e+02
6.146576e+02
6.121274e+02
6.014215e+02
6.126696e+02
6.161171e+02
6.068927e+02
6.023956e+02
5.980054e+02
6.091658e+02
6.010793e+02
6.107506e+02
5.992785e+02
6.205394e+02
6.043642e+02
5.973886e+02
5.994457e+02
6.078892e+02
5.980930e+02
6.076140e+02
5.961896e+02
5.969312e+02
6.021377e+02
5.996476e+02
5.981586e+02
5.995944e+02
5.994028e+02
5.882216e+02
5.979611e+02
6.071517e+02
