# Temperatura_=_54.26
# Concentracion g/m^3_=_10000.0
# C_Vs_to_Am_M_A/Vsm_=_65563218390.804596
# pendiente_HvsI_1/m_=_3716.3
# ordenada_HvsI_A/m_=_1297.0
# frecuencia_Hz_=_302617.92517412547

Tiempo_(s)	Campo_(V.s)	Magnetizacion_(V.s)	Campo_(kA/m)	Magnetizacion_(A/m)
0.000000e+00	-7.927712e-06	-1.068531e-08	-5.683223e+01	-7.005399e+02
1.000000e-08	-7.925589e-06	-1.068806e-08	-5.681701e+01	-7.002744e+02
2.000000e-08	-7.920809e-06	-1.068765e-08	-5.678274e+01	-6.998857e+02
3.000000e-08	-7.913514e-06	-1.068146e-08	-5.673045e+01	-6.993851e+02
4.000000e-08	-7.903471e-06	-1.067283e-08	-5.665845e+01	-6.987857e+02
5.000000e-08	-7.890568e-06	-1.066323e-08	-5.656595e+01	-6.981012e+02
6.000000e-08	-7.874741e-06	-1.065360e-08	-5.645249e+01	-6.973445e+02
7.000000e-08	-7.856251e-06	-1.064242e-08	-5.631993e+01	-6.965263e+02
8.000000e-08	-7.835534e-06	-1.062899e-08	-5.617142e+01	-6.956545e+02
9.000000e-08	-7.812261e-06	-1.063577e-08	-5.600458e+01	-6.947336e+02
1.000000e-07	-7.785831e-06	-1.065253e-08	-5.581510e+01	-6.937648e+02
1.100000e-07	-7.756194e-06	-1.062481e-08	-5.560264e+01	-6.927463e+02
1.200000e-07	-7.723729e-06	-1.058147e-08	-5.536991e+01	-6.916740e+02
1.300000e-07	-7.688543e-06	-1.056046e-08	-5.511767e+01	-6.905419e+02
1.400000e-07	-7.650830e-06	-1.053703e-08	-5.484731e+01	-6.893426e+02
1.500000e-07	-7.611002e-06	-1.048281e-08	-5.456179e+01	-6.880680e+02
1.600000e-07	-7.568964e-06	-1.043222e-08	-5.426043e+01	-6.867093e+02
1.700000e-07	-7.524370e-06	-1.045425e-08	-5.394075e+01	-6.852572e+02
1.800000e-07	-7.477097e-06	-1.042051e-08	-5.360186e+01	-6.837021e+02
1.900000e-07	-7.426970e-06	-1.035628e-08	-5.324250e+01	-6.820337e+02
2.000000e-07	-7.373824e-06	-1.037995e-08	-5.286151e+01	-6.802416e+02
2.100000e-07	-7.317861e-06	-1.033543e-08	-5.246032e+01	-6.783155e+02
2.200000e-07	-7.259244e-06	-1.029070e-08	-5.204011e+01	-6.762456e+02
2.300000e-07	-7.197976e-06	-1.027956e-08	-5.160089e+01	-6.740236e+02
2.400000e-07	-7.134131e-06	-1.023402e-08	-5.114320e+01	-6.716432e+02
2.500000e-07	-7.067558e-06	-1.018782e-08	-5.066595e+01	-6.691009e+02
2.600000e-07	-6.998267e-06	-1.014104e-08	-5.016921e+01	-6.663969e+02
2.700000e-07	-6.926370e-06	-1.011427e-08	-4.965380e+01	-6.635351e+02
2.800000e-07	-6.851678e-06	-1.005971e-08	-4.911834e+01	-6.605227e+02
2.900000e-07	-6.774194e-06	-1.000527e-08	-4.856288e+01	-6.573698e+02
3.000000e-07	-6.693986e-06	-9.956804e-09	-4.798788e+01	-6.540881e+02
3.100000e-07	-6.611244e-06	-9.906071e-09	-4.739473e+01	-6.506894e+02
3.200000e-07	-6.526256e-06	-9.867981e-09	-4.678546e+01	-6.471840e+02
3.300000e-07	-6.439030e-06	-9.809808e-09	-4.616015e+01	-6.435789e+02
3.400000e-07	-6.349468e-06	-9.754772e-09	-4.551810e+01	-6.398767e+02
3.500000e-07	-6.257563e-06	-9.699294e-09	-4.485925e+01	-6.360750e+02
3.600000e-07	-6.163430e-06	-9.641201e-09	-4.418443e+01	-6.321659e+02
3.700000e-07	-6.067057e-06	-9.576917e-09	-4.349355e+01	-6.281371e+02
3.800000e-07	-5.968384e-06	-9.509975e-09	-4.278618e+01	-6.239732e+02
3.900000e-07	-5.867567e-06	-9.446205e-09	-4.206345e+01	-6.196572e+02
4.000000e-07	-5.764743e-06	-9.374590e-09	-4.132632e+01	-6.151731e+02
4.100000e-07	-5.659875e-06	-9.300652e-09	-4.057454e+01	-6.105073e+02
4.200000e-07	-5.552987e-06	-9.223252e-09	-3.980828e+01	-6.056507e+02
4.300000e-07	-5.444143e-06	-9.155272e-09	-3.902800e+01	-6.005994e+02
4.400000e-07	-5.333405e-06	-9.081666e-09	-3.823414e+01	-5.953548e+02
4.500000e-07	-5.220621e-06	-8.994772e-09	-3.742562e+01	-5.899230e+02
4.600000e-07	-5.105726e-06	-8.905423e-09	-3.660195e+01	-5.843131e+02
4.700000e-07	-4.988890e-06	-8.821617e-09	-3.576438e+01	-5.785353e+02
4.800000e-07	-4.870245e-06	-8.733779e-09	-3.491384e+01	-5.725981e+02
4.900000e-07	-4.749772e-06	-8.637652e-09	-3.405019e+01	-5.665065e+02
5.000000e-07	-4.627514e-06	-8.543045e-09	-3.317375e+01	-5.602604e+02
5.100000e-07	-4.503631e-06	-8.445448e-09	-3.228566e+01	-5.538529e+02
5.200000e-07	-4.378156e-06	-8.343449e-09	-3.138615e+01	-5.472710e+02
5.300000e-07	-4.251096e-06	-8.238485e-09	-3.047528e+01	-5.404965e+02
5.400000e-07	-4.122459e-06	-8.132241e-09	-2.955310e+01	-5.335077e+02
5.500000e-07	-3.992333e-06	-8.018629e-09	-2.862026e+01	-5.262820e+02
5.600000e-07	-3.860681e-06	-7.900126e-09	-2.767647e+01	-5.187983e+02
5.700000e-07	-3.727494e-06	-7.779410e-09	-2.672168e+01	-5.110400e+02
5.800000e-07	-3.592932e-06	-7.656024e-09	-2.575703e+01	-5.029961e+02
5.900000e-07	-3.457021e-06	-7.528377e-09	-2.478271e+01	-4.946623e+02
6.000000e-07	-3.319698e-06	-7.397505e-09	-2.379827e+01	-4.860405e+02
6.100000e-07	-3.181052e-06	-7.265255e-09	-2.280434e+01	-4.771373e+02
6.200000e-07	-3.041123e-06	-7.128010e-09	-2.180122e+01	-4.679614e+02
6.300000e-07	-2.899872e-06	-6.986476e-09	-2.078862e+01	-4.585205e+02
6.400000e-07	-2.757359e-06	-6.840246e-09	-1.976697e+01	-4.488181e+02
6.500000e-07	-2.613742e-06	-6.688081e-09	-1.873741e+01	-4.388510e+02
6.600000e-07	-2.469276e-06	-6.526056e-09	-1.770176e+01	-4.286071e+02
6.700000e-07	-2.323983e-06	-6.359076e-09	-1.666018e+01	-4.180650e+02
6.800000e-07	-2.177781e-06	-6.189608e-09	-1.561209e+01	-4.071952e+02
6.900000e-07	-2.030823e-06	-6.014046e-09	-1.455858e+01	-3.959619e+02
7.000000e-07	-1.883300e-06	-5.835490e-09	-1.350101e+01	-3.843268e+02
7.100000e-07	-1.735195e-06	-5.653182e-09	-1.243927e+01	-3.722529e+02
7.200000e-07	-1.586529e-06	-5.466782e-09	-1.137352e+01	-3.597082e+02
7.300000e-07	-1.437452e-06	-5.271979e-09	-1.030481e+01	-3.466691e+02
7.400000e-07	-1.287922e-06	-5.067704e-09	-9.232861e+00	-3.331217e+02
7.500000e-07	-1.137932e-06	-4.853597e-09	-8.157615e+00	-3.190620e+02
7.600000e-07	-9.875518e-07	-4.629331e-09	-7.079566e+00	-3.044934e+02
7.700000e-07	-8.368212e-07	-4.399292e-09	-5.999008e+00	-2.894230e+02
7.800000e-07	-6.857968e-07	-4.163816e-09	-4.916344e+00	-2.738558e+02
7.900000e-07	-5.345464e-07	-3.920684e-09	-3.832059e+00	-2.577888e+02
8.000000e-07	-3.831555e-07	-3.669320e-09	-2.746767e+00	-2.412050e+02
8.100000e-07	-2.316003e-07	-3.409374e-09	-1.660297e+00	-2.240684e+02
8.200000e-07	-7.987299e-08	-3.138496e-09	-5.725939e-01	-2.063224e+02
8.300000e-07	7.192314e-08	-2.855357e-09	5.156030e-01	-1.878892e+02
8.400000e-07	2.236944e-07	-2.557330e-09	1.603621e+00	-1.686747e+02
8.500000e-07	3.754338e-07	-2.244084e-09	2.691411e+00	-1.485748e+02
8.600000e-07	5.270645e-07	-1.917395e-09	3.778422e+00	-1.274860e+02
8.700000e-07	6.785526e-07	-1.580261e-09	4.864412e+00	-1.053174e+02
8.800000e-07	8.298357e-07	-1.229152e-09	5.948931e+00	-8.200362e+01
8.900000e-07	9.808471e-07	-8.597890e-10	7.031502e+00	-5.751689e+01
9.000000e-07	1.131559e-06	-4.734286e-10	8.111927e+00	-3.187760e+01
9.100000e-07	1.281900e-06	-7.231152e-11	9.189689e+00	-5.161108e+00
9.200000e-07	1.431790e-06	3.427666e-10	1.026422e+01	2.249975e+01
9.300000e-07	1.581102e-06	7.756782e-10	1.133461e+01	5.091700e+01
9.400000e-07	1.729802e-06	1.222581e-09	1.240061e+01	7.985483e+01
9.500000e-07	1.877908e-06	1.677035e-09	1.346236e+01	1.090413e+02
9.600000e-07	2.025364e-06	2.130084e-09	1.451944e+01	1.381838e+02
9.700000e-07	2.172087e-06	2.572861e-09	1.557127e+01	1.669856e+02
9.800000e-07	2.318027e-06	3.002328e-09	1.661749e+01	1.951642e+02
9.900000e-07	2.463117e-06	3.415202e-09	1.765760e+01	2.224672e+02
1.000000e-06	2.607296e-06	3.809355e-09	1.869120e+01	2.486858e+02
1.010000e-06	2.750458e-06	4.182043e-09	1.971750e+01	2.736647e+02
1.020000e-06	2.892521e-06	4.534819e-09	2.073592e+01	2.973065e+02
1.030000e-06	3.033371e-06	4.867425e-09	2.174565e+01	3.195714e+02
1.040000e-06	3.172965e-06	5.182613e-09	2.274637e+01	3.404730e+02
1.050000e-06	3.311387e-06	5.483293e-09	2.373869e+01	3.600687e+02
1.060000e-06	3.448575e-06	5.767734e-09	2.472216e+01	3.784489e+02
1.070000e-06	3.584348e-06	6.035242e-09	2.569549e+01	3.957242e+02
1.080000e-06	3.718771e-06	6.285930e-09	2.665914e+01	4.120122e+02
1.090000e-06	3.851930e-06	6.522407e-09	2.761374e+01	4.274268e+02
1.100000e-06	3.983686e-06	6.745289e-09	2.855827e+01	4.420692e+02
1.110000e-06	4.114045e-06	6.955438e-09	2.949278e+01	4.560218e+02
1.120000e-06	4.243000e-06	7.155087e-09	3.041724e+01	4.693461e+02
1.130000e-06	4.370414e-06	7.346518e-09	3.133065e+01	4.820829e+02
1.140000e-06	4.496317e-06	7.530689e-09	3.223322e+01	4.942559e+02
1.150000e-06	4.620694e-06	7.707825e-09	3.312485e+01	5.058759e+02
1.160000e-06	4.743476e-06	7.876245e-09	3.400505e+01	5.169471e+02
1.170000e-06	4.864592e-06	8.035137e-09	3.487332e+01	5.274723e+02
1.180000e-06	4.983869e-06	8.185018e-09	3.572839e+01	5.374577e+02
1.190000e-06	5.101288e-06	8.328195e-09	3.657014e+01	5.469159e+02
1.200000e-06	5.216818e-06	8.464829e-09	3.739835e+01	5.558677e+02
1.210000e-06	5.330325e-06	8.594932e-09	3.821206e+01	5.643413e+02
1.220000e-06	5.441800e-06	8.717757e-09	3.901120e+01	5.723711e+02
1.230000e-06	5.551362e-06	8.835901e-09	3.979663e+01	5.799946e+02
1.240000e-06	5.659008e-06	8.952392e-09	4.056833e+01	5.872491e+02
1.250000e-06	5.764625e-06	9.064018e-09	4.132547e+01	5.941692e+02
1.260000e-06	5.868090e-06	9.167561e-09	4.206719e+01	6.007840e+02
1.270000e-06	5.969346e-06	9.262428e-09	4.279308e+01	6.071160e+02
1.280000e-06	6.068395e-06	9.351743e-09	4.350314e+01	6.131806e+02
1.290000e-06	6.165146e-06	9.435291e-09	4.419673e+01	6.189873e+02
1.300000e-06	6.259618e-06	9.514009e-09	4.487398e+01	6.245411e+02
1.310000e-06	6.351900e-06	9.589797e-09	4.553553e+01	6.298448e+02
1.320000e-06	6.441949e-06	9.663946e-09	4.618108e+01	6.349012e+02
1.330000e-06	6.529684e-06	9.737410e-09	4.681003e+01	6.397149e+02
1.340000e-06	6.615091e-06	9.808989e-09	4.742230e+01	6.442934e+02
1.350000e-06	6.698214e-06	9.879153e-09	4.801819e+01	6.486476e+02
1.360000e-06	6.778919e-06	9.946525e-09	4.859675e+01	6.527912e+02
1.370000e-06	6.857088e-06	1.000747e-08	4.915713e+01	6.567392e+02
1.380000e-06	6.932674e-06	1.006267e-08	4.969899e+01	6.605067e+02
1.390000e-06	7.005585e-06	1.011509e-08	5.022168e+01	6.641064e+02
1.400000e-06	7.075937e-06	1.016624e-08	5.072602e+01	6.675475e+02
1.410000e-06	7.143844e-06	1.021528e-08	5.121283e+01	6.708340e+02
1.420000e-06	7.209175e-06	1.026217e-08	5.168117e+01	6.739653e+02
1.430000e-06	7.271972e-06	1.030794e-08	5.213135e+01	6.769355e+02
1.440000e-06	7.332379e-06	1.035203e-08	5.256440e+01	6.797359e+02
1.450000e-06	7.390184e-06	1.039377e-08	5.297879e+01	6.823558e+02
1.460000e-06	7.445326e-06	1.043114e-08	5.337409e+01	6.847853e+02
1.470000e-06	7.497686e-06	1.046380e-08	5.374945e+01	6.870173e+02
1.480000e-06	7.546977e-06	1.049186e-08	5.410281e+01	6.890491e+02
1.490000e-06	7.593350e-06	1.051766e-08	5.443524e+01	6.908834e+02
1.500000e-06	7.637064e-06	1.054174e-08	5.474862e+01	6.925289e+02
1.510000e-06	7.678047e-06	1.056438e-08	5.504243e+01	6.939993e+02
1.520000e-06	7.716272e-06	1.058572e-08	5.531645e+01	6.953121e+02
1.530000e-06	7.751852e-06	1.060389e-08	5.557152e+01	6.964867e+02
1.540000e-06	7.784624e-06	1.062192e-08	5.580646e+01	6.975419e+02
1.550000e-06	7.814602e-06	1.064011e-08	5.602136e+01	6.984944e+02
1.560000e-06	7.841828e-06	1.065607e-08	5.621654e+01	6.993562e+02
1.570000e-06	7.866170e-06	1.066834e-08	5.639104e+01	7.001342e+02
1.580000e-06	7.887735e-06	1.067674e-08	5.654564e+01	7.008296e+02
1.590000e-06	7.906633e-06	1.068356e-08	5.668111e+01	7.014382e+02
1.600000e-06	7.922599e-06	1.069012e-08	5.679557e+01	7.019518e+02
1.610000e-06	7.935431e-06	1.069660e-08	5.688756e+01	7.023598e+02
1.620000e-06	7.945135e-06	1.070289e-08	5.695712e+01	7.026513e+02
1.630000e-06	7.951829e-06	1.070823e-08	5.700512e+01	7.028168e+02
1.640000e-06	7.955768e-06	1.071197e-08	5.703336e+01	7.028498e+02
1.650000e-06	7.956905e-06	1.071268e-08	5.704150e+01	7.027482e+02
1.660000e-06	7.955281e-06	1.070790e-08	5.702986e+01	7.025143e+02
1.670000e-06	7.951092e-06	1.069993e-08	5.699983e+01	7.021549e+02
1.680000e-06	7.944213e-06	1.069183e-08	5.695052e+01	7.016806e+02
1.690000e-06	7.934643e-06	1.068368e-08	5.688191e+01	7.011041e+02
1.700000e-06	7.922387e-06	1.067577e-08	5.679405e+01	7.004391e+02
1.710000e-06	7.907342e-06	1.066898e-08	5.668620e+01	6.996989e+02
1.720000e-06	7.889737e-06	1.065911e-08	5.655999e+01	6.988947e+02
1.730000e-06	7.869873e-06	1.062772e-08	5.641759e+01	6.980352e+02
1.740000e-06	7.847478e-06	1.056580e-08	5.625704e+01	6.971258e+02
1.750000e-06	7.821884e-06	1.053707e-08	5.607357e+01	6.961685e+02
1.760000e-06	7.792755e-06	1.055319e-08	5.586475e+01	6.951622e+02
1.770000e-06	7.760363e-06	1.054683e-08	5.563253e+01	6.941034e+02
1.780000e-06	7.725435e-06	1.052876e-08	5.538214e+01	6.929864e+02
1.790000e-06	7.688223e-06	1.054766e-08	5.511537e+01	6.918041e+02
1.800000e-06	7.648799e-06	1.055788e-08	5.483275e+01	6.905486e+02
1.810000e-06	7.607300e-06	1.050509e-08	5.453525e+01	6.892113e+02
1.820000e-06	7.563326e-06	1.049473e-08	5.422001e+01	6.877829e+02
1.830000e-06	7.516693e-06	1.049440e-08	5.388571e+01	6.862540e+02
1.840000e-06	7.467352e-06	1.045805e-08	5.353200e+01	6.846143e+02
1.850000e-06	7.415011e-06	1.044518e-08	5.315677e+01	6.828536e+02
1.860000e-06	7.359765e-06	1.039841e-08	5.276073e+01	6.809615e+02
1.870000e-06	7.301842e-06	1.037000e-08	5.234548e+01	6.789279e+02
1.880000e-06	7.241309e-06	1.032621e-08	5.191154e+01	6.767441e+02
1.890000e-06	7.178051e-06	1.029249e-08	5.145805e+01	6.744032e+02
1.900000e-06	7.111992e-06	1.028516e-08	5.098448e+01	6.719010e+02
1.910000e-06	7.043214e-06	1.021469e-08	5.049143e+01	6.692367e+02
1.920000e-06	6.971626e-06	1.017774e-08	4.997823e+01	6.664133e+02
1.930000e-06	6.897352e-06	1.012477e-08	4.944577e+01	6.634372e+02
1.940000e-06	6.820395e-06	1.007384e-08	4.889409e+01	6.603178e+02
1.950000e-06	6.740737e-06	1.003667e-08	4.832303e+01	6.570667e+02
1.960000e-06	6.658609e-06	9.978385e-09	4.773427e+01	6.536957e+02
1.970000e-06	6.574002e-06	9.939373e-09	4.712774e+01	6.502156e+02
1.980000e-06	6.486913e-06	9.871308e-09	4.650341e+01	6.466345e+02
1.990000e-06	6.397500e-06	9.816572e-09	4.586243e+01	6.429561e+02
2.000000e-06	6.305916e-06	9.762694e-09	4.520589e+01	6.391793e+02
2.010000e-06	6.212075e-06	9.698872e-09	4.453316e+01	6.352975e+02
2.020000e-06	6.115954e-06	9.637997e-09	4.384409e+01	6.312995e+02
2.030000e-06	6.017659e-06	9.570125e-09	4.313943e+01	6.271704e+02
2.040000e-06	5.917235e-06	9.506153e-09	4.241950e+01	6.228936e+02
2.050000e-06	5.814710e-06	9.434084e-09	4.168452e+01	6.184524e+02
2.060000e-06	5.710118e-06	9.368360e-09	4.093473e+01	6.138325e+02
2.070000e-06	5.603614e-06	9.295145e-09	4.017122e+01	6.090237e+02
2.080000e-06	5.495177e-06	9.213207e-09	3.939385e+01	6.040206e+02
2.090000e-06	5.384725e-06	9.130397e-09	3.860205e+01	5.988234e+02
2.100000e-06	5.272290e-06	9.052690e-09	3.779602e+01	5.934371e+02
2.110000e-06	5.157935e-06	8.973374e-09	3.697623e+01	5.878703e+02
2.120000e-06	5.041592e-06	8.889934e-09	3.614219e+01	5.821330e+02
2.130000e-06	4.923178e-06	8.800050e-09	3.529331e+01	5.762345e+02
2.140000e-06	4.802897e-06	8.700776e-09	3.443103e+01	5.701809e+02
2.150000e-06	4.680912e-06	8.603435e-09	3.355655e+01	5.639732e+02
2.160000e-06	4.557227e-06	8.508460e-09	3.266987e+01	5.576065e+02
2.170000e-06	4.431812e-06	8.414271e-09	3.177079e+01	5.510693e+02
2.180000e-06	4.304768e-06	8.312247e-09	3.086005e+01	5.443444e+02
2.190000e-06	4.176182e-06	8.205201e-09	2.993823e+01	5.374108e+02
2.200000e-06	4.046069e-06	8.093918e-09	2.900548e+01	5.302458e+02
2.210000e-06	3.914481e-06	7.980723e-09	2.806215e+01	5.228279e+02
2.220000e-06	3.781380e-06	7.864526e-09	2.710798e+01	5.151390e+02
2.230000e-06	3.646832e-06	7.745139e-09	2.614343e+01	5.071667e+02
2.240000e-06	3.510983e-06	7.620254e-09	2.516955e+01	4.989049e+02
2.250000e-06	3.373824e-06	7.487596e-09	2.418629e+01	4.903541e+02
2.260000e-06	3.235379e-06	7.353996e-09	2.319380e+01	4.815200e+02
2.270000e-06	3.095702e-06	7.221048e-09	2.219248e+01	4.724109e+02
2.280000e-06	2.954735e-06	7.081171e-09	2.118192e+01	4.630352e+02
2.290000e-06	2.812592e-06	6.932016e-09	2.016293e+01	4.533977e+02
2.300000e-06	2.669425e-06	6.780155e-09	1.913659e+01	4.434970e+02
2.310000e-06	2.525290e-06	6.626187e-09	1.810331e+01	4.333234e+02
2.320000e-06	2.380249e-06	6.470587e-09	1.706354e+01	4.228579e+02
2.330000e-06	2.234430e-06	6.308953e-09	1.601819e+01	4.120726e+02
2.340000e-06	2.087915e-06	6.137003e-09	1.496786e+01	4.009332e+02
2.350000e-06	1.940710e-06	5.954240e-09	1.391257e+01	3.894017e+02
2.360000e-06	1.792842e-06	5.765962e-09	1.285253e+01	3.774402e+02
2.370000e-06	1.644345e-06	5.576902e-09	1.178799e+01	3.650153e+02
2.380000e-06	1.495320e-06	5.382158e-09	1.071966e+01	3.521010e+02
2.390000e-06	1.345772e-06	5.179997e-09	9.647577e+00	3.386809e+02
2.400000e-06	1.195763e-06	4.969131e-09	8.572194e+00	3.247486e+02
2.410000e-06	1.045375e-06	4.749789e-09	7.494092e+00	3.103062e+02
2.420000e-06	8.946316e-07	4.523197e-09	6.413440e+00	2.953600e+02
2.430000e-06	7.436416e-07	4.289790e-09	5.331022e+00	2.799164e+02
2.440000e-06	5.924916e-07	4.048741e-09	4.247457e+00	2.639748e+02
2.450000e-06	4.411574e-07	3.796625e-09	3.162571e+00	2.475222e+02
2.460000e-06	2.896268e-07	3.534233e-09	2.076278e+00	2.305279e+02
2.470000e-06	1.379665e-07	3.263365e-09	9.890546e-01	2.129402e+02
2.480000e-06	-1.384276e-08	2.982326e-09	-9.923602e-02	1.946866e+02
2.490000e-06	-1.656729e-07	2.689910e-09	-1.187677e+00	1.756764e+02
2.500000e-06	-3.174164e-07	2.383603e-09	-2.275497e+00	1.558072e+02
2.510000e-06	-4.690868e-07	2.063027e-09	-3.362792e+00	1.349744e+02
2.520000e-06	-6.206180e-07	1.729098e-09	-4.449089e+00	1.130826e+02
2.530000e-06	-7.719089e-07	1.380232e-09	-5.533665e+00	9.005888e+01
2.540000e-06	-9.229067e-07	1.019089e-09	-6.616139e+00	6.586498e+01
2.550000e-06	-1.073664e-06	6.414415e-10	-7.696887e+00	4.050849e+01
2.560000e-06	-1.224041e-06	2.422575e-10	-8.774911e+00	1.405058e+01
2.570000e-06	-1.373957e-06	-1.760267e-10	-9.849633e+00	-1.339026e+01
2.580000e-06	-1.523420e-06	-6.082362e-10	-1.092110e+01	-4.163933e+01
2.590000e-06	-1.672368e-06	-1.050263e-09	-1.198888e+01	-7.047184e+01
2.600000e-06	-1.820756e-06	-1.501118e-09	-1.305265e+01	-9.962361e+01
2.610000e-06	-1.968368e-06	-1.954068e-09	-1.411085e+01	-1.288055e+02
2.620000e-06	-2.115122e-06	-2.403767e-09	-1.516289e+01	-1.577203e+02
2.630000e-06	-2.261107e-06	-2.842040e-09	-1.620944e+01	-1.860803e+02
2.640000e-06	-2.406265e-06	-3.261237e-09	-1.725004e+01	-2.136242e+02
2.650000e-06	-2.550481e-06	-3.661846e-09	-1.828390e+01	-2.401312e+02
2.660000e-06	-2.693695e-06	-4.045023e-09	-1.931058e+01	-2.654320e+02
2.670000e-06	-2.835839e-06	-4.410140e-09	-2.032958e+01	-2.894145e+02
2.680000e-06	-2.976926e-06	-4.753239e-09	-2.134101e+01	-3.120248e+02
2.690000e-06	-3.116846e-06	-5.074506e-09	-2.234406e+01	-3.332639e+02
2.700000e-06	-3.255492e-06	-5.377713e-09	-2.333799e+01	-3.531792e+02
2.710000e-06	-3.392880e-06	-5.664397e-09	-2.432289e+01	-3.718540e+02
2.720000e-06	-3.528953e-06	-5.934881e-09	-2.529837e+01	-3.893951e+02
2.730000e-06	-3.663773e-06	-6.190519e-09	-2.626488e+01	-4.059194e+02
2.740000e-06	-3.797269e-06	-6.432240e-09	-2.722188e+01	-4.215428e+02
2.750000e-06	-3.929298e-06	-6.661307e-09	-2.816837e+01	-4.363702e+02
2.760000e-06	-4.059942e-06	-6.880392e-09	-2.910493e+01	-4.504892e+02
2.770000e-06	-4.189230e-06	-7.090961e-09	-3.003178e+01	-4.639664e+02
2.780000e-06	-4.317042e-06	-7.290990e-09	-3.094803e+01	-4.768478e+02
2.790000e-06	-4.443423e-06	-7.479024e-09	-3.185404e+01	-4.891609e+02
2.800000e-06	-4.568340e-06	-7.654720e-09	-3.274954e+01	-5.009191e+02
2.810000e-06	-4.691588e-06	-7.820298e-09	-3.363308e+01	-5.121278e+02
2.820000e-06	-4.813133e-06	-7.979138e-09	-3.450442e+01	-5.227896e+02
2.830000e-06	-4.932957e-06	-8.130247e-09	-3.536341e+01	-5.329095e+02
2.840000e-06	-5.050916e-06	-8.275643e-09	-3.620903e+01	-5.424984e+02
2.850000e-06	-5.166801e-06	-8.416095e-09	-3.703979e+01	-5.515749e+02
2.860000e-06	-5.280519e-06	-8.549077e-09	-3.785501e+01	-5.601656e+02
2.870000e-06	-5.392127e-06	-8.674930e-09	-3.865511e+01	-5.683034e+02
2.880000e-06	-5.501758e-06	-8.793718e-09	-3.944103e+01	-5.760254e+02
2.890000e-06	-5.609493e-06	-8.906551e-09	-4.021336e+01	-5.833693e+02
2.900000e-06	-5.715303e-06	-9.013975e-09	-4.097189e+01	-5.903705e+02
2.910000e-06	-5.819061e-06	-9.117361e-09	-4.171572e+01	-5.970598e+02
2.920000e-06	-5.920599e-06	-9.216336e-09	-4.244362e+01	-6.034613e+02
2.930000e-06	-6.019929e-06	-9.309445e-09	-4.315570e+01	-6.095921e+02
2.940000e-06	-6.117133e-06	-9.398176e-09	-4.385254e+01	-6.154632e+02
2.950000e-06	-6.212201e-06	-9.483581e-09	-4.453406e+01	-6.210804e+02
2.960000e-06	-6.304975e-06	-9.564469e-09	-4.519914e+01	-6.264469e+02
2.970000e-06	-6.395437e-06	-9.640065e-09	-4.584764e+01	-6.315653e+02
2.980000e-06	-6.483637e-06	-9.712946e-09	-4.647993e+01	-6.364396e+02
2.990000e-06	-6.569434e-06	-9.783943e-09	-4.709499e+01	-6.410766e+02
3.000000e-06	-6.652847e-06	-9.853843e-09	-4.769297e+01	-6.454862e+02
3.010000e-06	-6.733943e-06	-9.922207e-09	-4.827433e+01	-6.496815e+02
3.020000e-06	-6.812579e-06	-9.988159e-09	-4.883805e+01	-6.536775e+02
3.030000e-06	-6.888534e-06	-1.004966e-08	-4.938256e+01	-6.574894e+02
3.040000e-06	-6.961892e-06	-1.010565e-08	-4.990845e+01	-6.611305e+02
3.050000e-06	-7.032766e-06	-1.015785e-08	-5.041653e+01	-6.646111e+02
3.060000e-06	-7.101082e-06	-1.020798e-08	-5.090627e+01	-6.679367e+02
3.070000e-06	-7.166893e-06	-1.025630e-08	-5.137806e+01	-6.711076e+02
3.080000e-06	-7.230193e-06	-1.030070e-08	-5.183185e+01	-6.741194e+02
3.090000e-06	-7.290892e-06	-1.034095e-08	-5.226698e+01	-6.769637e+02
3.100000e-06	-7.349059e-06	-1.037984e-08	-5.268397e+01	-6.796302e+02
3.110000e-06	-7.404598e-06	-1.041737e-08	-5.308213e+01	-6.821086e+02
3.120000e-06	-7.457222e-06	-1.045263e-08	-5.345937e+01	-6.843910e+02
3.130000e-06	-7.506802e-06	-1.048575e-08	-5.381481e+01	-6.864733e+02
3.140000e-06	-7.553434e-06	-1.051543e-08	-5.414910e+01	-6.883569e+02
3.150000e-06	-7.597494e-06	-1.054154e-08	-5.446495e+01	-6.900490e+02
3.160000e-06	-7.639129e-06	-1.056509e-08	-5.476343e+01	-6.915622e+02
3.170000e-06	-7.678068e-06	-1.058710e-08	-5.504258e+01	-6.929131e+02
3.180000e-06	-7.714258e-06	-1.060756e-08	-5.530202e+01	-6.941209e+02
3.190000e-06	-7.747773e-06	-1.062448e-08	-5.554227e+01	-6.952048e+02
3.200000e-06	-7.778467e-06	-1.063845e-08	-5.576232e+01	-6.961821e+02
3.210000e-06	-7.806291e-06	-1.065121e-08	-5.596178e+01	-6.970663e+02
3.220000e-06	-7.831347e-06	-1.066375e-08	-5.614140e+01	-6.978654e+02
3.230000e-06	-7.853575e-06	-1.067373e-08	-5.630075e+01	-6.985822e+02
3.240000e-06	-7.872980e-06	-1.068139e-08	-5.643986e+01	-6.992136e+02
3.250000e-06	-7.889584e-06	-1.068831e-08	-5.655889e+01	-6.997524e+02
3.260000e-06	-7.903113e-06	-1.069294e-08	-5.665588e+01	-7.001884e+02
3.270000e-06	-7.913584e-06	-1.069510e-08	-5.673094e+01	-7.005105e+02
3.280000e-06	-7.921171e-06	-1.069353e-08	-5.678533e+01	-7.007088e+02
3.290000e-06	-7.925874e-06	-1.068994e-08	-5.681905e+01	-7.007758e+02
3.300000e-06	-7.927792e-06	-1.068666e-08	-5.683280e+01	-7.007083e+02
