# Temperatura_=_55.58
# Concentracion g/m^3_=_10000.0
# C_Vs_to_Am_M_A/Vsm_=_65563218390.804596
# pendiente_HvsI_1/m_=_3716.3
# ordenada_HvsI_A/m_=_1297.0
# frecuencia_Hz_=_302621.3878230649

Tiempo_(s)	Campo_(V.s)	Magnetizacion_(V.s)	Campo_(kA/m)	Magnetizacion_(A/m)
0.000000e+00	-7.949505e-06	-1.075727e-08	-5.681267e+01	-7.047391e+02
1.000000e-08	-7.944799e-06	-1.075469e-08	-5.677904e+01	-7.043573e+02
2.000000e-08	-7.937507e-06	-1.074720e-08	-5.672693e+01	-7.038698e+02
3.000000e-08	-7.927497e-06	-1.073890e-08	-5.665539e+01	-7.032908e+02
4.000000e-08	-7.914624e-06	-1.072970e-08	-5.656339e+01	-7.026345e+02
5.000000e-08	-7.898821e-06	-1.071972e-08	-5.645045e+01	-7.019134e+02
6.000000e-08	-7.880372e-06	-1.071056e-08	-5.631860e+01	-7.011369e+02
7.000000e-08	-7.859666e-06	-1.070462e-08	-5.617062e+01	-7.003107e+02
8.000000e-08	-7.836389e-06	-1.071224e-08	-5.600427e+01	-6.994363e+02
9.000000e-08	-7.810041e-06	-1.071556e-08	-5.581597e+01	-6.985113e+02
1.000000e-07	-7.780515e-06	-1.069555e-08	-5.560495e+01	-6.975301e+02
1.100000e-07	-7.748083e-06	-1.065846e-08	-5.537317e+01	-6.964848e+02
1.200000e-07	-7.712934e-06	-1.063032e-08	-5.512197e+01	-6.953662e+02
1.300000e-07	-7.675287e-06	-1.060390e-08	-5.485292e+01	-6.941647e+02
1.400000e-07	-7.635401e-06	-1.055528e-08	-5.456787e+01	-6.928712e+02
1.500000e-07	-7.593252e-06	-1.050696e-08	-5.426664e+01	-6.914771e+02
1.600000e-07	-7.548578e-06	-1.051969e-08	-5.394737e+01	-6.899749e+02
1.700000e-07	-7.501196e-06	-1.052356e-08	-5.360874e+01	-6.883577e+02
1.800000e-07	-7.450976e-06	-1.045107e-08	-5.324984e+01	-6.866193e+02
1.900000e-07	-7.397785e-06	-1.043977e-08	-5.286970e+01	-6.847533e+02
2.000000e-07	-7.341762e-06	-1.039852e-08	-5.246932e+01	-6.827537e+02
2.100000e-07	-7.283072e-06	-1.033648e-08	-5.204988e+01	-6.806144e+02
2.200000e-07	-7.221791e-06	-1.033248e-08	-5.161193e+01	-6.783296e+02
2.300000e-07	-7.157873e-06	-1.029730e-08	-5.115512e+01	-6.758947e+02
2.400000e-07	-7.091186e-06	-1.025663e-08	-5.067853e+01	-6.733062e+02
2.500000e-07	-7.021819e-06	-1.021228e-08	-5.018278e+01	-6.705633e+02
2.600000e-07	-6.949745e-06	-1.017875e-08	-4.966770e+01	-6.676673e+02
2.700000e-07	-6.874901e-06	-1.013653e-08	-4.913281e+01	-6.646226e+02
2.800000e-07	-6.797295e-06	-1.008702e-08	-4.857818e+01	-6.614362e+02
2.900000e-07	-6.716974e-06	-1.004193e-08	-4.800415e+01	-6.581168e+02
3.000000e-07	-6.634200e-06	-9.982099e-09	-4.741259e+01	-6.546739e+02
3.100000e-07	-6.549097e-06	-9.930130e-09	-4.680438e+01	-6.511166e+02
3.200000e-07	-6.461638e-06	-9.869597e-09	-4.617934e+01	-6.474520e+02
3.300000e-07	-6.371853e-06	-9.805472e-09	-4.553768e+01	-6.436839e+02
3.400000e-07	-6.279783e-06	-9.752974e-09	-4.487968e+01	-6.398121e+02
3.500000e-07	-6.185491e-06	-9.696858e-09	-4.420581e+01	-6.358318e+02
3.600000e-07	-6.088870e-06	-9.639038e-09	-4.351528e+01	-6.317339e+02
3.700000e-07	-5.990015e-06	-9.570963e-09	-4.280880e+01	-6.275059e+02
3.800000e-07	-5.889082e-06	-9.501668e-09	-4.208746e+01	-6.231333e+02
3.900000e-07	-5.786007e-06	-9.431833e-09	-4.135082e+01	-6.186013e+02
4.000000e-07	-5.680821e-06	-9.354526e-09	-4.059909e+01	-6.138965e+02
4.100000e-07	-5.573651e-06	-9.275677e-09	-3.983317e+01	-6.090086e+02
4.200000e-07	-5.464556e-06	-9.204620e-09	-3.905350e+01	-6.039315e+02
4.300000e-07	-5.353549e-06	-9.139284e-09	-3.826017e+01	-5.986636e+02
4.400000e-07	-5.240492e-06	-9.056394e-09	-3.745219e+01	-5.932077e+02
4.500000e-07	-5.125287e-06	-8.962932e-09	-3.662885e+01	-5.875696e+02
4.600000e-07	-5.008159e-06	-8.873163e-09	-3.579178e+01	-5.817569e+02
4.700000e-07	-4.889282e-06	-8.781972e-09	-3.494219e+01	-5.757764e+02
4.800000e-07	-4.768586e-06	-8.683763e-09	-3.407962e+01	-5.696327e+02
4.900000e-07	-4.646072e-06	-8.587673e-09	-3.320405e+01	-5.633262e+02
5.000000e-07	-4.521931e-06	-8.495311e-09	-3.231685e+01	-5.568520e+02
5.100000e-07	-4.396224e-06	-8.393315e-09	-3.141846e+01	-5.501998e+02
5.200000e-07	-4.268870e-06	-8.283853e-09	-3.050830e+01	-5.433544e+02
5.300000e-07	-4.139872e-06	-8.175497e-09	-2.958640e+01	-5.362973e+02
5.400000e-07	-4.009352e-06	-8.064175e-09	-2.865361e+01	-5.290085e+02
5.500000e-07	-3.877345e-06	-7.946347e-09	-2.771019e+01	-5.214688e+02
5.600000e-07	-3.743833e-06	-7.823702e-09	-2.675602e+01	-5.136621e+02
5.700000e-07	-3.608854e-06	-7.699638e-09	-2.579137e+01	-5.055768e+02
5.800000e-07	-3.472433e-06	-7.572502e-09	-2.481641e+01	-4.972069e+02
5.900000e-07	-3.334680e-06	-7.438661e-09	-2.383194e+01	-4.885516e+02
6.000000e-07	-3.195664e-06	-7.302198e-09	-2.283843e+01	-4.796142e+02
6.100000e-07	-3.055316e-06	-7.164311e-09	-2.183540e+01	-4.703999e+02
6.200000e-07	-2.913614e-06	-7.023001e-09	-2.082270e+01	-4.609135e+02
6.300000e-07	-2.770739e-06	-6.877933e-09	-1.980162e+01	-4.511560e+02
6.400000e-07	-2.626881e-06	-6.727315e-09	-1.877351e+01	-4.411226e+02
6.500000e-07	-2.482048e-06	-6.567397e-09	-1.773844e+01	-4.308010e+02
6.600000e-07	-2.336396e-06	-6.398069e-09	-1.669751e+01	-4.201705e+02
6.700000e-07	-2.190006e-06	-6.223508e-09	-1.565130e+01	-4.092035e+02
6.800000e-07	-2.042797e-06	-6.046010e-09	-1.459925e+01	-3.978666e+02
6.900000e-07	-1.894886e-06	-5.866428e-09	-1.354217e+01	-3.861245e+02
7.000000e-07	-1.746351e-06	-5.681786e-09	-1.248064e+01	-3.739429e+02
7.100000e-07	-1.597286e-06	-5.490572e-09	-1.141532e+01	-3.612926e+02
7.200000e-07	-1.447816e-06	-5.292369e-09	-1.034710e+01	-3.481517e+02
7.300000e-07	-1.297952e-06	-5.087457e-09	-9.276067e+00	-3.345076e+02
7.400000e-07	-1.147596e-06	-4.875928e-09	-8.201515e+00	-3.203563e+02
7.500000e-07	-9.967305e-07	-4.654973e-09	-7.123327e+00	-3.057009e+02
7.600000e-07	-8.454151e-07	-4.424548e-09	-6.041922e+00	-2.905471e+02
7.700000e-07	-6.937247e-07	-4.186719e-09	-4.957838e+00	-2.748982e+02
7.800000e-07	-5.418310e-07	-3.941226e-09	-3.872300e+00	-2.587493e+02
7.900000e-07	-3.897507e-07	-3.687253e-09	-2.785429e+00	-2.420813e+02
8.000000e-07	-2.374695e-07	-3.423556e-09	-1.697122e+00	-2.248566e+02
8.100000e-07	-8.509953e-08	-3.147520e-09	-6.081802e-01	-2.070167e+02
8.200000e-07	6.728752e-08	-2.861719e-09	4.808832e-01	-1.884826e+02
8.300000e-07	2.197175e-07	-2.564580e-09	1.570254e+00	-1.691591e+02
8.400000e-07	3.721167e-07	-2.251718e-09	2.659404e+00	-1.489412e+02
8.500000e-07	5.243878e-07	-1.923349e-09	3.747638e+00	-1.277246e+02
8.600000e-07	6.765415e-07	-1.584002e-09	4.835034e+00	-1.054177e+02
8.700000e-07	8.285093e-07	-1.231017e-09	5.921102e+00	-8.195439e+01
8.800000e-07	9.801573e-07	-8.596969e-10	7.004883e+00	-5.730630e+01
8.900000e-07	1.131436e-06	-4.703314e-10	8.086022e+00	-3.149345e+01
9.000000e-07	1.282239e-06	-6.412949e-11	9.163768e+00	-4.591140e+00
9.100000e-07	1.432507e-06	3.560951e-10	1.023769e+01	2.326728e+01
9.200000e-07	1.582295e-06	7.914012e-10	1.130818e+01	5.189260e+01
9.300000e-07	1.731542e-06	1.240306e-09	1.237480e+01	8.104695e+01
9.400000e-07	1.880088e-06	1.697760e-09	1.343641e+01	1.104555e+02
9.500000e-07	2.027887e-06	2.153783e-09	1.449269e+01	1.398217e+02
9.600000e-07	2.174985e-06	2.600101e-09	1.554395e+01	1.688447e+02
9.700000e-07	2.321343e-06	3.033778e-09	1.658992e+01	1.972369e+02
9.800000e-07	2.466905e-06	3.449882e-09	1.763021e+01	2.247413e+02
9.900000e-07	2.611578e-06	3.846098e-09	1.866415e+01	2.511447e+02
1.000000e-06	2.755251e-06	4.220857e-09	1.969094e+01	2.762880e+02
1.010000e-06	2.897868e-06	4.575877e-09	2.071017e+01	3.000715e+02
1.020000e-06	3.039314e-06	4.911082e-09	2.172105e+01	3.224545e+02
1.030000e-06	3.179418e-06	5.226711e-09	2.272233e+01	3.434507e+02
1.040000e-06	3.318263e-06	5.524462e-09	2.371460e+01	3.631198e+02
1.050000e-06	3.455941e-06	5.807457e-09	2.469855e+01	3.815552e+02
1.060000e-06	3.592218e-06	6.077343e-09	2.567248e+01	3.988714e+02
1.070000e-06	3.727061e-06	6.330067e-09	2.663616e+01	4.151908e+02
1.080000e-06	3.860580e-06	6.566480e-09	2.759038e+01	4.306318e+02
1.090000e-06	3.992683e-06	6.788447e-09	2.853448e+01	4.452996e+02
1.100000e-06	4.123351e-06	6.999776e-09	2.946833e+01	4.592801e+02
1.110000e-06	4.252636e-06	7.202246e-09	3.039229e+01	4.726371e+02
1.120000e-06	4.380419e-06	7.393939e-09	3.130551e+01	4.854126e+02
1.130000e-06	4.506669e-06	7.578522e-09	3.220778e+01	4.976302e+02
1.140000e-06	4.631395e-06	7.755372e-09	3.309916e+01	5.092999e+02
1.150000e-06	4.754553e-06	7.921370e-09	3.397933e+01	5.204244e+02
1.160000e-06	4.876106e-06	8.078468e-09	3.484803e+01	5.310046e+02
1.170000e-06	4.995833e-06	8.228074e-09	3.570368e+01	5.410450e+02
1.180000e-06	5.113697e-06	8.374400e-09	3.654602e+01	5.505568e+02
1.190000e-06	5.229669e-06	8.513487e-09	3.737484e+01	5.595600e+02
1.200000e-06	5.343613e-06	8.644163e-09	3.818916e+01	5.680826e+02
1.210000e-06	5.455515e-06	8.768305e-09	3.898889e+01	5.761597e+02
1.220000e-06	5.565450e-06	8.888991e-09	3.977456e+01	5.838295e+02
1.230000e-06	5.673422e-06	9.006912e-09	4.054620e+01	5.911310e+02
1.240000e-06	5.779350e-06	9.115893e-09	4.130324e+01	5.980999e+02
1.250000e-06	5.883137e-06	9.216611e-09	4.204497e+01	6.047664e+02
1.260000e-06	5.984788e-06	9.311191e-09	4.277145e+01	6.111535e+02
1.270000e-06	6.084255e-06	9.402346e-09	4.348230e+01	6.172766e+02
1.280000e-06	6.181365e-06	9.488875e-09	4.417632e+01	6.231442e+02
1.290000e-06	6.276211e-06	9.570112e-09	4.485415e+01	6.287599e+02
1.300000e-06	6.368825e-06	9.648326e-09	4.551604e+01	6.341245e+02
1.310000e-06	6.459146e-06	9.724854e-09	4.616153e+01	6.392385e+02
1.320000e-06	6.547119e-06	9.799633e-09	4.679025e+01	6.441044e+02
1.330000e-06	6.632796e-06	9.870880e-09	4.740256e+01	6.487279e+02
1.340000e-06	6.716188e-06	9.939240e-09	4.799854e+01	6.531185e+02
1.350000e-06	6.797211e-06	1.000447e-08	4.857758e+01	6.572895e+02
1.360000e-06	6.875734e-06	1.006538e-08	4.913876e+01	6.612563e+02
1.370000e-06	6.951619e-06	1.012277e-08	4.968108e+01	6.650349e+02
1.380000e-06	7.024889e-06	1.017699e-08	5.020473e+01	6.686399e+02
1.390000e-06	7.095614e-06	1.022899e-08	5.071018e+01	6.720825e+02
1.400000e-06	7.163810e-06	1.027967e-08	5.119755e+01	6.753693e+02
1.410000e-06	7.229417e-06	1.032862e-08	5.166642e+01	6.785017e+02
1.420000e-06	7.292431e-06	1.037382e-08	5.211677e+01	6.814758e+02
1.430000e-06	7.353014e-06	1.041498e-08	5.254973e+01	6.842842e+02
1.440000e-06	7.411102e-06	1.045360e-08	5.296487e+01	6.869171e+02
1.450000e-06	7.466537e-06	1.048937e-08	5.336105e+01	6.893647e+02
1.460000e-06	7.519145e-06	1.052209e-08	5.373702e+01	6.916193e+02
1.470000e-06	7.568614e-06	1.055259e-08	5.409056e+01	6.936774e+02
1.480000e-06	7.615106e-06	1.058332e-08	5.442283e+01	6.955405e+02
1.490000e-06	7.659041e-06	1.061155e-08	5.473682e+01	6.972159e+02
1.500000e-06	7.700273e-06	1.063540e-08	5.503149e+01	6.987160e+02
1.510000e-06	7.738685e-06	1.065620e-08	5.530601e+01	7.000571e+02
1.520000e-06	7.774419e-06	1.067383e-08	5.556139e+01	7.012577e+02
1.530000e-06	7.807403e-06	1.069101e-08	5.579711e+01	7.023359e+02
1.540000e-06	7.837623e-06	1.070750e-08	5.601309e+01	7.033078e+02
1.550000e-06	7.865094e-06	1.072335e-08	5.620941e+01	7.041851e+02
1.560000e-06	7.889657e-06	1.073822e-08	5.638495e+01	7.049747e+02
1.570000e-06	7.911340e-06	1.074952e-08	5.653992e+01	7.056776e+02
1.580000e-06	7.930333e-06	1.075816e-08	5.667566e+01	7.062897e+02
1.590000e-06	7.946403e-06	1.076434e-08	5.679051e+01	7.068031e+02
1.600000e-06	7.959346e-06	1.076901e-08	5.688300e+01	7.072077e+02
1.610000e-06	7.969191e-06	1.077341e-08	5.695336e+01	7.074931e+02
1.620000e-06	7.976057e-06	1.077761e-08	5.700243e+01	7.076509e+02
1.630000e-06	7.980188e-06	1.078021e-08	5.703195e+01	7.076759e+02
1.640000e-06	7.981524e-06	1.077935e-08	5.704150e+01	7.075674e+02
1.650000e-06	7.980018e-06	1.077375e-08	5.703074e+01	7.073297e+02
1.660000e-06	7.975841e-06	1.076718e-08	5.700089e+01	7.069712e+02
1.670000e-06	7.968965e-06	1.076064e-08	5.695175e+01	7.065042e+02
1.680000e-06	7.959415e-06	1.075507e-08	5.688350e+01	7.059425e+02
1.690000e-06	7.947118e-06	1.074927e-08	5.679561e+01	7.053006e+02
1.700000e-06	7.932043e-06	1.074214e-08	5.668788e+01	7.045914e+02
1.710000e-06	7.914500e-06	1.072829e-08	5.656250e+01	7.038251e+02
1.720000e-06	7.894694e-06	1.069296e-08	5.642096e+01	7.030083e+02
1.730000e-06	7.872334e-06	1.064259e-08	5.626115e+01	7.021432e+02
1.740000e-06	7.846772e-06	1.061739e-08	5.607847e+01	7.012284e+02
1.750000e-06	7.817585e-06	1.062150e-08	5.586988e+01	7.002588e+02
1.760000e-06	7.785132e-06	1.061777e-08	5.563795e+01	6.992270e+02
1.770000e-06	7.750162e-06	1.060611e-08	5.538803e+01	6.981239e+02
1.780000e-06	7.712907e-06	1.061584e-08	5.512178e+01	6.969399e+02
1.790000e-06	7.673411e-06	1.061980e-08	5.483952e+01	6.956658e+02
1.800000e-06	7.631811e-06	1.058300e-08	5.454221e+01	6.942928e+02
1.810000e-06	7.587828e-06	1.054748e-08	5.422788e+01	6.928134e+02
1.820000e-06	7.541127e-06	1.055563e-08	5.389412e+01	6.912204e+02
1.830000e-06	7.491635e-06	1.053792e-08	5.354042e+01	6.895074e+02
1.840000e-06	7.439143e-06	1.051351e-08	5.316527e+01	6.876682e+02
1.850000e-06	7.383800e-06	1.050541e-08	5.276975e+01	6.856967e+02
1.860000e-06	7.325783e-06	1.046115e-08	5.235512e+01	6.835868e+02
1.870000e-06	7.265078e-06	1.040702e-08	5.192128e+01	6.813326e+02
1.880000e-06	7.201716e-06	1.035979e-08	5.146845e+01	6.789292e+02
1.890000e-06	7.135635e-06	1.032985e-08	5.099619e+01	6.763728e+02
1.900000e-06	7.066775e-06	1.028678e-08	5.050407e+01	6.736618e+02
1.910000e-06	6.995078e-06	1.024036e-08	4.999167e+01	6.707973e+02
1.920000e-06	6.920675e-06	1.019843e-08	4.945994e+01	6.677830e+02
1.930000e-06	6.843520e-06	1.013183e-08	4.890854e+01	6.646252e+02
1.940000e-06	6.763649e-06	1.008282e-08	4.833773e+01	6.613325e+02
1.950000e-06	6.681350e-06	1.004602e-08	4.774956e+01	6.579142e+02
1.960000e-06	6.596578e-06	1.000190e-08	4.714372e+01	6.543797e+02
1.970000e-06	6.509313e-06	9.948019e-09	4.652006e+01	6.507366e+02
1.980000e-06	6.419745e-06	9.879637e-09	4.587995e+01	6.469895e+02
1.990000e-06	6.327958e-06	9.824617e-09	4.522397e+01	6.431392e+02
2.000000e-06	6.233857e-06	9.750848e-09	4.455146e+01	6.391817e+02
2.010000e-06	6.137495e-06	9.689005e-09	4.386279e+01	6.351089e+02
2.020000e-06	6.038954e-06	9.635267e-09	4.315855e+01	6.309089e+02
2.030000e-06	5.938172e-06	9.567529e-09	4.243829e+01	6.265676e+02
2.040000e-06	5.835283e-06	9.496702e-09	4.170297e+01	6.220699e+02
2.050000e-06	5.730380e-06	9.422539e-09	4.095327e+01	6.174020e+02
2.060000e-06	5.623582e-06	9.355022e-09	4.019001e+01	6.125530e+02
2.070000e-06	5.514863e-06	9.264677e-09	3.941303e+01	6.075156e+02
2.080000e-06	5.404152e-06	9.179429e-09	3.862182e+01	6.022875e+02
2.090000e-06	5.291465e-06	9.102561e-09	3.781647e+01	5.968705e+02
2.100000e-06	5.176812e-06	9.027078e-09	3.699708e+01	5.912698e+02
2.110000e-06	5.060175e-06	8.945936e-09	3.616352e+01	5.854928e+02
2.120000e-06	4.941543e-06	8.858949e-09	3.531569e+01	5.795468e+02
2.130000e-06	4.821014e-06	8.762179e-09	3.445430e+01	5.734368e+02
2.140000e-06	4.698697e-06	8.654854e-09	3.358015e+01	5.671644e+02
2.150000e-06	4.574672e-06	8.553145e-09	3.269378e+01	5.607257e+02
2.160000e-06	4.448939e-06	8.455984e-09	3.179520e+01	5.541117e+02
2.170000e-06	4.321630e-06	8.360855e-09	3.088536e+01	5.473082e+02
2.180000e-06	4.192799e-06	8.255274e-09	2.996465e+01	5.402971e+02
2.190000e-06	4.062451e-06	8.144925e-09	2.903309e+01	5.330586e+02
2.200000e-06	3.930477e-06	8.025300e-09	2.808991e+01	5.255731e+02
2.210000e-06	3.796980e-06	7.904462e-09	2.713585e+01	5.178237e+02
2.220000e-06	3.662109e-06	7.785594e-09	2.617197e+01	5.097978e+02
2.230000e-06	3.525851e-06	7.665962e-09	2.519817e+01	5.014881e+02
2.240000e-06	3.388245e-06	7.538431e-09	2.421475e+01	4.928927e+02
2.250000e-06	3.249319e-06	7.402438e-09	2.322189e+01	4.840143e+02
2.260000e-06	3.109128e-06	7.264040e-09	2.221998e+01	4.748579e+02
2.270000e-06	2.967723e-06	7.119126e-09	2.120941e+01	4.654285e+02
2.280000e-06	2.825210e-06	6.966773e-09	2.019091e+01	4.557282e+02
2.290000e-06	2.681640e-06	6.812394e-09	1.916486e+01	4.457537e+02
2.300000e-06	2.537121e-06	6.658586e-09	1.813202e+01	4.354942e+02
2.310000e-06	2.391766e-06	6.501755e-09	1.709322e+01	4.249310e+02
2.320000e-06	2.245716e-06	6.340249e-09	1.604944e+01	4.140377e+02
2.330000e-06	2.098905e-06	6.170616e-09	1.500023e+01	4.027820e+02
2.340000e-06	1.951200e-06	5.990233e-09	1.394462e+01	3.911287e+02
2.350000e-06	1.802733e-06	5.798869e-09	1.288358e+01	3.790430e+02
2.360000e-06	1.653685e-06	5.602565e-09	1.181838e+01	3.664942e+02
2.370000e-06	1.504159e-06	5.403600e-09	1.074976e+01	3.534588e+02
2.380000e-06	1.354206e-06	5.201059e-09	9.678092e+00	3.399220e+02
2.390000e-06	1.203824e-06	4.989871e-09	8.603363e+00	3.258783e+02
2.400000e-06	1.053066e-06	4.768763e-09	7.525936e+00	3.113294e+02
2.410000e-06	9.020332e-07	4.538594e-09	6.446554e+00	2.962809e+02
2.420000e-06	7.507365e-07	4.303563e-09	5.365283e+00	2.807372e+02
2.430000e-06	5.991821e-07	4.063249e-09	4.282170e+00	2.646954e+02
2.440000e-06	4.474201e-07	3.811772e-09	3.197574e+00	2.481401e+02
2.450000e-06	2.954782e-07	3.547498e-09	2.111692e+00	2.310378e+02
2.460000e-06	1.433985e-07	3.271427e-09	1.024825e+00	2.133347e+02
2.470000e-06	-8.814708e-09	2.985855e-09	-6.299602e-02	1.949559e+02
2.480000e-06	-1.611077e-07	2.691949e-09	-1.151387e+00	1.758091e+02
2.490000e-06	-3.133568e-07	2.388437e-09	-2.239465e+00	1.557908e+02
2.500000e-06	-4.654609e-07	2.067780e-09	-3.326506e+00	1.347955e+02
2.510000e-06	-6.173971e-07	1.729405e-09	-4.412347e+00	1.127279e+02
2.520000e-06	-7.691050e-07	1.376546e-09	-5.496557e+00	8.951517e+01
2.530000e-06	-9.205047e-07	1.011115e-09	-6.578564e+00	6.512001e+01
2.540000e-06	-1.071609e-06	6.319091e-10	-7.658460e+00	3.955133e+01
2.550000e-06	-1.222362e-06	2.318409e-10	-8.735844e+00	1.287219e+01
2.560000e-06	-1.372701e-06	-1.910299e-10	-9.810270e+00	-1.479648e+01
2.570000e-06	-1.522566e-06	-6.296382e-10	-1.088131e+01	-4.327702e+01
2.580000e-06	-1.671960e-06	-1.076662e-09	-1.194899e+01	-7.234114e+01
2.590000e-06	-1.820878e-06	-1.528471e-09	-1.301325e+01	-1.017208e+02
2.600000e-06	-1.969057e-06	-1.981131e-09	-1.407224e+01	-1.311225e+02
2.610000e-06	-2.116280e-06	-2.431602e-09	-1.512440e+01	-1.602450e+02
2.620000e-06	-2.262679e-06	-2.872700e-09	-1.617067e+01	-1.887963e+02
2.630000e-06	-2.408381e-06	-3.295395e-09	-1.721196e+01	-2.165116e+02
2.640000e-06	-2.553129e-06	-3.697484e-09	-1.824643e+01	-2.431673e+02
2.650000e-06	-2.696758e-06	-4.081986e-09	-1.927290e+01	-2.685922e+02
2.660000e-06	-2.839355e-06	-4.449660e-09	-2.029200e+01	-2.926735e+02
2.670000e-06	-2.980976e-06	-4.796961e-09	-2.130412e+01	-3.153582e+02
2.680000e-06	-3.121480e-06	-5.120584e-09	-2.230826e+01	-3.366490e+02
2.690000e-06	-3.260629e-06	-5.422884e-09	-2.330272e+01	-3.565966e+02
2.700000e-06	-3.398486e-06	-5.709473e-09	-2.428793e+01	-3.752883e+02
2.710000e-06	-3.535067e-06	-5.980483e-09	-2.526404e+01	-3.928352e+02
2.720000e-06	-3.670281e-06	-6.235852e-09	-2.623037e+01	-4.093589e+02
2.730000e-06	-3.804233e-06	-6.476952e-09	-2.718769e+01	-4.249797e+02
2.740000e-06	-3.936838e-06	-6.706369e-09	-2.813537e+01	-4.398063e+02
2.750000e-06	-4.067917e-06	-6.926494e-09	-2.907215e+01	-4.539290e+02
2.760000e-06	-4.197673e-06	-7.137263e-09	-2.999948e+01	-4.674164e+02
2.770000e-06	-4.326051e-06	-7.338429e-09	-3.091696e+01	-4.803150e+02
2.780000e-06	-4.452887e-06	-7.528156e-09	-3.182341e+01	-4.926519e+02
2.790000e-06	-4.578268e-06	-7.704620e-09	-3.271948e+01	-5.044397e+02
2.800000e-06	-4.701952e-06	-7.869629e-09	-3.360341e+01	-5.156820e+02
2.810000e-06	-4.823899e-06	-8.027118e-09	-3.447493e+01	-5.263797e+02
2.820000e-06	-4.944188e-06	-8.178313e-09	-3.533460e+01	-5.365361e+02
2.830000e-06	-5.062608e-06	-8.323459e-09	-3.618091e+01	-5.461609e+02
2.840000e-06	-5.178986e-06	-8.463603e-09	-3.701262e+01	-5.552720e+02
2.850000e-06	-5.293182e-06	-8.597446e-09	-3.782875e+01	-5.638959e+02
2.860000e-06	-5.405247e-06	-8.726091e-09	-3.862964e+01	-5.720663e+02
2.870000e-06	-5.515263e-06	-8.850183e-09	-3.941589e+01	-5.798211e+02
2.880000e-06	-5.623313e-06	-8.966596e-09	-4.018809e+01	-5.871994e+02
2.890000e-06	-5.729451e-06	-9.074374e-09	-4.094663e+01	-5.942379e+02
2.900000e-06	-5.833550e-06	-9.175251e-09	-4.169059e+01	-6.009680e+02
2.910000e-06	-5.935508e-06	-9.271235e-09	-4.241925e+01	-6.074145e+02
2.920000e-06	-6.035234e-06	-9.363451e-09	-4.313197e+01	-6.135943e+02
2.930000e-06	-6.132808e-06	-9.452538e-09	-4.382930e+01	-6.195172e+02
2.940000e-06	-6.228229e-06	-9.539165e-09	-4.451124e+01	-6.251878e+02
2.950000e-06	-6.321348e-06	-9.623009e-09	-4.517673e+01	-6.306072e+02
2.960000e-06	-6.412215e-06	-9.701552e-09	-4.582613e+01	-6.357759e+02
2.970000e-06	-6.500853e-06	-9.775609e-09	-4.645960e+01	-6.406956e+02
2.980000e-06	-6.587112e-06	-9.846739e-09	-4.707607e+01	-6.453714e+02
2.990000e-06	-6.670888e-06	-9.915622e-09	-4.767479e+01	-6.498120e+02
3.000000e-06	-6.752328e-06	-9.983086e-09	-4.825682e+01	-6.540298e+02
3.010000e-06	-6.831351e-06	-1.004785e-08	-4.882157e+01	-6.580400e+02
3.020000e-06	-6.907680e-06	-1.010823e-08	-4.936707e+01	-6.618587e+02
3.030000e-06	-6.981375e-06	-1.016471e-08	-4.989374e+01	-6.655008e+02
3.040000e-06	-7.052522e-06	-1.021807e-08	-5.040221e+01	-6.689785e+02
3.050000e-06	-7.121078e-06	-1.026942e-08	-5.089216e+01	-6.722995e+02
3.060000e-06	-7.187167e-06	-1.031833e-08	-5.136448e+01	-6.754661e+02
3.070000e-06	-7.250763e-06	-1.036278e-08	-5.181898e+01	-6.784758e+02
3.080000e-06	-7.311719e-06	-1.040260e-08	-5.225461e+01	-6.813215e+02
3.090000e-06	-7.370094e-06	-1.044024e-08	-5.267180e+01	-6.839939e+02
3.100000e-06	-7.425872e-06	-1.047752e-08	-5.307043e+01	-6.864829e+02
3.110000e-06	-7.478846e-06	-1.051210e-08	-5.344902e+01	-6.887804e+02
3.120000e-06	-7.528782e-06	-1.054403e-08	-5.380589e+01	-6.908817e+02
3.130000e-06	-7.575688e-06	-1.057442e-08	-5.414111e+01	-6.927872e+02
3.140000e-06	-7.619966e-06	-1.060188e-08	-5.445756e+01	-6.945030e+02
3.150000e-06	-7.661818e-06	-1.062571e-08	-5.475666e+01	-6.960404e+02
3.160000e-06	-7.701022e-06	-1.064818e-08	-5.503684e+01	-6.974152e+02
3.170000e-06	-7.737409e-06	-1.066949e-08	-5.529689e+01	-6.986453e+02
3.180000e-06	-7.771019e-06	-1.068695e-08	-5.553708e+01	-6.997494e+02
3.190000e-06	-7.801843e-06	-1.070108e-08	-5.575738e+01	-7.007439e+02
3.200000e-06	-7.829823e-06	-1.071214e-08	-5.595734e+01	-7.016418e+02
3.210000e-06	-7.855061e-06	-1.072216e-08	-5.613771e+01	-7.024509e+02
3.220000e-06	-7.877503e-06	-1.073107e-08	-5.629810e+01	-7.031735e+02
3.230000e-06	-7.897054e-06	-1.073842e-08	-5.643782e+01	-7.038067e+02
3.240000e-06	-7.913788e-06	-1.074354e-08	-5.655741e+01	-7.043431e+02
3.250000e-06	-7.927495e-06	-1.074735e-08	-5.665537e+01	-7.047730e+02
3.260000e-06	-7.938130e-06	-1.075119e-08	-5.673138e+01	-7.050858e+02
3.270000e-06	-7.945877e-06	-1.075303e-08	-5.678674e+01	-7.052725e+02
3.280000e-06	-7.950725e-06	-1.075242e-08	-5.682139e+01	-7.053272e+02
3.290000e-06	-7.952815e-06	-1.075122e-08	-5.683633e+01	-7.052482e+02
3.300000e-06	-7.952194e-06	-1.075347e-08	-5.683189e+01	-7.050386e+02
