# Temperatura_=_54.57
# Concentracion g/m^3_=_10000.0
# C_Vs_to_Am_M_A/Vsm_=_65563218390.804596
# pendiente_HvsI_1/m_=_3716.3
# ordenada_HvsI_A/m_=_1297.0
# frecuencia_Hz_=_302619.0026350361

Tiempo_(s)	Campo_(V.s)	Magnetizacion_(V.s)	Campo_(kA/m)	Magnetizacion_(A/m)
0.000000e+00	-7.924740e-06	-1.071766e-08	-5.683273e+01	-7.031204e+02
1.000000e-08	-7.922527e-06	-1.072540e-08	-5.681686e+01	-7.028330e+02
2.000000e-08	-7.917564e-06	-1.072075e-08	-5.678126e+01	-7.024286e+02
3.000000e-08	-7.910054e-06	-1.071239e-08	-5.672740e+01	-7.019218e+02
4.000000e-08	-7.899820e-06	-1.070562e-08	-5.665401e+01	-7.013276e+02
5.000000e-08	-7.886701e-06	-1.069667e-08	-5.655993e+01	-7.006605e+02
6.000000e-08	-7.870624e-06	-1.068387e-08	-5.644463e+01	-6.999317e+02
7.000000e-08	-7.851949e-06	-1.067013e-08	-5.631070e+01	-6.991488e+02
8.000000e-08	-7.831118e-06	-1.064798e-08	-5.616131e+01	-6.983149e+02
9.000000e-08	-7.807732e-06	-1.070411e-08	-5.599359e+01	-6.974287e+02
1.000000e-07	-7.781162e-06	-1.073275e-08	-5.580305e+01	-6.964850e+02
1.100000e-07	-7.751404e-06	-1.065271e-08	-5.558964e+01	-6.954761e+02
1.200000e-07	-7.718802e-06	-1.060332e-08	-5.535583e+01	-6.943929e+02
1.300000e-07	-7.683459e-06	-1.059005e-08	-5.510237e+01	-6.932260e+02
1.400000e-07	-7.645607e-06	-1.056050e-08	-5.483091e+01	-6.919670e+02
1.500000e-07	-7.605620e-06	-1.047810e-08	-5.454414e+01	-6.906089e+02
1.600000e-07	-7.563447e-06	-1.047851e-08	-5.424170e+01	-6.891462e+02
1.700000e-07	-7.518622e-06	-1.055472e-08	-5.392023e+01	-6.875749e+02
1.800000e-07	-7.471089e-06	-1.042331e-08	-5.357934e+01	-6.858919e+02
1.900000e-07	-7.420767e-06	-1.042525e-08	-5.321845e+01	-6.840943e+02
2.000000e-07	-7.367475e-06	-1.043381e-08	-5.283627e+01	-6.821786e+02
2.100000e-07	-7.311437e-06	-1.031508e-08	-5.243439e+01	-6.801406e+02
2.200000e-07	-7.252702e-06	-1.033168e-08	-5.201317e+01	-6.779752e+02
2.300000e-07	-7.191319e-06	-1.030024e-08	-5.157296e+01	-6.756767e+02
2.400000e-07	-7.127326e-06	-1.029424e-08	-5.111403e+01	-6.732393e+02
2.500000e-07	-7.060556e-06	-1.021238e-08	-5.063518e+01	-6.706583e+02
2.600000e-07	-6.991104e-06	-1.016583e-08	-5.013711e+01	-6.679307e+02
2.700000e-07	-6.918944e-06	-1.015241e-08	-4.961961e+01	-6.650560e+02
2.800000e-07	-6.844020e-06	-1.009497e-08	-4.908228e+01	-6.620369e+02
2.900000e-07	-6.766338e-06	-1.004647e-08	-4.852518e+01	-6.588786e+02
3.000000e-07	-6.685838e-06	-9.990563e-09	-4.794787e+01	-6.555889e+02
3.100000e-07	-6.602881e-06	-9.973697e-09	-4.735294e+01	-6.521767e+02
3.200000e-07	-6.517776e-06	-9.897737e-09	-4.674260e+01	-6.486505e+02
3.300000e-07	-6.430400e-06	-9.820162e-09	-4.611598e+01	-6.450173e+02
3.400000e-07	-6.340682e-06	-9.783731e-09	-4.547257e+01	-6.412807e+02
3.500000e-07	-6.248681e-06	-9.722658e-09	-4.481277e+01	-6.374402e+02
3.600000e-07	-6.154435e-06	-9.654176e-09	-4.413688e+01	-6.334907e+02
3.700000e-07	-6.057960e-06	-9.594124e-09	-4.344500e+01	-6.294222e+02
3.800000e-07	-5.959233e-06	-9.549149e-09	-4.273698e+01	-6.252215e+02
3.900000e-07	-5.858368e-06	-9.475755e-09	-4.201362e+01	-6.208731e+02
4.000000e-07	-5.755462e-06	-9.393352e-09	-4.127562e+01	-6.163614e+02
4.100000e-07	-5.650535e-06	-9.323508e-09	-4.052314e+01	-6.116725e+02
4.200000e-07	-5.543601e-06	-9.252818e-09	-3.975625e+01	-6.067960e+02
4.300000e-07	-5.434687e-06	-9.176910e-09	-3.897517e+01	-6.017261e+02
4.400000e-07	-5.323825e-06	-9.096196e-09	-3.818012e+01	-5.964621e+02
4.500000e-07	-5.210997e-06	-9.021168e-09	-3.737096e+01	-5.910082e+02
4.600000e-07	-5.096142e-06	-8.935546e-09	-3.654727e+01	-5.853717e+02
4.700000e-07	-4.979265e-06	-8.840599e-09	-3.570908e+01	-5.795619e+02
4.800000e-07	-4.860532e-06	-8.749566e-09	-3.485758e+01	-5.735872e+02
4.900000e-07	-4.740035e-06	-8.662051e-09	-3.399343e+01	-5.674532e+02
5.000000e-07	-4.617821e-06	-8.569213e-09	-3.311696e+01	-5.611608e+02
5.100000e-07	-4.493918e-06	-8.466067e-09	-3.222839e+01	-5.547048e+02
5.200000e-07	-4.368383e-06	-8.357382e-09	-3.132811e+01	-5.480738e+02
5.300000e-07	-4.241161e-06	-8.250738e-09	-3.041573e+01	-5.412510e+02
5.400000e-07	-4.112382e-06	-8.142261e-09	-2.949218e+01	-5.342154e+02
5.500000e-07	-3.982255e-06	-8.027493e-09	-2.855897e+01	-5.269447e+02
5.600000e-07	-3.850565e-06	-7.908828e-09	-2.761455e+01	-5.194170e+02
5.700000e-07	-3.717368e-06	-7.792852e-09	-2.665932e+01	-5.116143e+02
5.800000e-07	-3.582813e-06	-7.671445e-09	-2.569435e+01	-5.035236e+02
5.900000e-07	-3.446842e-06	-7.542607e-09	-2.471922e+01	-4.951382e+02
6.000000e-07	-3.309544e-06	-7.408711e-09	-2.373458e+01	-4.864577e+02
6.100000e-07	-3.170997e-06	-7.274018e-09	-2.274098e+01	-4.774866e+02
6.200000e-07	-3.031042e-06	-7.134939e-09	-2.173729e+01	-4.682324e+02
6.300000e-07	-2.889678e-06	-6.989390e-09	-2.072349e+01	-4.587023e+02
6.400000e-07	-2.747199e-06	-6.842357e-09	-1.970170e+01	-4.489004e+02
6.500000e-07	-2.603730e-06	-6.690436e-09	-1.867280e+01	-4.388247e+02
6.600000e-07	-2.459328e-06	-6.529178e-09	-1.763721e+01	-4.284655e+02
6.700000e-07	-2.314017e-06	-6.358192e-09	-1.659510e+01	-4.178045e+02
6.800000e-07	-2.167819e-06	-6.188638e-09	-1.554664e+01	-4.068151e+02
6.900000e-07	-2.020918e-06	-6.015593e-09	-1.449313e+01	-3.954650e+02
7.000000e-07	-1.873438e-06	-5.836747e-09	-1.343547e+01	-3.837185e+02
7.100000e-07	-1.725342e-06	-5.649623e-09	-1.237339e+01	-3.715409e+02
7.200000e-07	-1.576635e-06	-5.457777e-09	-1.130693e+01	-3.589014e+02
7.300000e-07	-1.427478e-06	-5.261270e-09	-1.023724e+01	-3.457767e+02
7.400000e-07	-1.277970e-06	-5.052718e-09	-9.165032e+00	-3.321524e+02
7.500000e-07	-1.128069e-06	-4.837667e-09	-8.090013e+00	-3.180230e+02
7.600000e-07	-9.777286e-07	-4.614936e-09	-7.011837e+00	-3.033896e+02
7.700000e-07	-8.269416e-07	-4.385473e-09	-5.930459e+00	-2.882566e+02
7.800000e-07	-6.758386e-07	-4.147143e-09	-4.846816e+00	-2.726261e+02
7.900000e-07	-5.245160e-07	-3.902164e-09	-3.761596e+00	-2.564922e+02
8.000000e-07	-3.729669e-07	-3.650714e-09	-2.674754e+00	-2.398350e+02
8.100000e-07	-2.212744e-07	-3.389044e-09	-1.586882e+00	-2.226166e+02
8.200000e-07	-6.951427e-08	-3.113862e-09	-4.985256e-01	-2.047786e+02
8.300000e-07	8.230737e-08	-2.827872e-09	5.902720e-01	-1.862426e+02
8.400000e-07	2.341531e-07	-2.530910e-09	1.679242e+00	-1.669143e+02
8.500000e-07	3.859387e-07	-2.217000e-09	2.767782e+00	-1.466905e+02
8.600000e-07	5.376229e-07	-1.889106e-09	3.855593e+00	-1.254694e+02
8.700000e-07	6.891823e-07	-1.551158e-09	4.942510e+00	-1.031625e+02
8.800000e-07	8.405504e-07	-1.199680e-09	6.028055e+00	-7.970753e+01
8.900000e-07	9.916503e-07	-8.273145e-10	7.111677e+00	-5.508045e+01
9.000000e-07	1.142367e-06	-4.371290e-10	8.192551e+00	-2.930572e+01
9.100000e-07	1.292557e-06	-3.382384e-11	9.269646e+00	-2.462890e+00
9.200000e-07	1.442215e-06	3.838619e-10	1.034293e+01	2.531101e+01
9.300000e-07	1.591388e-06	8.203484e-10	1.141273e+01	5.382413e+01
9.400000e-07	1.740054e-06	1.270914e-09	1.247890e+01	8.283739e+01
9.500000e-07	1.888090e-06	1.725807e-09	1.354054e+01	1.120765e+02
9.600000e-07	2.035431e-06	2.178120e-09	1.459721e+01	1.412471e+02
9.700000e-07	2.182088e-06	2.620151e-09	1.564897e+01	1.700527e+02
9.800000e-07	2.327873e-06	3.050025e-09	1.669447e+01	1.982115e+02
9.900000e-07	2.472763e-06	3.462173e-09	1.773356e+01	2.254734e+02
1.000000e-06	2.616782e-06	3.855708e-09	1.876640e+01	2.516330e+02
1.010000e-06	2.759815e-06	4.227597e-09	1.979217e+01	2.765388e+02
1.020000e-06	2.901835e-06	4.580597e-09	2.081068e+01	3.000980e+02
1.030000e-06	3.042639e-06	4.914989e-09	2.182046e+01	3.222757e+02
1.040000e-06	3.182067e-06	5.230709e-09	2.282037e+01	3.430897e+02
1.050000e-06	3.320249e-06	5.529475e-09	2.381136e+01	3.626013e+02
1.060000e-06	3.457207e-06	5.809548e-09	2.479356e+01	3.809038e+02
1.070000e-06	3.592844e-06	6.074073e-09	2.576629e+01	3.981096e+02
1.080000e-06	3.727149e-06	6.323877e-09	2.672946e+01	4.143372e+02
1.090000e-06	3.860164e-06	6.560086e-09	2.768339e+01	4.297003e+02
1.100000e-06	3.991712e-06	6.783209e-09	2.862679e+01	4.442990e+02
1.110000e-06	4.121776e-06	6.994410e-09	2.955955e+01	4.582142e+02
1.120000e-06	4.250505e-06	7.195394e-09	3.048274e+01	4.715055e+02
1.130000e-06	4.377719e-06	7.386386e-09	3.139506e+01	4.842123e+02
1.140000e-06	4.503416e-06	7.568438e-09	3.229650e+01	4.963569e+02
1.150000e-06	4.627575e-06	7.744112e-09	3.318692e+01	5.079496e+02
1.160000e-06	4.750066e-06	7.910774e-09	3.406537e+01	5.189946e+02
1.170000e-06	4.871007e-06	8.068431e-09	3.493270e+01	5.294955e+02
1.180000e-06	4.990228e-06	8.217883e-09	3.578771e+01	5.394597e+02
1.190000e-06	5.107587e-06	8.361657e-09	3.662935e+01	5.489015e+02
1.200000e-06	5.222984e-06	8.498556e-09	3.745693e+01	5.578428e+02
1.210000e-06	5.336295e-06	8.628349e-09	3.826955e+01	5.663133e+02
1.220000e-06	5.447565e-06	8.751416e-09	3.906752e+01	5.743477e+02
1.230000e-06	5.556919e-06	8.872812e-09	3.985176e+01	5.819836e+02
1.240000e-06	5.664357e-06	8.991617e-09	4.062226e+01	5.892573e+02
1.250000e-06	5.769725e-06	9.101537e-09	4.137791e+01	5.962018e+02
1.260000e-06	5.872952e-06	9.201765e-09	4.211821e+01	6.028442e+02
1.270000e-06	5.974068e-06	9.293987e-09	4.284337e+01	6.092046e+02
1.280000e-06	6.073047e-06	9.381738e-09	4.355320e+01	6.152962e+02
1.290000e-06	6.169707e-06	9.465755e-09	4.424641e+01	6.211268e+02
1.300000e-06	6.264074e-06	9.547155e-09	4.492317e+01	6.267002e+02
1.310000e-06	6.356175e-06	9.625889e-09	4.558367e+01	6.320190e+02
1.320000e-06	6.445987e-06	9.702153e-09	4.622777e+01	6.370865e+02
1.330000e-06	6.533454e-06	9.776890e-09	4.685504e+01	6.419085e+02
1.340000e-06	6.618589e-06	9.848760e-09	4.746559e+01	6.464947e+02
1.350000e-06	6.701440e-06	9.917368e-09	4.805976e+01	6.508579e+02
1.360000e-06	6.781868e-06	9.981845e-09	4.863656e+01	6.550138e+02
1.370000e-06	6.859766e-06	1.004167e-08	4.919520e+01	6.589793e+02
1.380000e-06	6.935102e-06	1.009933e-08	4.973548e+01	6.627699e+02
1.390000e-06	7.007794e-06	1.015494e-08	5.025680e+01	6.663986e+02
1.400000e-06	7.077959e-06	1.020732e-08	5.075999e+01	6.698736e+02
1.410000e-06	7.145704e-06	1.025639e-08	5.124583e+01	6.731972e+02
1.420000e-06	7.210835e-06	1.030531e-08	5.171292e+01	6.763664e+02
1.430000e-06	7.273383e-06	1.035292e-08	5.216148e+01	6.793729e+02
1.440000e-06	7.333483e-06	1.039495e-08	5.259249e+01	6.822055e+02
1.450000e-06	7.391066e-06	1.043372e-08	5.300545e+01	6.848519e+02
1.460000e-06	7.446067e-06	1.046933e-08	5.339990e+01	6.873009e+02
1.470000e-06	7.498210e-06	1.050339e-08	5.377384e+01	6.895454e+02
1.480000e-06	7.547264e-06	1.053493e-08	5.412564e+01	6.915836e+02
1.490000e-06	7.593448e-06	1.056369e-08	5.445685e+01	6.934200e+02
1.500000e-06	7.636987e-06	1.058943e-08	5.476909e+01	6.950655e+02
1.510000e-06	7.677784e-06	1.061137e-08	5.506167e+01	6.965362e+02
1.520000e-06	7.715817e-06	1.063249e-08	5.533443e+01	6.978521e+02
1.530000e-06	7.751165e-06	1.065204e-08	5.558792e+01	6.990340e+02
1.540000e-06	7.783716e-06	1.067075e-08	5.582137e+01	7.001018e+02
1.550000e-06	7.813524e-06	1.068742e-08	5.603513e+01	7.010716e+02
1.560000e-06	7.840613e-06	1.070194e-08	5.622940e+01	7.019543e+02
1.570000e-06	7.864752e-06	1.071451e-08	5.640252e+01	7.027546e+02
1.580000e-06	7.886077e-06	1.072417e-08	5.655545e+01	7.034708e+02
1.590000e-06	7.904753e-06	1.073203e-08	5.668939e+01	7.040959e+02
1.600000e-06	7.920485e-06	1.073964e-08	5.680221e+01	7.046193e+02
1.610000e-06	7.933141e-06	1.074637e-08	5.689297e+01	7.050287e+02
1.620000e-06	7.942666e-06	1.075283e-08	5.696128e+01	7.053127e+02
1.630000e-06	7.949185e-06	1.075839e-08	5.700804e+01	7.054627e+02
1.640000e-06	7.952948e-06	1.076026e-08	5.703502e+01	7.054743e+02
1.650000e-06	7.953851e-06	1.076011e-08	5.704150e+01	7.053486e+02
1.660000e-06	7.952022e-06	1.074955e-08	5.702838e+01	7.050918e+02
1.670000e-06	7.947662e-06	1.074054e-08	5.699711e+01	7.047148e+02
1.680000e-06	7.940644e-06	1.073592e-08	5.694679e+01	7.042316e+02
1.690000e-06	7.930972e-06	1.072966e-08	5.687742e+01	7.036573e+02
1.700000e-06	7.918510e-06	1.072340e-08	5.678805e+01	7.030065e+02
1.710000e-06	7.903253e-06	1.072149e-08	5.667863e+01	7.022917e+02
1.720000e-06	7.885546e-06	1.071890e-08	5.655165e+01	7.015213e+02
1.730000e-06	7.865580e-06	1.068755e-08	5.640846e+01	7.006996e+02
1.740000e-06	7.843035e-06	1.055635e-08	5.624677e+01	6.998262e+02
1.750000e-06	7.817207e-06	1.056405e-08	5.606155e+01	6.988969e+02
1.760000e-06	7.787701e-06	1.061677e-08	5.584994e+01	6.979046e+02
1.770000e-06	7.754993e-06	1.058584e-08	5.561538e+01	6.968402e+02
1.780000e-06	7.719939e-06	1.056976e-08	5.536399e+01	6.956945e+02
1.790000e-06	7.682564e-06	1.065388e-08	5.509595e+01	6.944587e+02
1.800000e-06	7.642938e-06	1.060597e-08	5.481177e+01	6.931253e+02
1.810000e-06	7.601301e-06	1.045791e-08	5.451316e+01	6.916886e+02
1.820000e-06	7.557200e-06	1.058942e-08	5.419689e+01	6.901442e+02
1.830000e-06	7.510430e-06	1.048254e-08	5.386148e+01	6.884889e+02
1.840000e-06	7.460898e-06	1.049689e-08	5.350626e+01	6.867196e+02
1.850000e-06	7.408325e-06	1.051423e-08	5.312923e+01	6.848332e+02
1.860000e-06	7.352917e-06	1.038850e-08	5.273186e+01	6.828256e+02
1.870000e-06	7.294836e-06	1.044702e-08	5.231533e+01	6.806920e+02
1.880000e-06	7.234116e-06	1.027407e-08	5.187988e+01	6.784267e+02
1.890000e-06	7.170672e-06	1.030996e-08	5.142489e+01	6.760240e+02
1.900000e-06	7.104459e-06	1.031772e-08	5.095004e+01	6.734786e+02
1.910000e-06	7.035571e-06	1.020063e-08	5.045600e+01	6.707873e+02
1.920000e-06	6.963834e-06	1.021838e-08	4.994153e+01	6.679487e+02
1.930000e-06	6.889441e-06	1.012409e-08	4.940802e+01	6.649647e+02
1.940000e-06	6.812364e-06	1.011859e-08	4.885526e+01	6.618400e+02
1.950000e-06	6.732500e-06	1.000442e-08	4.828251e+01	6.585817e+02
1.960000e-06	6.650163e-06	9.985600e-09	4.769202e+01	6.551987e+02
1.970000e-06	6.565382e-06	9.976976e-09	4.708402e+01	6.516996e+02
1.980000e-06	6.478144e-06	9.860625e-09	4.645838e+01	6.480921e+02
1.990000e-06	6.388575e-06	9.846596e-09	4.581603e+01	6.443806e+02
2.000000e-06	6.296871e-06	9.776246e-09	4.515837e+01	6.405659e+02
2.010000e-06	6.202909e-06	9.734207e-09	4.448452e+01	6.366438e+02
2.020000e-06	6.106643e-06	9.627545e-09	4.379414e+01	6.326056e+02
2.030000e-06	6.008257e-06	9.576861e-09	4.308856e+01	6.284387e+02
2.040000e-06	5.907755e-06	9.523716e-09	4.236780e+01	6.241281e+02
2.050000e-06	5.805167e-06	9.451809e-09	4.163209e+01	6.196581e+02
2.060000e-06	5.700489e-06	9.382939e-09	4.088138e+01	6.150140e+02
2.070000e-06	5.593873e-06	9.304228e-09	4.011678e+01	6.101846e+02
2.080000e-06	5.485339e-06	9.235736e-09	3.933842e+01	6.051627e+02
2.090000e-06	5.374808e-06	9.128522e-09	3.854574e+01	5.999465e+02
2.100000e-06	5.262325e-06	9.059789e-09	3.773906e+01	5.945388e+02
2.110000e-06	5.147865e-06	8.979586e-09	3.691821e+01	5.889466e+02
2.120000e-06	5.031368e-06	8.903787e-09	3.608274e+01	5.831787e+02
2.130000e-06	4.912928e-06	8.802906e-09	3.523334e+01	5.772440e+02
2.140000e-06	4.792628e-06	8.710955e-09	3.437061e+01	5.711489e+02
2.150000e-06	4.670549e-06	8.614261e-09	3.349511e+01	5.648958e+02
2.160000e-06	4.546749e-06	8.516566e-09	3.260727e+01	5.584809e+02
2.170000e-06	4.421293e-06	8.418356e-09	3.170755e+01	5.518945e+02
2.180000e-06	4.294256e-06	8.316470e-09	3.079650e+01	5.451209e+02
2.190000e-06	4.165616e-06	8.213554e-09	2.987395e+01	5.381400e+02
2.200000e-06	4.035545e-06	8.101605e-09	2.894114e+01	5.309295e+02
2.210000e-06	3.903915e-06	7.989614e-09	2.799715e+01	5.234674e+02
2.220000e-06	3.770784e-06	7.866542e-09	2.704240e+01	5.157343e+02
2.230000e-06	3.636302e-06	7.747934e-09	2.607795e+01	5.077159e+02
2.240000e-06	3.500403e-06	7.620671e-09	2.510334e+01	4.994038e+02
2.250000e-06	3.363185e-06	7.493476e-09	2.411927e+01	4.907963e+02
2.260000e-06	3.224656e-06	7.361036e-09	2.312580e+01	4.818966e+02
2.270000e-06	3.084846e-06	7.229510e-09	2.212315e+01	4.727119e+02
2.280000e-06	2.943866e-06	7.084563e-09	2.111210e+01	4.632497e+02
2.290000e-06	2.801753e-06	6.928417e-09	2.009293e+01	4.535150e+02
2.300000e-06	2.658526e-06	6.771190e-09	1.906577e+01	4.435077e+02
2.310000e-06	2.514263e-06	6.615480e-09	1.803118e+01	4.332202e+02
2.320000e-06	2.369142e-06	6.459223e-09	1.699044e+01	4.226362e+02
2.330000e-06	2.223360e-06	6.293083e-09	1.594495e+01	4.117313e+02
2.340000e-06	2.076872e-06	6.120264e-09	1.489440e+01	4.004740e+02
2.350000e-06	1.929608e-06	5.941883e-09	1.383829e+01	3.888294e+02
2.360000e-06	1.781591e-06	5.756546e-09	1.277678e+01	3.767620e+02
2.370000e-06	1.633002e-06	5.564190e-09	1.171117e+01	3.642399e+02
2.380000e-06	1.484044e-06	5.366325e-09	1.064291e+01	3.512377e+02
2.390000e-06	1.334636e-06	5.163050e-09	9.571422e+00	3.377386e+02
2.400000e-06	1.184702e-06	4.950669e-09	8.496159e+00	3.237349e+02
2.410000e-06	1.034366e-06	4.729292e-09	7.418017e+00	3.092266e+02
2.420000e-06	8.837801e-07	4.503240e-09	6.338080e+00	2.942175e+02
2.430000e-06	7.330057e-07	4.269725e-09	5.256792e+00	2.787110e+02
2.440000e-06	5.820650e-07	4.027117e-09	4.174312e+00	2.627036e+02
2.450000e-06	4.308563e-07	3.773955e-09	3.089911e+00	2.461794e+02
2.460000e-06	2.793524e-07	3.512051e-09	2.003392e+00	2.291054e+02
2.470000e-06	1.276834e-07	3.239982e-09	9.156890e-01	2.114283e+02
2.480000e-06	-2.407584e-08	2.956776e-09	-1.726613e-01	1.930745e+02
2.490000e-06	-1.758160e-07	2.663206e-09	-1.260874e+00	1.739532e+02
2.500000e-06	-3.274254e-07	2.354568e-09	-2.348150e+00	1.539624e+02
2.510000e-06	-4.789152e-07	2.031043e-09	-3.434567e+00	1.329991e+02
2.520000e-06	-6.302797e-07	1.693540e-09	-4.520087e+00	1.109702e+02
2.530000e-06	-7.814026e-07	1.342887e-09	-5.603874e+00	8.780560e+01
2.540000e-06	-9.322695e-07	9.796802e-10	-6.685824e+00	6.347071e+01
2.550000e-06	-1.082917e-06	6.012957e-10	-7.766202e+00	3.797707e+01
2.560000e-06	-1.233228e-06	2.023733e-10	-8.844166e+00	1.139008e+01
2.570000e-06	-1.383085e-06	-2.180372e-10	-9.918876e+00	-1.616757e+01
2.580000e-06	-1.532420e-06	-6.538858e-10	-1.098984e+01	-4.451721e+01
2.590000e-06	-1.681204e-06	-1.098906e-09	-1.205685e+01	-7.343061e+01
2.600000e-06	-1.829418e-06	-1.548978e-09	-1.311977e+01	-1.026409e+02
2.610000e-06	-1.976959e-06	-2.001721e-09	-1.417788e+01	-1.318573e+02
2.620000e-06	-2.123696e-06	-2.451249e-09	-1.523021e+01	-1.607820e+02
2.630000e-06	-2.269628e-06	-2.887195e-09	-1.627676e+01	-1.891280e+02
2.640000e-06	-2.414737e-06	-3.303430e-09	-1.731743e+01	-2.166360e+02
2.650000e-06	-2.558821e-06	-3.702491e-09	-1.835073e+01	-2.430881e+02
2.660000e-06	-2.701901e-06	-4.084969e-09	-1.937684e+01	-2.683189e+02
2.670000e-06	-2.843972e-06	-4.448714e-09	-2.039571e+01	-2.922209e+02
2.680000e-06	-2.984918e-06	-4.790626e-09	-2.140651e+01	-3.147448e+02
2.690000e-06	-3.124697e-06	-5.110772e-09	-2.240894e+01	-3.358960e+02
2.700000e-06	-3.263211e-06	-5.412711e-09	-2.340231e+01	-3.557261e+02
2.710000e-06	-3.400489e-06	-5.697449e-09	-2.438680e+01	-3.743215e+02
2.720000e-06	-3.536451e-06	-5.967663e-09	-2.536186e+01	-3.917910e+02
2.730000e-06	-3.671063e-06	-6.223419e-09	-2.632723e+01	-4.082527e+02
2.740000e-06	-3.804436e-06	-6.463809e-09	-2.728373e+01	-4.238225e+02
2.750000e-06	-3.936496e-06	-6.692298e-09	-2.823081e+01	-4.386045e+02
2.760000e-06	-4.067122e-06	-6.910944e-09	-2.916760e+01	-4.526846e+02
2.770000e-06	-4.196368e-06	-7.120488e-09	-3.009449e+01	-4.661281e+02
2.780000e-06	-4.324118e-06	-7.319638e-09	-3.101066e+01	-4.789789e+02
2.790000e-06	-4.450333e-06	-7.507273e-09	-3.191581e+01	-4.912633e+02
2.800000e-06	-4.575078e-06	-7.682491e-09	-3.281043e+01	-5.029940e+02
2.810000e-06	-4.698138e-06	-7.846441e-09	-3.369297e+01	-5.141763e+02
2.820000e-06	-4.819504e-06	-8.004454e-09	-3.456335e+01	-5.248133e+02
2.830000e-06	-4.939155e-06	-8.156411e-09	-3.542144e+01	-5.349113e+02
2.840000e-06	-5.056901e-06	-8.303309e-09	-3.626585e+01	-5.444824e+02
2.850000e-06	-5.172553e-06	-8.442930e-09	-3.709526e+01	-5.535469e+02
2.860000e-06	-5.286012e-06	-8.574962e-09	-3.790894e+01	-5.621326e+02
2.870000e-06	-5.397435e-06	-8.701582e-09	-3.870802e+01	-5.702732e+02
2.880000e-06	-5.506926e-06	-8.822165e-09	-3.949324e+01	-5.780058e+02
2.890000e-06	-5.614455e-06	-8.936469e-09	-4.026439e+01	-5.853673e+02
2.900000e-06	-5.720083e-06	-9.044364e-09	-4.102190e+01	-5.923919e+02
2.910000e-06	-5.823671e-06	-9.147300e-09	-4.176479e+01	-5.991083e+02
2.920000e-06	-5.925010e-06	-9.245281e-09	-4.249155e+01	-6.055382e+02
2.930000e-06	-6.024136e-06	-9.338763e-09	-4.320244e+01	-6.116967e+02
2.940000e-06	-6.121160e-06	-9.427294e-09	-4.389825e+01	-6.175927e+02
2.950000e-06	-6.216050e-06	-9.512966e-09	-4.457876e+01	-6.232307e+02
2.960000e-06	-6.308618e-06	-9.595055e-09	-4.524262e+01	-6.286135e+02
2.970000e-06	-6.398921e-06	-9.672074e-09	-4.589023e+01	-6.337440e+02
2.980000e-06	-6.486983e-06	-9.745431e-09	-4.652177e+01	-6.386272e+02
2.990000e-06	-6.572657e-06	-9.816714e-09	-4.713618e+01	-6.432719e+02
3.000000e-06	-6.655973e-06	-9.885435e-09	-4.773369e+01	-6.476900e+02
3.010000e-06	-6.736931e-06	-9.951443e-09	-4.831429e+01	-6.518968e+02
3.020000e-06	-6.815360e-06	-1.001550e-08	-4.887675e+01	-6.559089e+02
3.030000e-06	-6.891097e-06	-1.007706e-08	-4.941990e+01	-6.597425e+02
3.040000e-06	-6.964264e-06	-1.013548e-08	-4.994462e+01	-6.634113e+02
3.050000e-06	-7.034917e-06	-1.018921e-08	-5.045131e+01	-6.669248e+02
3.060000e-06	-7.102977e-06	-1.024086e-08	-5.093940e+01	-6.702869e+02
3.070000e-06	-7.168597e-06	-1.029039e-08	-5.141000e+01	-6.734959e+02
3.080000e-06	-7.231741e-06	-1.033454e-08	-5.186285e+01	-6.765446e+02
3.090000e-06	-7.292249e-06	-1.037442e-08	-5.229678e+01	-6.794225e+02
3.100000e-06	-7.350222e-06	-1.041290e-08	-5.271253e+01	-6.821171e+02
3.110000e-06	-7.405534e-06	-1.045004e-08	-5.310921e+01	-6.846169e+02
3.120000e-06	-7.457915e-06	-1.048460e-08	-5.348487e+01	-6.869135e+02
3.130000e-06	-7.507229e-06	-1.051756e-08	-5.383852e+01	-6.890037e+02
3.140000e-06	-7.553626e-06	-1.054704e-08	-5.417126e+01	-6.908904e+02
3.150000e-06	-7.597521e-06	-1.057193e-08	-5.448606e+01	-6.925828e+02
3.160000e-06	-7.638976e-06	-1.059495e-08	-5.478336e+01	-6.940961e+02
3.170000e-06	-7.677741e-06	-1.061783e-08	-5.506136e+01	-6.954492e+02
3.180000e-06	-7.713756e-06	-1.064004e-08	-5.531964e+01	-6.966633e+02
3.190000e-06	-7.747102e-06	-1.065830e-08	-5.555879e+01	-6.977585e+02
3.200000e-06	-7.777610e-06	-1.067220e-08	-5.577758e+01	-6.987522e+02
3.210000e-06	-7.805200e-06	-1.068291e-08	-5.597544e+01	-6.996566e+02
3.220000e-06	-7.830045e-06	-1.069463e-08	-5.615362e+01	-7.004780e+02
3.230000e-06	-7.852080e-06	-1.070576e-08	-5.631164e+01	-7.012162e+02
3.240000e-06	-7.871275e-06	-1.071366e-08	-5.644930e+01	-7.018655e+02
3.250000e-06	-7.887698e-06	-1.071855e-08	-5.656708e+01	-7.024161e+02
3.260000e-06	-7.901026e-06	-1.072185e-08	-5.666266e+01	-7.028557e+02
3.270000e-06	-7.911266e-06	-1.072478e-08	-5.673610e+01	-7.031726e+02
3.280000e-06	-7.918647e-06	-1.072606e-08	-5.678903e+01	-7.033573e+02
3.290000e-06	-7.923156e-06	-1.072460e-08	-5.682137e+01	-7.034042e+02
3.300000e-06	-7.924912e-06	-1.072032e-08	-5.683396e+01	-7.033130e+02
