# Temperatura_=_64.64
# Concentracion g/m^3_=_10000.0
# C_Vs_to_Am_M_A/Vsm_=_65563218390.804596
# pendiente_HvsI_1/m_=_3716.3
# ordenada_HvsI_A/m_=_1297.0
# frecuencia_Hz_=_302621.727655426

Tiempo_(s)	Campo_(V.s)	Magnetizacion_(V.s)	Campo_(kA/m)	Magnetizacion_(A/m)
0.000000e+00	-7.958883e-06	-1.118942e-08	-5.682936e+01	-7.342709e+02
1.000000e-08	-7.956805e-06	-1.119124e-08	-5.681453e+01	-7.339533e+02
2.000000e-08	-7.951970e-06	-1.118812e-08	-5.678000e+01	-7.335147e+02
3.000000e-08	-7.944624e-06	-1.118208e-08	-5.672755e+01	-7.329683e+02
4.000000e-08	-7.934594e-06	-1.117248e-08	-5.665593e+01	-7.323267e+02
5.000000e-08	-7.921666e-06	-1.116056e-08	-5.656362e+01	-7.316009e+02
6.000000e-08	-7.905774e-06	-1.114731e-08	-5.645015e+01	-7.307989e+02
7.000000e-08	-7.887235e-06	-1.113362e-08	-5.631777e+01	-7.299250e+02
8.000000e-08	-7.866463e-06	-1.112477e-08	-5.616945e+01	-7.289799e+02
9.000000e-08	-7.843071e-06	-1.114744e-08	-5.600242e+01	-7.279612e+02
1.000000e-07	-7.816457e-06	-1.114674e-08	-5.581239e+01	-7.268646e+02
1.100000e-07	-7.786673e-06	-1.110845e-08	-5.559972e+01	-7.256846e+02
1.200000e-07	-7.754102e-06	-1.106841e-08	-5.536715e+01	-7.244158e+02
1.300000e-07	-7.718831e-06	-1.103557e-08	-5.511530e+01	-7.230535e+02
1.400000e-07	-7.681083e-06	-1.100564e-08	-5.484577e+01	-7.215947e+02
1.500000e-07	-7.641115e-06	-1.094943e-08	-5.456038e+01	-7.200372e+02
1.600000e-07	-7.598900e-06	-1.091692e-08	-5.425895e+01	-7.183798e+02
1.700000e-07	-7.554142e-06	-1.092387e-08	-5.393936e+01	-7.166211e+02
1.800000e-07	-7.506572e-06	-1.088182e-08	-5.359969e+01	-7.147589e+02
1.900000e-07	-7.456153e-06	-1.085264e-08	-5.323968e+01	-7.127891e+02
2.000000e-07	-7.402827e-06	-1.084772e-08	-5.285891e+01	-7.107055e+02
2.100000e-07	-7.346623e-06	-1.079107e-08	-5.245760e+01	-7.084995e+02
2.200000e-07	-7.287723e-06	-1.074331e-08	-5.203703e+01	-7.061608e+02
2.300000e-07	-7.226295e-06	-1.071124e-08	-5.159841e+01	-7.036785e+02
2.400000e-07	-7.162283e-06	-1.067678e-08	-5.114134e+01	-7.010418e+02
2.500000e-07	-7.095476e-06	-1.062361e-08	-5.066432e+01	-6.982424e+02
2.600000e-07	-7.025935e-06	-1.058534e-08	-5.016777e+01	-6.952750e+02
2.700000e-07	-6.953656e-06	-1.054754e-08	-4.965167e+01	-6.921386e+02
2.800000e-07	-6.878610e-06	-1.049000e-08	-4.911582e+01	-6.888369e+02
2.900000e-07	-6.800810e-06	-1.043102e-08	-4.856029e+01	-6.853777e+02
3.000000e-07	-6.720310e-06	-1.038536e-08	-4.798549e+01	-6.817724e+02
3.100000e-07	-6.637391e-06	-1.033995e-08	-4.739342e+01	-6.780334e+02
3.200000e-07	-6.552182e-06	-1.027506e-08	-4.678500e+01	-6.741733e+02
3.300000e-07	-6.464618e-06	-1.021686e-08	-4.615976e+01	-6.702018e+02
3.400000e-07	-6.374704e-06	-1.016112e-08	-4.551774e+01	-6.661245e+02
3.500000e-07	-6.282493e-06	-1.009708e-08	-4.485932e+01	-6.619415e+02
3.600000e-07	-6.188008e-06	-1.002497e-08	-4.418466e+01	-6.576471e+02
3.700000e-07	-6.091197e-06	-9.959004e-09	-4.349339e+01	-6.532300e+02
3.800000e-07	-5.992118e-06	-9.888542e-09	-4.278594e+01	-6.486748e+02
3.900000e-07	-5.890968e-06	-9.811995e-09	-4.206368e+01	-6.439640e+02
4.000000e-07	-5.787702e-06	-9.741506e-09	-4.132633e+01	-6.390800e+02
4.100000e-07	-5.682344e-06	-9.667151e-09	-4.057403e+01	-6.340077e+02
4.200000e-07	-5.575059e-06	-9.585002e-09	-3.980798e+01	-6.287364e+02
4.300000e-07	-5.465817e-06	-9.497205e-09	-3.902795e+01	-6.232610e+02
4.400000e-07	-5.354567e-06	-9.415988e-09	-3.823359e+01	-6.175821e+02
4.500000e-07	-5.241264e-06	-9.331897e-09	-3.742456e+01	-6.117058e+02
4.600000e-07	-5.125910e-06	-9.240172e-09	-3.660089e+01	-6.056418e+02
4.700000e-07	-5.008688e-06	-9.145143e-09	-3.576388e+01	-5.994009e+02
4.800000e-07	-4.889640e-06	-9.048663e-09	-3.491384e+01	-5.929929e+02
4.900000e-07	-4.768691e-06	-8.947535e-09	-3.405021e+01	-5.864237e+02
5.000000e-07	-4.646002e-06	-8.843116e-09	-3.317417e+01	-5.796938e+02
5.100000e-07	-4.521709e-06	-8.739225e-09	-3.228667e+01	-5.727967e+02
5.200000e-07	-4.395803e-06	-8.629759e-09	-3.138766e+01	-5.657193e+02
5.300000e-07	-4.268260e-06	-8.515158e-09	-3.047695e+01	-5.584427e+02
5.400000e-07	-4.139079e-06	-8.395736e-09	-2.955455e+01	-5.509443e+02
5.500000e-07	-4.008378e-06	-8.274687e-09	-2.862130e+01	-5.432008e+02
5.600000e-07	-3.876227e-06	-8.152306e-09	-2.767769e+01	-5.351904e+02
5.700000e-07	-3.742661e-06	-8.025483e-09	-2.672398e+01	-5.268962e+02
5.800000e-07	-3.607644e-06	-7.891684e-09	-2.575991e+01	-5.183074e+02
5.900000e-07	-3.471140e-06	-7.755723e-09	-2.478522e+01	-5.094201e+02
6.000000e-07	-3.333200e-06	-7.619638e-09	-2.380028e+01	-5.002373e+02
6.100000e-07	-3.193920e-06	-7.479846e-09	-2.280577e+01	-4.907665e+02
6.200000e-07	-3.053363e-06	-7.333653e-09	-2.180214e+01	-4.810172e+02
6.300000e-07	-2.911443e-06	-7.181463e-09	-2.078878e+01	-4.709979e+02
6.400000e-07	-2.768322e-06	-7.024299e-09	-1.976684e+01	-4.607119e+02
6.500000e-07	-2.624210e-06	-6.861319e-09	-1.873783e+01	-4.501553e+02
6.600000e-07	-2.479139e-06	-6.693298e-09	-1.770197e+01	-4.393148e+02
6.700000e-07	-2.333282e-06	-6.520685e-09	-1.666050e+01	-4.281676e+02
6.800000e-07	-2.186678e-06	-6.343362e-09	-1.561369e+01	-4.166821e+02
6.900000e-07	-2.039320e-06	-6.159522e-09	-1.456150e+01	-4.048214e+02
7.000000e-07	-1.891260e-06	-5.971121e-09	-1.350430e+01	-3.925462e+02
7.100000e-07	-1.742560e-06	-5.777246e-09	-1.244252e+01	-3.798194e+02
7.200000e-07	-1.593367e-06	-5.578305e-09	-1.137723e+01	-3.666101e+02
7.300000e-07	-1.443777e-06	-5.370771e-09	-1.030910e+01	-3.528963e+02
7.400000e-07	-1.293756e-06	-5.153561e-09	-9.237892e+00	-3.386665e+02
7.500000e-07	-1.143281e-06	-4.931430e-09	-8.163449e+00	-3.239190e+02
7.600000e-07	-9.923620e-07	-4.702521e-09	-7.085831e+00	-3.086589e+02
7.700000e-07	-8.410392e-07	-4.465775e-09	-6.005330e+00	-2.928933e+02
7.800000e-07	-6.893499e-07	-4.218761e-09	-4.922212e+00	-2.766256e+02
7.900000e-07	-5.373563e-07	-3.962505e-09	-3.836922e+00	-2.598482e+02
8.000000e-07	-3.851787e-07	-3.698475e-09	-2.750318e+00	-2.425371e+02
8.100000e-07	-2.328751e-07	-3.424848e-09	-1.662814e+00	-2.246472e+02
8.200000e-07	-8.043061e-08	-3.138743e-09	-5.743043e-01	-2.061103e+02
8.300000e-07	7.213481e-08	-2.841259e-09	5.150692e-01	-1.868369e+02
8.400000e-07	2.247380e-07	-2.531538e-09	1.604712e+00	-1.667212e+02
8.500000e-07	3.772407e-07	-2.205404e-09	2.693638e+00	-1.456499e+02
8.600000e-07	5.295718e-07	-1.864240e-09	3.781338e+00	-1.235136e+02
8.700000e-07	6.817513e-07	-1.511128e-09	4.867956e+00	-1.002202e+02
8.800000e-07	8.337833e-07	-1.142131e-09	5.953521e+00	-7.570884e+01
8.900000e-07	9.855126e-07	-7.539620e-10	7.036924e+00	-4.996265e+01
9.000000e-07	1.136790e-06	-3.494001e-10	8.117101e+00	-2.301857e+01
9.100000e-07	1.287673e-06	7.171565e-11	9.194459e+00	5.026435e+00
9.200000e-07	1.438072e-06	5.097880e-10	1.026836e+01	3.401423e+01
9.300000e-07	1.587932e-06	9.645395e-10	1.133842e+01	6.372974e+01
9.400000e-07	1.737245e-06	1.430885e-09	1.240457e+01	9.391042e+01
9.500000e-07	1.885885e-06	1.902574e-09	1.346592e+01	1.242601e+02
9.600000e-07	2.033868e-06	2.371472e-09	1.452257e+01	1.544659e+02
9.700000e-07	2.181204e-06	2.828716e-09	1.557460e+01	1.842176e+02
9.800000e-07	2.327805e-06	3.270445e-09	1.662139e+01	2.132253e+02
9.900000e-07	2.473537e-06	3.693263e-09	1.766197e+01	2.412365e+02
1.000000e-06	2.618329e-06	4.096490e-09	1.869583e+01	2.680496e+02
1.010000e-06	2.762107e-06	4.477075e-09	1.972247e+01	2.935214e+02
1.020000e-06	2.904751e-06	4.836711e-09	2.074099e+01	3.175713e+02
1.030000e-06	3.046242e-06	5.176493e-09	2.175129e+01	3.401788e+02
1.040000e-06	3.186478e-06	5.496761e-09	2.275263e+01	3.613769e+02
1.050000e-06	3.325467e-06	5.800289e-09	2.374506e+01	3.812414e+02
1.060000e-06	3.463219e-06	6.087126e-09	2.472866e+01	3.998786e+02
1.070000e-06	3.599579e-06	6.359885e-09	2.570233e+01	4.174108e+02
1.080000e-06	3.734563e-06	6.616360e-09	2.666616e+01	4.339637e+02
1.090000e-06	3.868214e-06	6.856814e-09	2.762048e+01	4.496551e+02
1.100000e-06	4.000458e-06	7.083276e-09	2.856475e+01	4.645867e+02
1.110000e-06	4.131337e-06	7.299645e-09	2.949927e+01	4.788391e+02
1.120000e-06	4.260766e-06	7.506660e-09	3.042344e+01	4.924701e+02
1.130000e-06	4.388606e-06	7.703280e-09	3.133627e+01	5.055170e+02
1.140000e-06	4.514953e-06	7.891487e-09	3.223843e+01	5.180001e+02
1.150000e-06	4.639776e-06	8.071395e-09	3.312971e+01	5.299282e+02
1.160000e-06	4.763040e-06	8.242327e-09	3.400987e+01	5.413050e+02
1.170000e-06	4.884656e-06	8.404836e-09	3.487825e+01	5.521343e+02
1.180000e-06	5.004403e-06	8.559805e-09	3.573328e+01	5.624242e+02
1.190000e-06	5.122281e-06	8.708128e-09	3.657498e+01	5.721901e+02
1.200000e-06	5.238327e-06	8.849976e-09	3.740359e+01	5.814551e+02
1.210000e-06	5.352370e-06	8.985609e-09	3.821790e+01	5.902493e+02
1.220000e-06	5.464282e-06	9.116329e-09	3.901699e+01	5.986073e+02
1.230000e-06	5.574204e-06	9.243899e-09	3.980187e+01	6.065656e+02
1.240000e-06	5.682232e-06	9.366334e-09	4.057323e+01	6.141592e+02
1.250000e-06	5.788205e-06	9.479878e-09	4.132992e+01	6.214188e+02
1.260000e-06	5.892008e-06	9.584443e-09	4.207111e+01	6.283693e+02
1.270000e-06	5.993670e-06	9.681908e-09	4.279701e+01	6.350288e+02
1.280000e-06	6.093161e-06	9.775921e-09	4.350742e+01	6.414091e+02
1.290000e-06	6.190304e-06	9.866374e-09	4.420105e+01	6.475170e+02
1.300000e-06	6.285127e-06	9.952376e-09	4.487813e+01	6.533567e+02
1.310000e-06	6.377792e-06	1.003391e-08	4.553979e+01	6.589315e+02
1.320000e-06	6.468170e-06	1.011352e-08	4.618512e+01	6.642464e+02
1.330000e-06	6.556094e-06	1.019089e-08	4.681293e+01	6.693092e+02
1.340000e-06	6.641690e-06	1.026540e-08	4.742412e+01	6.741312e+02
1.350000e-06	6.725079e-06	1.033778e-08	4.801954e+01	6.787268e+02
1.360000e-06	6.806045e-06	1.040627e-08	4.859767e+01	6.831125e+02
1.370000e-06	6.884430e-06	1.046933e-08	4.915737e+01	6.873048e+02
1.380000e-06	6.960289e-06	1.052939e-08	4.969903e+01	6.913186e+02
1.390000e-06	7.033525e-06	1.058945e-08	5.022196e+01	6.951650e+02
1.400000e-06	7.104175e-06	1.064754e-08	5.072643e+01	6.988500e+02
1.410000e-06	7.172382e-06	1.070241e-08	5.121346e+01	7.023740e+02
1.420000e-06	7.238006e-06	1.075445e-08	5.168203e+01	7.057319e+02
1.430000e-06	7.301012e-06	1.080279e-08	5.213192e+01	7.089143e+02
1.440000e-06	7.361560e-06	1.084720e-08	5.256426e+01	7.119095e+02
1.450000e-06	7.419509e-06	1.088782e-08	5.297803e+01	7.147057e+02
1.460000e-06	7.474810e-06	1.092534e-08	5.337290e+01	7.172934e+02
1.470000e-06	7.527376e-06	1.096061e-08	5.374825e+01	7.196676e+02
1.480000e-06	7.576842e-06	1.099361e-08	5.410145e+01	7.218288e+02
1.490000e-06	7.623367e-06	1.102584e-08	5.443365e+01	7.237839e+02
1.500000e-06	7.667274e-06	1.105453e-08	5.474716e+01	7.255456e+02
1.510000e-06	7.708410e-06	1.107973e-08	5.504089e+01	7.271310e+02
1.520000e-06	7.746742e-06	1.110252e-08	5.531460e+01	7.285598e+02
1.530000e-06	7.782433e-06	1.112326e-08	5.556945e+01	7.298520e+02
1.540000e-06	7.815330e-06	1.114391e-08	5.580434e+01	7.310250e+02
1.550000e-06	7.845456e-06	1.116198e-08	5.601945e+01	7.320924e+02
1.560000e-06	7.872911e-06	1.117820e-08	5.621549e+01	7.330621e+02
1.570000e-06	7.897398e-06	1.119227e-08	5.639033e+01	7.339361e+02
1.580000e-06	7.918988e-06	1.120358e-08	5.654450e+01	7.347106e+02
1.590000e-06	7.937869e-06	1.121287e-08	5.667932e+01	7.353778e+02
1.600000e-06	7.953856e-06	1.122156e-08	5.679347e+01	7.359270e+02
1.610000e-06	7.966828e-06	1.122971e-08	5.688609e+01	7.363472e+02
1.620000e-06	7.976633e-06	1.123506e-08	5.695610e+01	7.366291e+02
1.630000e-06	7.983425e-06	1.123924e-08	5.700460e+01	7.367667e+02
1.640000e-06	7.987439e-06	1.124129e-08	5.703326e+01	7.367583e+02
1.650000e-06	7.988593e-06	1.124028e-08	5.704150e+01	7.366072e+02
1.660000e-06	7.986994e-06	1.123257e-08	5.703008e+01	7.363211e+02
1.670000e-06	7.982802e-06	1.122576e-08	5.700015e+01	7.359109e+02
1.680000e-06	7.975891e-06	1.122005e-08	5.695080e+01	7.353895e+02
1.690000e-06	7.966279e-06	1.121279e-08	5.688218e+01	7.347699e+02
1.700000e-06	7.953946e-06	1.120546e-08	5.679411e+01	7.340637e+02
1.710000e-06	7.938838e-06	1.119938e-08	5.668623e+01	7.332795e+02
1.720000e-06	7.921256e-06	1.118859e-08	5.656069e+01	7.324227e+02
1.730000e-06	7.901399e-06	1.114613e-08	5.641891e+01	7.314948e+02
1.740000e-06	7.878914e-06	1.107765e-08	5.625835e+01	7.304942e+02
1.750000e-06	7.853141e-06	1.106249e-08	5.607433e+01	7.294169e+02
1.760000e-06	7.823769e-06	1.106751e-08	5.586460e+01	7.282576e+02
1.770000e-06	7.791181e-06	1.105688e-08	5.563191e+01	7.270108e+02
1.780000e-06	7.756121e-06	1.104924e-08	5.538157e+01	7.256716e+02
1.790000e-06	7.718774e-06	1.107651e-08	5.511490e+01	7.242365e+02
1.800000e-06	7.679147e-06	1.105611e-08	5.483194e+01	7.227031e+02
1.810000e-06	7.637438e-06	1.099679e-08	5.453413e+01	7.210701e+02
1.820000e-06	7.593230e-06	1.100057e-08	5.421846e+01	7.193363e+02
1.830000e-06	7.546352e-06	1.096095e-08	5.388374e+01	7.174996e+02
1.840000e-06	7.496784e-06	1.093516e-08	5.352981e+01	7.155565e+02
1.850000e-06	7.444157e-06	1.090117e-08	5.315403e+01	7.135014e+02
1.860000e-06	7.388699e-06	1.086546e-08	5.275803e+01	7.113262e+02
1.870000e-06	7.330577e-06	1.084768e-08	5.234302e+01	7.090211e+02
1.880000e-06	7.269764e-06	1.078529e-08	5.190880e+01	7.065750e+02
1.890000e-06	7.206216e-06	1.077005e-08	5.145504e+01	7.039772e+02
1.900000e-06	7.139898e-06	1.072178e-08	5.098151e+01	7.012184e+02
1.910000e-06	7.070830e-06	1.065224e-08	5.048834e+01	6.982926e+02
1.920000e-06	6.998948e-06	1.060826e-08	4.997507e+01	6.951976e+02
1.930000e-06	6.924378e-06	1.056610e-08	4.944261e+01	6.919360e+02
1.940000e-06	6.847023e-06	1.052217e-08	4.889027e+01	6.885146e+02
1.950000e-06	6.766962e-06	1.044801e-08	4.831861e+01	6.849439e+02
1.960000e-06	6.684521e-06	1.040511e-08	4.772995e+01	6.812365e+02
1.970000e-06	6.599627e-06	1.034314e-08	4.712377e+01	6.774050e+02
1.980000e-06	6.512228e-06	1.027677e-08	4.649971e+01	6.734599e+02
1.990000e-06	6.422481e-06	1.021907e-08	4.585888e+01	6.694081e+02
2.000000e-06	6.330541e-06	1.016402e-08	4.520240e+01	6.652512e+02
2.010000e-06	6.236350e-06	1.009329e-08	4.452984e+01	6.609848e+02
2.020000e-06	6.139874e-06	1.001023e-08	4.384097e+01	6.565991e+02
2.030000e-06	6.041195e-06	9.951256e-09	4.313636e+01	6.520794e+02
2.040000e-06	5.940299e-06	9.879159e-09	4.241593e+01	6.474085e+02
2.050000e-06	5.837314e-06	9.806679e-09	4.168057e+01	6.425686e+02
2.060000e-06	5.732331e-06	9.721610e-09	4.093096e+01	6.375440e+02
2.070000e-06	5.625412e-06	9.648947e-09	4.016752e+01	6.323225e+02
2.080000e-06	5.516526e-06	9.563443e-09	3.939003e+01	6.268975e+02
2.090000e-06	5.405608e-06	9.471342e-09	3.859804e+01	6.212685e+02
2.100000e-06	5.292753e-06	9.383381e-09	3.779221e+01	6.154401e+02
2.110000e-06	5.177944e-06	9.294940e-09	3.697243e+01	6.094213e+02
2.120000e-06	5.061035e-06	9.204345e-09	3.613766e+01	6.032230e+02
2.130000e-06	4.942146e-06	9.105071e-09	3.528875e+01	5.968553e+02
2.140000e-06	4.821531e-06	9.009596e-09	3.442751e+01	5.903255e+02
2.150000e-06	4.699198e-06	8.907143e-09	3.355401e+01	5.836354e+02
2.160000e-06	4.575027e-06	8.801135e-09	3.266738e+01	5.767805e+02
2.170000e-06	4.449059e-06	8.686757e-09	3.176792e+01	5.697490e+02
2.180000e-06	4.321517e-06	8.579189e-09	3.085723e+01	5.625235e+02
2.190000e-06	4.192472e-06	8.470035e-09	2.993579e+01	5.550821e+02
2.200000e-06	4.061969e-06	8.357863e-09	2.900395e+01	5.474014e+02
2.210000e-06	3.929896e-06	8.235347e-09	2.806090e+01	5.394589e+02
2.220000e-06	3.796246e-06	8.108594e-09	2.710660e+01	5.312363e+02
2.230000e-06	3.661214e-06	7.978080e-09	2.614242e+01	5.227210e+02
2.240000e-06	3.524915e-06	7.843093e-09	2.516920e+01	5.139077e+02
2.250000e-06	3.387301e-06	7.705699e-09	2.418658e+01	5.047975e+02
2.260000e-06	3.248265e-06	7.565120e-09	2.319381e+01	4.953972e+02
2.270000e-06	3.107846e-06	7.422495e-09	2.219117e+01	4.857160e+02
2.280000e-06	2.966173e-06	7.271669e-09	2.117957e+01	4.757629e+02
2.290000e-06	2.823407e-06	7.115226e-09	2.016017e+01	4.655429e+02
2.300000e-06	2.679631e-06	6.953262e-09	1.913355e+01	4.550542e+02
2.310000e-06	2.534972e-06	6.786677e-09	1.810064e+01	4.442858e+02
2.320000e-06	2.389471e-06	6.616891e-09	1.706170e+01	4.332172e+02
2.330000e-06	2.243154e-06	6.445099e-09	1.601695e+01	4.218190e+02
2.340000e-06	2.096091e-06	6.266711e-09	1.496687e+01	4.100551e+02
2.350000e-06	1.948228e-06	6.080402e-09	1.391107e+01	3.978864e+02
2.360000e-06	1.799612e-06	5.885542e-09	1.284989e+01	3.852751e+02
2.370000e-06	1.650402e-06	5.683241e-09	1.178448e+01	3.721881e+02
2.380000e-06	1.500688e-06	5.474082e-09	1.071547e+01	3.586013e+02
2.390000e-06	1.350563e-06	5.261264e-09	9.643520e+00	3.445004e+02
2.400000e-06	1.200031e-06	5.040706e-09	8.568666e+00	3.298814e+02
2.410000e-06	1.049061e-06	4.810084e-09	7.490686e+00	3.147481e+02
2.420000e-06	8.977919e-07	4.571701e-09	6.410565e+00	2.991076e+02
2.430000e-06	7.462826e-07	4.326543e-09	5.328733e+00	2.829649e+02
2.440000e-06	5.945276e-07	4.076482e-09	4.245146e+00	2.663158e+02
2.450000e-06	4.425515e-07	3.816092e-09	3.159981e+00	2.491408e+02
2.460000e-06	2.903767e-07	3.544874e-09	2.073396e+00	2.314004e+02
2.470000e-06	1.380693e-07	3.262309e-09	9.858655e-01	2.130322e+02
2.480000e-06	-1.427564e-08	2.966618e-09	-1.019334e-01	1.939517e+02
2.490000e-06	-1.665636e-07	2.659025e-09	-1.189325e+00	1.740564e+02
2.500000e-06	-3.188099e-07	2.336279e-09	-2.276421e+00	1.532340e+02
2.510000e-06	-4.709981e-07	1.997637e-09	-3.363100e+00	1.313727e+02
2.520000e-06	-6.230717e-07	1.645779e-09	-4.448962e+00	1.083751e+02
2.530000e-06	-7.749985e-07	1.282523e-09	-5.533775e+00	8.417110e+01
2.540000e-06	-9.266850e-07	9.046794e-10	-6.616873e+00	5.873174e+01
2.550000e-06	-1.078062e-06	5.094512e-10	-7.697764e+00	3.207977e+01
2.560000e-06	-1.229093e-06	9.268628e-11	-8.776179e+00	4.296867e+00
2.570000e-06	-1.379701e-06	-3.460470e-10	-9.851577e+00	-2.447396e+01
2.580000e-06	-1.529835e-06	-8.019590e-10	-1.092358e+01	-5.403117e+01
2.590000e-06	-1.679442e-06	-1.269338e-09	-1.199184e+01	-8.412296e+01
2.600000e-06	-1.828378e-06	-1.740790e-09	-1.305529e+01	-1.144600e+02
2.610000e-06	-1.976476e-06	-2.210643e-09	-1.411277e+01	-1.447320e+02
2.620000e-06	-2.123727e-06	-2.673226e-09	-1.516420e+01	-1.746262e+02
2.630000e-06	-2.270231e-06	-3.122628e-09	-1.621028e+01	-2.038459e+02
2.640000e-06	-2.415991e-06	-3.552502e-09	-1.725106e+01	-2.321280e+02
2.650000e-06	-2.560798e-06	-3.960304e-09	-1.828504e+01	-2.592571e+02
2.660000e-06	-2.704552e-06	-4.347977e-09	-1.931150e+01	-2.850748e+02
2.670000e-06	-2.847338e-06	-4.718190e-09	-2.033104e+01	-3.094851e+02
2.680000e-06	-2.989064e-06	-5.067942e-09	-2.134302e+01	-3.324527e+02
2.690000e-06	-3.129564e-06	-5.395682e-09	-2.234624e+01	-3.539982e+02
2.700000e-06	-3.268742e-06	-5.704640e-09	-2.334003e+01	-3.741878e+02
2.710000e-06	-3.406633e-06	-5.995965e-09	-2.432461e+01	-3.931214e+02
2.720000e-06	-3.543223e-06	-6.270830e-09	-2.529992e+01	-4.109186e+02
2.730000e-06	-3.678521e-06	-6.530226e-09	-2.626600e+01	-4.277055e+02
2.740000e-06	-3.812570e-06	-6.775495e-09	-2.722316e+01	-4.436027e+02
2.750000e-06	-3.945175e-06	-7.007856e-09	-2.817000e+01	-4.587165e+02
2.760000e-06	-4.076305e-06	-7.230677e-09	-2.910632e+01	-4.731330e+02
2.770000e-06	-4.206119e-06	-7.445043e-09	-3.003324e+01	-4.869158e+02
2.780000e-06	-4.334486e-06	-7.649177e-09	-3.094983e+01	-5.001069e+02
2.790000e-06	-4.461384e-06	-7.842267e-09	-3.185593e+01	-5.127304e+02
2.800000e-06	-4.586785e-06	-8.022129e-09	-3.275134e+01	-5.247975e+02
2.810000e-06	-4.710459e-06	-8.191745e-09	-3.363441e+01	-5.363125e+02
2.820000e-06	-4.832481e-06	-8.355192e-09	-3.450569e+01	-5.472788e+02
2.830000e-06	-4.952811e-06	-8.511479e-09	-3.536490e+01	-5.577032e+02
2.840000e-06	-5.071241e-06	-8.661453e-09	-3.621053e+01	-5.675989e+02
2.850000e-06	-5.187606e-06	-8.806420e-09	-3.704142e+01	-5.769872e+02
2.860000e-06	-5.301769e-06	-8.945124e-09	-3.785658e+01	-5.858966e+02
2.870000e-06	-5.413778e-06	-9.077231e-09	-3.865637e+01	-5.943609e+02
2.880000e-06	-5.523766e-06	-9.202271e-09	-3.944173e+01	-6.024164e+02
2.890000e-06	-5.631887e-06	-9.319928e-09	-4.021375e+01	-6.100988e+02
2.900000e-06	-5.738112e-06	-9.431232e-09	-4.097224e+01	-6.174400e+02
2.910000e-06	-5.842237e-06	-9.537415e-09	-4.171573e+01	-6.244665e+02
2.920000e-06	-5.944146e-06	-9.638663e-09	-4.244340e+01	-6.311981e+02
2.930000e-06	-6.043847e-06	-9.735382e-09	-4.315530e+01	-6.376480e+02
2.940000e-06	-6.141447e-06	-9.828692e-09	-4.385220e+01	-6.438242e+02
2.950000e-06	-6.236874e-06	-9.919377e-09	-4.453358e+01	-6.497313e+02
2.960000e-06	-6.329918e-06	-1.000704e-08	-4.519795e+01	-6.553726e+02
2.970000e-06	-6.420685e-06	-1.008959e-08	-4.584606e+01	-6.607526e+02
2.980000e-06	-6.509280e-06	-1.016732e-08	-4.647866e+01	-6.658782e+02
2.990000e-06	-6.595522e-06	-1.024115e-08	-4.709446e+01	-6.707598e+02
3.000000e-06	-6.679324e-06	-1.031173e-08	-4.769284e+01	-6.754112e+02
3.010000e-06	-6.760780e-06	-1.037940e-08	-4.827446e+01	-6.798484e+02
3.020000e-06	-6.839736e-06	-1.044545e-08	-4.883824e+01	-6.840882e+02
3.030000e-06	-6.915958e-06	-1.051081e-08	-4.938250e+01	-6.881461e+02
3.040000e-06	-6.989612e-06	-1.057417e-08	-4.990841e+01	-6.920342e+02
3.050000e-06	-7.060785e-06	-1.063279e-08	-5.041661e+01	-6.957600e+02
3.060000e-06	-7.129355e-06	-1.068672e-08	-5.090622e+01	-6.993253e+02
3.070000e-06	-7.195447e-06	-1.073725e-08	-5.137814e+01	-7.027261e+02
3.080000e-06	-7.259066e-06	-1.078283e-08	-5.183241e+01	-7.059540e+02
3.090000e-06	-7.319998e-06	-1.082465e-08	-5.226748e+01	-7.089978e+02
3.100000e-06	-7.378291e-06	-1.086502e-08	-5.268372e+01	-7.118454e+02
3.110000e-06	-7.434048e-06	-1.090539e-08	-5.308184e+01	-7.144866e+02
3.120000e-06	-7.486982e-06	-1.094350e-08	-5.345981e+01	-7.169151e+02
3.130000e-06	-7.536750e-06	-1.097858e-08	-5.381517e+01	-7.191298e+02
3.140000e-06	-7.583473e-06	-1.101013e-08	-5.414880e+01	-7.211361e+02
3.150000e-06	-7.627678e-06	-1.103582e-08	-5.446444e+01	-7.229453e+02
3.160000e-06	-7.669478e-06	-1.105894e-08	-5.476291e+01	-7.245737e+02
3.170000e-06	-7.708567e-06	-1.108233e-08	-5.504201e+01	-7.260405e+02
3.180000e-06	-7.744909e-06	-1.110537e-08	-5.530151e+01	-7.273657e+02
3.190000e-06	-7.778563e-06	-1.112518e-08	-5.554181e+01	-7.285677e+02
3.200000e-06	-7.809344e-06	-1.114001e-08	-5.576160e+01	-7.296612e+02
3.210000e-06	-7.837214e-06	-1.115273e-08	-5.596060e+01	-7.306556e+02
3.220000e-06	-7.862328e-06	-1.116525e-08	-5.613992e+01	-7.315543e+02
3.230000e-06	-7.884610e-06	-1.117728e-08	-5.629902e+01	-7.323549e+02
3.240000e-06	-7.904079e-06	-1.118745e-08	-5.643804e+01	-7.330505e+02
3.250000e-06	-7.920719e-06	-1.119299e-08	-5.655686e+01	-7.336310e+02
3.260000e-06	-7.934269e-06	-1.119536e-08	-5.665361e+01	-7.340851e+02
3.270000e-06	-7.944726e-06	-1.119603e-08	-5.672828e+01	-7.344030e+02
3.280000e-06	-7.952251e-06	-1.119585e-08	-5.678201e+01	-7.345776e+02
3.290000e-06	-7.956939e-06	-1.119390e-08	-5.681548e+01	-7.346063e+02
3.300000e-06	-7.958895e-06	-1.119044e-08	-5.682945e+01	-7.344910e+02
