# Temperatura_=_68.16
# Concentracion g/m^3_=_10000.0
# C_Vs_to_Am_M_A/Vsm_=_65563218390.804596
# pendiente_HvsI_1/m_=_3716.3
# ordenada_HvsI_A/m_=_1297.0
# frecuencia_Hz_=_302623.3254547731

Tiempo_(s)	Campo_(V.s)	Magnetizacion_(V.s)	Campo_(kA/m)	Magnetizacion_(A/m)
0.000000e+00	-7.940406e-06	-1.136257e-08	-5.681375e+01	-7.438960e+02
1.000000e-08	-7.935853e-06	-1.135880e-08	-5.678117e+01	-7.434509e+02
2.000000e-08	-7.928833e-06	-1.134848e-08	-5.673094e+01	-7.428928e+02
3.000000e-08	-7.919106e-06	-1.133659e-08	-5.666135e+01	-7.422362e+02
4.000000e-08	-7.906380e-06	-1.132513e-08	-5.657029e+01	-7.414941e+02
5.000000e-08	-7.890681e-06	-1.131378e-08	-5.645796e+01	-7.406764e+02
6.000000e-08	-7.872389e-06	-1.130302e-08	-5.632709e+01	-7.397893e+02
7.000000e-08	-7.851890e-06	-1.129443e-08	-5.618042e+01	-7.388344e+02
8.000000e-08	-7.828887e-06	-1.129494e-08	-5.601583e+01	-7.378097e+02
9.000000e-08	-7.802805e-06	-1.130137e-08	-5.582922e+01	-7.367097e+02
1.000000e-07	-7.773472e-06	-1.127968e-08	-5.561934e+01	-7.355272e+02
1.100000e-07	-7.741220e-06	-1.123221e-08	-5.538857e+01	-7.342544e+02
1.200000e-07	-7.706288e-06	-1.119569e-08	-5.513863e+01	-7.328836e+02
1.300000e-07	-7.668831e-06	-1.116574e-08	-5.487063e+01	-7.314089e+02
1.400000e-07	-7.629173e-06	-1.112855e-08	-5.458687e+01	-7.298254e+02
1.500000e-07	-7.587315e-06	-1.108209e-08	-5.428738e+01	-7.281302e+02
1.600000e-07	-7.542913e-06	-1.107823e-08	-5.396968e+01	-7.263209e+02
1.700000e-07	-7.495783e-06	-1.107656e-08	-5.363246e+01	-7.243955e+02
1.800000e-07	-7.445811e-06	-1.099399e-08	-5.327492e+01	-7.223513e+02
1.900000e-07	-7.392852e-06	-1.097868e-08	-5.289599e+01	-7.201841e+02
2.000000e-07	-7.337035e-06	-1.093370e-08	-5.249662e+01	-7.178883e+02
2.100000e-07	-7.278560e-06	-1.086877e-08	-5.207823e+01	-7.154567e+02
2.200000e-07	-7.217477e-06	-1.088244e-08	-5.164118e+01	-7.128812e+02
2.300000e-07	-7.153775e-06	-1.084482e-08	-5.118539e+01	-7.101538e+02
2.400000e-07	-7.087346e-06	-1.078943e-08	-5.071009e+01	-7.072676e+02
2.500000e-07	-7.018261e-06	-1.072987e-08	-5.021579e+01	-7.042181e+02
2.600000e-07	-6.946493e-06	-1.068661e-08	-4.970228e+01	-7.010043e+02
2.700000e-07	-6.871928e-06	-1.062875e-08	-4.916877e+01	-6.976285e+02
2.800000e-07	-6.794579e-06	-1.058130e-08	-4.861534e+01	-6.940968e+02
2.900000e-07	-6.714430e-06	-1.054083e-08	-4.804187e+01	-6.904181e+02
3.000000e-07	-6.631767e-06	-1.046690e-08	-4.745041e+01	-6.866024e+02
3.100000e-07	-6.546872e-06	-1.041057e-08	-4.684299e+01	-6.826599e+02
3.200000e-07	-6.459739e-06	-1.034546e-08	-4.621955e+01	-6.785982e+02
3.300000e-07	-6.370250e-06	-1.027298e-08	-4.557926e+01	-6.744217e+02
3.400000e-07	-6.278373e-06	-1.021155e-08	-4.492187e+01	-6.701296e+02
3.500000e-07	-6.184293e-06	-1.015154e-08	-4.424873e+01	-6.657163e+02
3.600000e-07	-6.088007e-06	-1.008785e-08	-4.355980e+01	-6.611709e+02
3.700000e-07	-5.989459e-06	-1.001195e-08	-4.285469e+01	-6.564792e+02
3.800000e-07	-5.888684e-06	-9.933893e-09	-4.213364e+01	-6.516248e+02
3.900000e-07	-5.785808e-06	-9.854889e-09	-4.139756e+01	-6.465918e+02
4.000000e-07	-5.680942e-06	-9.771917e-09	-4.064724e+01	-6.413665e+02
4.100000e-07	-5.574060e-06	-9.683276e-09	-3.988250e+01	-6.359395e+02
4.200000e-07	-5.465197e-06	-9.605852e-09	-3.910358e+01	-6.303070e+02
4.300000e-07	-5.354421e-06	-9.535635e-09	-3.831098e+01	-6.244709e+02
4.400000e-07	-5.241633e-06	-9.443122e-09	-3.750398e+01	-6.184381e+02
4.500000e-07	-5.126768e-06	-9.337326e-09	-3.668212e+01	-6.122190e+02
4.600000e-07	-5.009974e-06	-9.239912e-09	-3.584645e+01	-6.058252e+02
4.700000e-07	-4.891360e-06	-9.141329e-09	-3.499777e+01	-5.992672e+02
4.800000e-07	-4.770845e-06	-9.033001e-09	-3.413549e+01	-5.925513e+02
4.900000e-07	-4.648547e-06	-8.930226e-09	-3.326044e+01	-5.856783e+02
5.000000e-07	-4.524634e-06	-8.828762e-09	-3.237384e+01	-5.786417e+02
5.100000e-07	-4.399087e-06	-8.713213e-09	-3.147555e+01	-5.714282e+02
5.200000e-07	-4.271997e-06	-8.591982e-09	-3.056622e+01	-5.640183e+02
5.300000e-07	-4.143289e-06	-8.474706e-09	-2.964531e+01	-5.563885e+02
5.400000e-07	-4.013033e-06	-8.355821e-09	-2.871333e+01	-5.485140e+02
5.500000e-07	-3.881311e-06	-8.230065e-09	-2.777085e+01	-5.403717e+02
5.600000e-07	-3.748088e-06	-8.098845e-09	-2.681764e+01	-5.319428e+02
5.700000e-07	-3.613464e-06	-7.966297e-09	-2.585440e+01	-5.232150e+02
5.800000e-07	-3.477448e-06	-7.826069e-09	-2.488120e+01	-5.141836e+02
5.900000e-07	-3.340000e-06	-7.680215e-09	-2.389776e+01	-5.048505e+02
6.000000e-07	-3.201217e-06	-7.534622e-09	-2.290477e+01	-4.952235e+02
6.100000e-07	-3.061189e-06	-7.387250e-09	-2.190286e+01	-4.853128e+02
6.200000e-07	-2.919790e-06	-7.235075e-09	-2.089115e+01	-4.751282e+02
6.300000e-07	-2.777037e-06	-7.080673e-09	-1.986975e+01	-4.646752e+02
6.400000e-07	-2.633199e-06	-6.922065e-09	-1.884059e+01	-4.539524e+02
6.500000e-07	-2.488521e-06	-6.750220e-09	-1.780541e+01	-4.429489e+02
6.600000e-07	-2.343092e-06	-6.567483e-09	-1.676487e+01	-4.316443e+02
6.700000e-07	-2.196844e-06	-6.380319e-09	-1.571846e+01	-4.200092e+02
6.800000e-07	-2.049828e-06	-6.191314e-09	-1.466656e+01	-4.080077e+02
6.900000e-07	-1.902152e-06	-6.000232e-09	-1.360993e+01	-3.956012e+02
7.000000e-07	-1.753864e-06	-5.805907e-09	-1.254893e+01	-3.827522e+02
7.100000e-07	-1.605066e-06	-5.608303e-09	-1.148427e+01	-3.694288e+02
7.200000e-07	-1.455814e-06	-5.402926e-09	-1.041637e+01	-3.556075e+02
7.300000e-07	-1.306097e-06	-5.188739e-09	-9.345150e+00	-3.412747e+02
7.400000e-07	-1.155881e-06	-4.966081e-09	-8.270352e+00	-3.264267e+02
7.500000e-07	-1.005229e-06	-4.732513e-09	-7.192431e+00	-3.110670e+02
7.600000e-07	-8.541695e-07	-4.488943e-09	-6.111598e+00	-2.952014e+02
7.700000e-07	-7.027997e-07	-4.238064e-09	-5.028545e+00	-2.788324e+02
7.800000e-07	-5.512145e-07	-3.980746e-09	-3.943950e+00	-2.619524e+02
7.900000e-07	-3.994042e-07	-3.715308e-09	-2.857744e+00	-2.445375e+02
8.000000e-07	-2.474721e-07	-3.440439e-09	-1.770668e+00	-2.265428e+02
8.100000e-07	-9.540868e-08	-3.154436e-09	-6.826508e-01	-2.079001e+02
8.200000e-07	5.677412e-08	-2.857317e-09	4.062198e-01	-1.885197e+02
8.300000e-07	2.089751e-07	-2.546844e-09	1.495221e+00	-1.682943e+02
8.400000e-07	3.611136e-07	-2.220331e-09	2.583774e+00	-1.471086e+02
8.500000e-07	5.131341e-07	-1.876150e-09	3.671484e+00	-1.248498e+02
8.600000e-07	6.650478e-07	-1.517528e-09	4.758429e+00	-1.014217e+02
8.700000e-07	8.167989e-07	-1.143128e-09	5.844211e+00	-7.675885e+01
8.800000e-07	9.682620e-07	-7.524387e-10	6.927932e+00	-5.083926e+01
8.900000e-07	1.119347e-06	-3.462615e-10	8.008951e+00	-2.369542e+01
9.000000e-07	1.269988e-06	7.767974e-11	9.086787e+00	4.579284e+00
9.100000e-07	1.420142e-06	5.179683e-10	1.016114e+01	3.382884e+01
9.200000e-07	1.569754e-06	9.765260e-10	1.123162e+01	6.383843e+01
9.300000e-07	1.718801e-06	1.449303e-09	1.229805e+01	9.434361e+01
9.400000e-07	1.867299e-06	1.927411e-09	1.336056e+01	1.250442e+02
9.500000e-07	2.015147e-06	2.399908e-09	1.441842e+01	1.556215e+02
9.600000e-07	2.162278e-06	2.860969e-09	1.547114e+01	1.857576e+02
9.700000e-07	2.308560e-06	3.309971e-09	1.651779e+01	2.151543e+02
9.800000e-07	2.453969e-06	3.741193e-09	1.755819e+01	2.435508e+02
9.900000e-07	2.598515e-06	4.150031e-09	1.859242e+01	2.707369e+02
1.000000e-06	2.742063e-06	4.533608e-09	1.961951e+01	2.965629e+02
1.010000e-06	2.884569e-06	4.895420e-09	2.063914e+01	3.209426e+02
1.020000e-06	3.025872e-06	5.238807e-09	2.165017e+01	3.438523e+02
1.030000e-06	3.165902e-06	5.563700e-09	2.265208e+01	3.653238e+02
1.040000e-06	3.304664e-06	5.869747e-09	2.364493e+01	3.854338e+02
1.050000e-06	3.442145e-06	6.159215e-09	2.462861e+01	4.042907e+02
1.060000e-06	3.578334e-06	6.432958e-09	2.560305e+01	4.220206e+02
1.070000e-06	3.713137e-06	6.690639e-09	2.656757e+01	4.387537e+02
1.080000e-06	3.846613e-06	6.932657e-09	2.752259e+01	4.546121e+02
1.090000e-06	3.978788e-06	7.161007e-09	2.846830e+01	4.697016e+02
1.100000e-06	4.109540e-06	7.380118e-09	2.940383e+01	4.841063e+02
1.110000e-06	4.238845e-06	7.589263e-09	3.032901e+01	4.978865e+02
1.120000e-06	4.366684e-06	7.787885e-09	3.124370e+01	5.110810e+02
1.130000e-06	4.492984e-06	7.977504e-09	3.214738e+01	5.237108e+02
1.140000e-06	4.617738e-06	8.159755e-09	3.304000e+01	5.357852e+02
1.150000e-06	4.740850e-06	8.331825e-09	3.392087e+01	5.473075e+02
1.160000e-06	4.862302e-06	8.494768e-09	3.478986e+01	5.582813e+02
1.170000e-06	4.982090e-06	8.651011e-09	3.564694e+01	5.687151e+02
1.180000e-06	5.100025e-06	8.802426e-09	3.649077e+01	5.786244e+02
1.190000e-06	5.216002e-06	8.946951e-09	3.732059e+01	5.880332e+02
1.200000e-06	5.329996e-06	9.085154e-09	3.813622e+01	5.969724e+02
1.210000e-06	5.441952e-06	9.216399e-09	3.893726e+01	6.054778e+02
1.220000e-06	5.551905e-06	9.341021e-09	3.972398e+01	6.135866e+02
1.230000e-06	5.659916e-06	9.463737e-09	4.049680e+01	6.213341e+02
1.240000e-06	5.765929e-06	9.582663e-09	4.125533e+01	6.287506e+02
1.250000e-06	5.869830e-06	9.694317e-09	4.199874e+01	6.358596e+02
1.260000e-06	5.971550e-06	9.796028e-09	4.272655e+01	6.426772e+02
1.270000e-06	6.071065e-06	9.891564e-09	4.343858e+01	6.492123e+02
1.280000e-06	6.168338e-06	9.981238e-09	4.413457e+01	6.554687e+02
1.290000e-06	6.263309e-06	1.006619e-08	4.481409e+01	6.614473e+02
1.300000e-06	6.355984e-06	1.014888e-08	4.547718e+01	6.671489e+02
1.310000e-06	6.446379e-06	1.022980e-08	4.612396e+01	6.725766e+02
1.320000e-06	6.534404e-06	1.031030e-08	4.675378e+01	6.777374e+02
1.330000e-06	6.620137e-06	1.038735e-08	4.736720e+01	6.826434e+02
1.340000e-06	6.703573e-06	1.046147e-08	4.796419e+01	6.873109e+02
1.350000e-06	6.784599e-06	1.053179e-08	4.854393e+01	6.917598e+02
1.360000e-06	6.863127e-06	1.059718e-08	4.910580e+01	6.960107e+02
1.370000e-06	6.939039e-06	1.065935e-08	4.964895e+01	7.000829e+02
1.380000e-06	7.012337e-06	1.071841e-08	5.017340e+01	7.039920e+02
1.390000e-06	7.083093e-06	1.077523e-08	5.067966e+01	7.077477e+02
1.400000e-06	7.151380e-06	1.082891e-08	5.116826e+01	7.113530e+02
1.410000e-06	7.217122e-06	1.088130e-08	5.163864e+01	7.148040e+02
1.420000e-06	7.280283e-06	1.093217e-08	5.209056e+01	7.180908e+02
1.430000e-06	7.340985e-06	1.097865e-08	5.252488e+01	7.211998e+02
1.440000e-06	7.399143e-06	1.102136e-08	5.294100e+01	7.241160e+02
1.450000e-06	7.454667e-06	1.106076e-08	5.333828e+01	7.268256e+02
1.460000e-06	7.507367e-06	1.109801e-08	5.371535e+01	7.293192e+02
1.470000e-06	7.556986e-06	1.113285e-08	5.407038e+01	7.315928e+02
1.480000e-06	7.603704e-06	1.116537e-08	5.440464e+01	7.336498e+02
1.490000e-06	7.647782e-06	1.119392e-08	5.472002e+01	7.354999e+02
1.500000e-06	7.689100e-06	1.121888e-08	5.501565e+01	7.371592e+02
1.510000e-06	7.727594e-06	1.124274e-08	5.529108e+01	7.386472e+02
1.520000e-06	7.763453e-06	1.126437e-08	5.554765e+01	7.399851e+02
1.530000e-06	7.796551e-06	1.128551e-08	5.578446e+01	7.411926e+02
1.540000e-06	7.826848e-06	1.130403e-08	5.600124e+01	7.422860e+02
1.550000e-06	7.854426e-06	1.131895e-08	5.619856e+01	7.432760e+02
1.560000e-06	7.879121e-06	1.133301e-08	5.637525e+01	7.441673e+02
1.570000e-06	7.900962e-06	1.134470e-08	5.653152e+01	7.449582e+02
1.580000e-06	7.920076e-06	1.135390e-08	5.666829e+01	7.456418e+02
1.590000e-06	7.936320e-06	1.136123e-08	5.678451e+01	7.462078e+02
1.600000e-06	7.949472e-06	1.136741e-08	5.687862e+01	7.466446e+02
1.610000e-06	7.959463e-06	1.137367e-08	5.695010e+01	7.469416e+02
1.620000e-06	7.966504e-06	1.137917e-08	5.700048e+01	7.470912e+02
1.630000e-06	7.970798e-06	1.138194e-08	5.703120e+01	7.470904e+02
1.640000e-06	7.972237e-06	1.138106e-08	5.704150e+01	7.469413e+02
1.650000e-06	7.970895e-06	1.137648e-08	5.703190e+01	7.466510e+02
1.660000e-06	7.966966e-06	1.136987e-08	5.700379e+01	7.462308e+02
1.670000e-06	7.960312e-06	1.136271e-08	5.695618e+01	7.456944e+02
1.680000e-06	7.950956e-06	1.135553e-08	5.688924e+01	7.450565e+02
1.690000e-06	7.938882e-06	1.134664e-08	5.680285e+01	7.443305e+02
1.700000e-06	7.924009e-06	1.133695e-08	5.669643e+01	7.435272e+02
1.710000e-06	7.906644e-06	1.132291e-08	5.657218e+01	7.426534e+02
1.720000e-06	7.887047e-06	1.129287e-08	5.643196e+01	7.417119e+02
1.730000e-06	7.864922e-06	1.124216e-08	5.627366e+01	7.407012e+02
1.740000e-06	7.839606e-06	1.120268e-08	5.609253e+01	7.396167e+02
1.750000e-06	7.810698e-06	1.120592e-08	5.588568e+01	7.384513e+02
1.760000e-06	7.778459e-06	1.120761e-08	5.565502e+01	7.371973e+02
1.770000e-06	7.743659e-06	1.119676e-08	5.540602e+01	7.358468e+02
1.780000e-06	7.706530e-06	1.119271e-08	5.514036e+01	7.343936e+02
1.790000e-06	7.667169e-06	1.119694e-08	5.485873e+01	7.328325e+02
1.800000e-06	7.625775e-06	1.115614e-08	5.456256e+01	7.311602e+02
1.810000e-06	7.581947e-06	1.110359e-08	5.424897e+01	7.293743e+02
1.820000e-06	7.535475e-06	1.112064e-08	5.391646e+01	7.274727e+02
1.830000e-06	7.486298e-06	1.107878e-08	5.356460e+01	7.254530e+02
1.840000e-06	7.434074e-06	1.106016e-08	5.319093e+01	7.233113e+02
1.850000e-06	7.378954e-06	1.104222e-08	5.279655e+01	7.210424e+02
1.860000e-06	7.321207e-06	1.096056e-08	5.238337e+01	7.186394e+02
1.870000e-06	7.260790e-06	1.090710e-08	5.195109e+01	7.160942e+02
1.880000e-06	7.197663e-06	1.085873e-08	5.149941e+01	7.133987e+02
1.890000e-06	7.131765e-06	1.084126e-08	5.102791e+01	7.105457e+02
1.900000e-06	7.063086e-06	1.079371e-08	5.053651e+01	7.075302e+02
1.910000e-06	6.991605e-06	1.075913e-08	5.002506e+01	7.043503e+02
1.920000e-06	6.917498e-06	1.070911e-08	4.949482e+01	7.010076e+02
1.930000e-06	6.840709e-06	1.061843e-08	4.894540e+01	6.975074e+02
1.940000e-06	6.761149e-06	1.056852e-08	4.837614e+01	6.938581e+02
1.950000e-06	6.679133e-06	1.051417e-08	4.778932e+01	6.900697e+02
1.960000e-06	6.594630e-06	1.047390e-08	4.718470e+01	6.861523e+02
1.970000e-06	6.507602e-06	1.042063e-08	4.656201e+01	6.821145e+02
1.980000e-06	6.418255e-06	1.035644e-08	4.592273e+01	6.779612e+02
1.990000e-06	6.326738e-06	1.029126e-08	4.526793e+01	6.736930e+02
2.000000e-06	6.233012e-06	1.020186e-08	4.459731e+01	6.693051e+02
2.010000e-06	6.136969e-06	1.013118e-08	4.391012e+01	6.647879e+02
2.020000e-06	6.038737e-06	1.006462e-08	4.320727e+01	6.601277e+02
2.030000e-06	5.938321e-06	9.998519e-09	4.248879e+01	6.553083e+02
2.040000e-06	5.835759e-06	9.922395e-09	4.175496e+01	6.503136e+02
2.050000e-06	5.731141e-06	9.849267e-09	4.100642e+01	6.451292e+02
2.060000e-06	5.624573e-06	9.765796e-09	4.024392e+01	6.397447e+02
2.070000e-06	5.516086e-06	9.661520e-09	3.946770e+01	6.341551e+02
2.080000e-06	5.405651e-06	9.568270e-09	3.867753e+01	6.283610e+02
2.090000e-06	5.293260e-06	9.484396e-09	3.787337e+01	6.223683e+02
2.100000e-06	5.178865e-06	9.397866e-09	3.705488e+01	6.161868e+02
2.110000e-06	5.062416e-06	9.307033e-09	3.622168e+01	6.098283e+02
2.120000e-06	4.943984e-06	9.217038e-09	3.537430e+01	6.033035e+02
2.130000e-06	4.823682e-06	9.111527e-09	3.451353e+01	5.966199e+02
2.140000e-06	4.701606e-06	8.996871e-09	3.364008e+01	5.897796e+02
2.150000e-06	4.577829e-06	8.887061e-09	3.275445e+01	5.827778e+02
2.160000e-06	4.452324e-06	8.785037e-09	3.185646e+01	5.756024e+02
2.170000e-06	4.325271e-06	8.677760e-09	3.094739e+01	5.682353e+02
2.180000e-06	4.196607e-06	8.562628e-09	3.002680e+01	5.606534e+02
2.190000e-06	4.066414e-06	8.445474e-09	2.909527e+01	5.528322e+02
2.200000e-06	3.934757e-06	8.318722e-09	2.815326e+01	5.447477e+02
2.210000e-06	3.801563e-06	8.184536e-09	2.720026e+01	5.363803e+02
2.220000e-06	3.666988e-06	8.053713e-09	2.623737e+01	5.277160e+02
2.230000e-06	3.531060e-06	7.926685e-09	2.526480e+01	5.187484e+02
2.240000e-06	3.393769e-06	7.791488e-09	2.428248e+01	5.094783e+02
2.250000e-06	3.255161e-06	7.646966e-09	2.329074e+01	4.999122e+02
2.260000e-06	3.115249e-06	7.498261e-09	2.228967e+01	4.900602e+02
2.270000e-06	2.974070e-06	7.342455e-09	2.127952e+01	4.799324e+02
2.280000e-06	2.831777e-06	7.178047e-09	2.026142e+01	4.695355e+02
2.290000e-06	2.688481e-06	7.014306e-09	1.923613e+01	4.588698e+02
2.300000e-06	2.544246e-06	6.851160e-09	1.820412e+01	4.479266e+02
2.310000e-06	2.399138e-06	6.684133e-09	1.716588e+01	4.366875e+02
2.320000e-06	2.253212e-06	6.512052e-09	1.612177e+01	4.251248e+02
2.330000e-06	2.106515e-06	6.332672e-09	1.507215e+01	4.132038e+02
2.340000e-06	1.959081e-06	6.141936e-09	1.401726e+01	4.008861e+02
2.350000e-06	1.810912e-06	5.939163e-09	1.295711e+01	3.881337e+02
2.360000e-06	1.662067e-06	5.732465e-09	1.189212e+01	3.749130e+02
2.370000e-06	1.512735e-06	5.524070e-09	1.082365e+01	3.611986e+02
2.380000e-06	1.362950e-06	5.312875e-09	9.751931e+00	3.469748e+02
2.390000e-06	1.212717e-06	5.093468e-09	8.677015e+00	3.322359e+02
2.400000e-06	1.062108e-06	4.862638e-09	7.599404e+00	3.169841e+02
2.410000e-06	9.111441e-07	4.621040e-09	6.519253e+00	3.012252e+02
2.420000e-06	7.598783e-07	4.372346e-09	5.436943e+00	2.849631e+02
2.430000e-06	6.084174e-07	4.120672e-09	4.353238e+00	2.681927e+02
2.440000e-06	4.567827e-07	3.861228e-09	3.268288e+00	2.508942e+02
2.450000e-06	3.049581e-07	3.587454e-09	2.181981e+00	2.330274e+02
2.460000e-06	1.530467e-07	3.298170e-09	1.095052e+00	2.145293e+02
2.470000e-06	1.076075e-09	2.998057e-09	7.699333e-03	1.953142e+02
2.480000e-06	-1.509286e-07	2.689408e-09	-1.079897e+00	1.752783e+02
2.490000e-06	-3.029142e-07	2.368610e-09	-2.167357e+00	1.543069e+02
2.500000e-06	-4.548244e-07	2.031287e-09	-3.254277e+00	1.322857e+02
2.510000e-06	-6.066025e-07	1.675733e-09	-4.340252e+00	1.091137e+02
2.520000e-06	-7.582155e-07	1.305335e-09	-5.425046e+00	8.471770e+01
2.530000e-06	-9.096214e-07	9.229393e-10	-6.508358e+00	5.906542e+01
2.540000e-06	-1.060786e-06	5.255589e-10	-7.589941e+00	3.217695e+01
2.550000e-06	-1.211536e-06	1.054356e-10	-8.668566e+00	4.132319e+00
2.560000e-06	-1.361793e-06	-3.381567e-10	-9.743651e+00	-2.492576e+01
2.570000e-06	-1.511565e-06	-7.975608e-10	-1.081527e+01	-5.479448e+01
2.580000e-06	-1.660794e-06	-1.266727e-09	-1.188301e+01	-8.521900e+01
2.590000e-06	-1.809440e-06	-1.741858e-09	-1.294658e+01	-1.159054e+02
2.600000e-06	-1.957405e-06	-2.216617e-09	-1.400527e+01	-1.465374e+02
2.610000e-06	-2.104634e-06	-2.684953e-09	-1.505870e+01	-1.767954e+02
2.620000e-06	-2.251038e-06	-3.141000e-09	-1.610622e+01	-2.063753e+02
2.630000e-06	-2.396499e-06	-3.577763e-09	-1.714699e+01	-2.350069e+02
2.640000e-06	-2.541038e-06	-3.993516e-09	-1.818118e+01	-2.624684e+02
2.650000e-06	-2.684670e-06	-4.387093e-09	-1.920886e+01	-2.885965e+02
2.660000e-06	-2.827252e-06	-4.760830e-09	-2.022904e+01	-3.132914e+02
2.670000e-06	-2.968702e-06	-5.114533e-09	-2.124112e+01	-3.365165e+02
2.680000e-06	-3.109010e-06	-5.445343e-09	-2.224503e+01	-3.582923e+02
2.690000e-06	-3.248106e-06	-5.756189e-09	-2.324026e+01	-3.786869e+02
2.700000e-06	-3.385888e-06	-6.050440e-09	-2.422609e+01	-3.978033e+02
2.710000e-06	-3.522402e-06	-6.329421e-09	-2.520285e+01	-4.157650e+02
2.720000e-06	-3.657664e-06	-6.592733e-09	-2.617065e+01	-4.327022e+02
2.730000e-06	-3.791562e-06	-6.841010e-09	-2.712870e+01	-4.487397e+02
2.740000e-06	-3.924109e-06	-7.076410e-09	-2.807707e+01	-4.639874e+02
2.750000e-06	-4.055264e-06	-7.301318e-09	-2.901548e+01	-4.785342e+02
2.760000e-06	-4.184938e-06	-7.518498e-09	-2.994331e+01	-4.924454e+02
2.770000e-06	-4.313162e-06	-7.726259e-09	-3.086075e+01	-5.057644e+02
2.780000e-06	-4.439925e-06	-7.921640e-09	-3.176774e+01	-5.185154e+02
2.790000e-06	-4.565152e-06	-8.103700e-09	-3.266375e+01	-5.307096e+02
2.800000e-06	-4.688773e-06	-8.276178e-09	-3.354826e+01	-5.423512e+02
2.810000e-06	-4.810705e-06	-8.442312e-09	-3.442068e+01	-5.534434e+02
2.820000e-06	-4.930865e-06	-8.600811e-09	-3.528043e+01	-5.639931e+02
2.830000e-06	-5.049153e-06	-8.752933e-09	-3.612678e+01	-5.740143e+02
2.840000e-06	-5.165473e-06	-8.898633e-09	-3.695905e+01	-5.835291e+02
2.850000e-06	-5.279692e-06	-9.037636e-09	-3.777629e+01	-5.925673e+02
2.860000e-06	-5.391802e-06	-9.171496e-09	-3.857844e+01	-6.011638e+02
2.870000e-06	-5.501888e-06	-9.300478e-09	-3.936611e+01	-6.093557e+02
2.880000e-06	-5.609993e-06	-9.422742e-09	-4.013960e+01	-6.171791e+02
2.890000e-06	-5.716150e-06	-9.537001e-09	-4.089916e+01	-6.246656e+02
2.900000e-06	-5.820252e-06	-9.645806e-09	-4.164401e+01	-6.318401e+02
2.910000e-06	-5.922185e-06	-9.751349e-09	-4.237334e+01	-6.387204e+02
2.920000e-06	-6.021911e-06	-9.851785e-09	-4.308688e+01	-6.453168e+02
2.930000e-06	-6.119538e-06	-9.946330e-09	-4.378541e+01	-6.516340e+02
2.940000e-06	-6.215022e-06	-1.003649e-08	-4.446859e+01	-6.576733e+02
2.950000e-06	-6.308178e-06	-1.012295e-08	-4.513513e+01	-6.634354e+02
2.960000e-06	-6.399015e-06	-1.020541e-08	-4.578507e+01	-6.689226e+02
2.970000e-06	-6.487603e-06	-1.028413e-08	-4.641892e+01	-6.741410e+02
2.980000e-06	-6.573893e-06	-1.036109e-08	-4.703632e+01	-6.791015e+02
2.990000e-06	-6.657767e-06	-1.043669e-08	-4.763644e+01	-6.838199e+02
3.000000e-06	-6.739237e-06	-1.050909e-08	-4.821937e+01	-6.883151e+02
3.010000e-06	-6.818286e-06	-1.057750e-08	-4.878496e+01	-6.926079e+02
3.020000e-06	-6.894720e-06	-1.064082e-08	-4.933185e+01	-6.967182e+02
3.030000e-06	-6.968542e-06	-1.070016e-08	-4.986005e+01	-7.006624e+02
3.040000e-06	-7.039831e-06	-1.075757e-08	-5.037012e+01	-7.044518e+02
3.050000e-06	-7.108516e-06	-1.081405e-08	-5.086156e+01	-7.080907e+02
3.060000e-06	-7.174703e-06	-1.086961e-08	-5.133513e+01	-7.115766e+02
3.070000e-06	-7.238443e-06	-1.091966e-08	-5.179119e+01	-7.149009e+02
3.080000e-06	-7.299579e-06	-1.096549e-08	-5.222862e+01	-7.180505e+02
3.090000e-06	-7.358052e-06	-1.101005e-08	-5.264700e+01	-7.210104e+02
3.100000e-06	-7.413837e-06	-1.105219e-08	-5.304614e+01	-7.237666e+02
3.110000e-06	-7.466831e-06	-1.109011e-08	-5.342531e+01	-7.263082e+02
3.120000e-06	-7.516822e-06	-1.112297e-08	-5.378300e+01	-7.286302e+02
3.130000e-06	-7.563788e-06	-1.115305e-08	-5.411904e+01	-7.307342e+02
3.140000e-06	-7.608126e-06	-1.118171e-08	-5.443628e+01	-7.326287e+02
3.150000e-06	-7.650033e-06	-1.120962e-08	-5.473612e+01	-7.343286e+02
3.160000e-06	-7.689377e-06	-1.123703e-08	-5.501763e+01	-7.358528e+02
3.170000e-06	-7.725912e-06	-1.126189e-08	-5.527904e+01	-7.372223e+02
3.180000e-06	-7.759710e-06	-1.128358e-08	-5.552087e+01	-7.384575e+02
3.190000e-06	-7.790815e-06	-1.130160e-08	-5.574342e+01	-7.395754e+02
3.200000e-06	-7.819043e-06	-1.131532e-08	-5.594539e+01	-7.405882e+02
3.210000e-06	-7.844469e-06	-1.132736e-08	-5.612732e+01	-7.415019e+02
3.220000e-06	-7.867021e-06	-1.133814e-08	-5.628868e+01	-7.423159e+02
3.230000e-06	-7.886715e-06	-1.134552e-08	-5.642959e+01	-7.430245e+02
3.240000e-06	-7.903695e-06	-1.135020e-08	-5.655108e+01	-7.436179e+02
3.250000e-06	-7.917674e-06	-1.135419e-08	-5.665110e+01	-7.440846e+02
3.260000e-06	-7.928494e-06	-1.135830e-08	-5.672852e+01	-7.444135e+02
3.270000e-06	-7.936372e-06	-1.136058e-08	-5.678489e+01	-7.445964e+02
3.280000e-06	-7.941379e-06	-1.136020e-08	-5.682071e+01	-7.446291e+02
3.290000e-06	-7.943574e-06	-1.135915e-08	-5.683642e+01	-7.445125e+02
3.300000e-06	-7.943020e-06	-1.136023e-08	-5.683245e+01	-7.442529e+02
