# Temperatura_=_39.24
# Concentracion g/m^3_=_10000.0
# C_Vs_to_Am_M_A/Vsm_=_65563218390.804596
# pendiente_HvsI_1/m_=_3716.3
# ordenada_HvsI_A/m_=_1297.0
# frecuencia_Hz_=_302623.728243222

Tiempo_(s)	Campo_(V.s)	Magnetizacion_(V.s)	Campo_(kA/m)	Magnetizacion_(A/m)
0.000000e+00	-7.947106e-06	-1.016945e-08	-5.683189e+01	-6.669949e+02
1.000000e-08	-7.944979e-06	-1.017086e-08	-5.681668e+01	-6.667507e+02
2.000000e-08	-7.940170e-06	-1.016860e-08	-5.678229e+01	-6.663975e+02
3.000000e-08	-7.932806e-06	-1.016212e-08	-5.672963e+01	-6.659467e+02
4.000000e-08	-7.922706e-06	-1.015393e-08	-5.665740e+01	-6.654119e+02
5.000000e-08	-7.909665e-06	-1.014368e-08	-5.656414e+01	-6.648068e+02
6.000000e-08	-7.893656e-06	-1.013237e-08	-5.644966e+01	-6.641442e+02
7.000000e-08	-7.875052e-06	-1.012273e-08	-5.631661e+01	-6.634344e+02
8.000000e-08	-7.854225e-06	-1.012367e-08	-5.616767e+01	-6.626838e+02
9.000000e-08	-7.830791e-06	-1.014599e-08	-5.600009e+01	-6.618946e+02
1.000000e-07	-7.804203e-06	-1.014105e-08	-5.580995e+01	-6.610649e+02
1.100000e-07	-7.774481e-06	-1.011311e-08	-5.559740e+01	-6.601888e+02
1.200000e-07	-7.741897e-06	-1.008235e-08	-5.536439e+01	-6.592578e+02
1.300000e-07	-7.706619e-06	-1.005527e-08	-5.511211e+01	-6.582614e+02
1.400000e-07	-7.668880e-06	-1.002192e-08	-5.484222e+01	-6.571888e+02
1.500000e-07	-7.628932e-06	-9.975737e-09	-5.455654e+01	-6.560296e+02
1.600000e-07	-7.586751e-06	-9.964596e-09	-5.425489e+01	-6.547747e+02
1.700000e-07	-7.542047e-06	-9.946314e-09	-5.393521e+01	-6.534170e+02
1.800000e-07	-7.494655e-06	-9.942840e-09	-5.359629e+01	-6.519511e+02
1.900000e-07	-7.444355e-06	-9.916215e-09	-5.323658e+01	-6.503737e+02
2.000000e-07	-7.391029e-06	-9.890489e-09	-5.285523e+01	-6.486825e+02
2.100000e-07	-7.334880e-06	-9.865397e-09	-5.245370e+01	-6.468763e+02
2.200000e-07	-7.276036e-06	-9.809951e-09	-5.203289e+01	-6.449545e+02
2.300000e-07	-7.214570e-06	-9.803756e-09	-5.159333e+01	-6.429163e+02
2.400000e-07	-7.150488e-06	-9.774595e-09	-5.113506e+01	-6.407610e+02
2.500000e-07	-7.083656e-06	-9.723932e-09	-5.065713e+01	-6.384879e+02
2.600000e-07	-7.014111e-06	-9.685478e-09	-5.015980e+01	-6.360963e+02
2.700000e-07	-6.941836e-06	-9.648429e-09	-4.964293e+01	-6.335862e+02
2.800000e-07	-6.866806e-06	-9.609426e-09	-4.910637e+01	-6.309579e+02
2.900000e-07	-6.789032e-06	-9.571347e-09	-4.855019e+01	-6.282127e+02
3.000000e-07	-6.708493e-06	-9.550446e-09	-4.797424e+01	-6.253522e+02
3.100000e-07	-6.625532e-06	-9.509926e-09	-4.738096e+01	-6.223788e+02
3.200000e-07	-6.540311e-06	-9.449580e-09	-4.677152e+01	-6.192943e+02
3.300000e-07	-6.452765e-06	-9.398071e-09	-4.614546e+01	-6.161000e+02
3.400000e-07	-6.362936e-06	-9.339991e-09	-4.550306e+01	-6.127957e+02
3.500000e-07	-6.270839e-06	-9.286835e-09	-4.484446e+01	-6.093794e+02
3.600000e-07	-6.176463e-06	-9.232479e-09	-4.416955e+01	-6.058468e+02
3.700000e-07	-6.079776e-06	-9.183833e-09	-4.347811e+01	-6.021914e+02
3.800000e-07	-5.980868e-06	-9.129238e-09	-4.277080e+01	-5.984050e+02
3.900000e-07	-5.879823e-06	-9.065561e-09	-4.204820e+01	-5.944783e+02
4.000000e-07	-5.776704e-06	-9.008121e-09	-4.131076e+01	-5.904019e+02
4.100000e-07	-5.671543e-06	-8.940178e-09	-4.055873e+01	-5.861671e+02
4.200000e-07	-5.564352e-06	-8.866854e-09	-3.979218e+01	-5.817673e+02
4.300000e-07	-5.455206e-06	-8.794070e-09	-3.901165e+01	-5.771979e+02
4.400000e-07	-5.344106e-06	-8.735496e-09	-3.821714e+01	-5.724575e+02
4.500000e-07	-5.231010e-06	-8.666728e-09	-3.740836e+01	-5.675470e+02
4.600000e-07	-5.115852e-06	-8.581519e-09	-3.658483e+01	-5.624690e+02
4.700000e-07	-4.998713e-06	-8.498086e-09	-3.574714e+01	-5.572272e+02
4.800000e-07	-4.879764e-06	-8.417361e-09	-3.489651e+01	-5.518243e+02
4.900000e-07	-4.759020e-06	-8.332963e-09	-3.403303e+01	-5.462613e+02
5.000000e-07	-4.636502e-06	-8.243867e-09	-3.315687e+01	-5.405359e+02
5.100000e-07	-4.512335e-06	-8.157445e-09	-3.226892e+01	-5.346419e+02
5.200000e-07	-4.386582e-06	-8.062275e-09	-3.136962e+01	-5.285689e+02
5.300000e-07	-4.259190e-06	-7.959541e-09	-3.045861e+01	-5.223030e+02
5.400000e-07	-4.130194e-06	-7.856089e-09	-2.953613e+01	-5.158274e+02
5.500000e-07	-3.999672e-06	-7.754542e-09	-2.860273e+01	-5.091244e+02
5.600000e-07	-3.867683e-06	-7.650245e-09	-2.765884e+01	-5.021767e+02
5.700000e-07	-3.734293e-06	-7.540891e-09	-2.670493e+01	-4.949697e+02
5.800000e-07	-3.599479e-06	-7.428085e-09	-2.574084e+01	-4.874922e+02
5.900000e-07	-3.463231e-06	-7.309998e-09	-2.476650e+01	-4.797374e+02
6.000000e-07	-3.325615e-06	-7.187313e-09	-2.378237e+01	-4.717032e+02
6.100000e-07	-3.186720e-06	-7.058258e-09	-2.278909e+01	-4.633909e+02
6.200000e-07	-3.046452e-06	-6.926568e-09	-2.178600e+01	-4.548039e+02
6.300000e-07	-2.904748e-06	-6.792127e-09	-2.077263e+01	-4.459452e+02
6.400000e-07	-2.761887e-06	-6.654591e-09	-1.975099e+01	-4.368155e+02
6.500000e-07	-2.617978e-06	-6.513028e-09	-1.872187e+01	-4.274111e+02
6.600000e-07	-2.473116e-06	-6.364164e-09	-1.768592e+01	-4.177216e+02
6.700000e-07	-2.327481e-06	-6.207520e-09	-1.664444e+01	-4.077300e+02
6.800000e-07	-2.181041e-06	-6.044879e-09	-1.559721e+01	-3.974123e+02
6.900000e-07	-2.033822e-06	-5.879236e-09	-1.454441e+01	-3.867395e+02
7.000000e-07	-1.885956e-06	-5.709749e-09	-1.348698e+01	-3.756794e+02
7.100000e-07	-1.737488e-06	-5.535580e-09	-1.242524e+01	-3.642000e+02
7.200000e-07	-1.588476e-06	-5.355893e-09	-1.135962e+01	-3.522720e+02
7.300000e-07	-1.439017e-06	-5.168714e-09	-1.029080e+01	-3.398719e+02
7.400000e-07	-1.289184e-06	-4.971742e-09	-9.219304e+00	-3.269837e+02
7.500000e-07	-1.138938e-06	-4.768246e-09	-8.144855e+00	-3.135988e+02
7.600000e-07	-9.882188e-07	-4.558423e-09	-7.067018e+00	-2.997158e+02
7.700000e-07	-8.370323e-07	-4.340112e-09	-5.985843e+00	-2.853369e+02
7.800000e-07	-6.854719e-07	-4.114144e-09	-4.901994e+00	-2.704644e+02
7.900000e-07	-5.336529e-07	-3.880620e-09	-3.816295e+00	-2.550958e+02
8.000000e-07	-3.816245e-07	-3.640505e-09	-2.729099e+00	-2.392188e+02
8.100000e-07	-2.294334e-07	-3.390665e-09	-1.640740e+00	-2.228072e+02
8.200000e-07	-7.714713e-08	-3.129995e-09	-5.516999e-01	-2.058180e+02
8.300000e-07	7.519053e-08	-2.859360e-09	5.377077e-01	-1.881910e+02
8.400000e-07	2.275376e-07	-2.576070e-09	1.627182e+00	-1.698508e+02
8.500000e-07	3.797998e-07	-2.280474e-09	2.716050e+00	-1.507118e+02
8.600000e-07	5.319694e-07	-1.971891e-09	3.804256e+00	-1.306860e+02
8.700000e-07	6.840201e-07	-1.651966e-09	4.891611e+00	-1.096925e+02
8.800000e-07	8.358729e-07	-1.318167e-09	5.977551e+00	-8.766815e+01
8.900000e-07	9.873967e-07	-9.677542e-10	7.061139e+00	-6.457905e+01
9.000000e-07	1.138447e-06	-6.035065e-10	8.141340e+00	-4.042976e+01
9.100000e-07	1.289009e-06	-2.246081e-10	9.218047e+00	-1.527096e+01
9.200000e-07	1.439104e-06	1.690831e-10	1.029142e+01	1.079659e+01
9.300000e-07	1.588733e-06	5.775209e-10	1.136145e+01	3.762209e+01
9.400000e-07	1.737846e-06	9.987150e-10	1.242781e+01	6.500904e+01
9.500000e-07	1.886319e-06	1.426840e-09	1.348957e+01	9.272376e+01
9.600000e-07	2.034094e-06	1.854725e-09	1.454635e+01	1.205074e+02
9.700000e-07	2.181112e-06	2.275429e-09	1.559772e+01	1.480903e+02
9.800000e-07	2.327370e-06	2.688188e-09	1.664365e+01	1.752077e+02
9.900000e-07	2.472849e-06	3.089693e-09	1.768401e+01	2.016147e+02
1.000000e-06	2.617404e-06	3.475043e-09	1.871776e+01	2.270999e+02
1.010000e-06	2.760940e-06	3.842880e-09	1.974422e+01	2.514961e+02
1.020000e-06	2.903384e-06	4.192027e-09	2.076288e+01	2.746864e+02
1.030000e-06	3.044564e-06	4.522785e-09	2.177250e+01	2.966067e+02
1.040000e-06	3.184433e-06	4.833673e-09	2.277274e+01	3.172435e+02
1.050000e-06	3.323103e-06	5.127198e-09	2.376440e+01	3.366280e+02
1.060000e-06	3.460565e-06	5.404775e-09	2.474743e+01	3.548269e+02
1.070000e-06	3.596661e-06	5.666701e-09	2.572069e+01	3.719314e+02
1.080000e-06	3.731375e-06	5.914809e-09	2.668407e+01	3.880456e+02
1.090000e-06	3.864798e-06	6.150242e-09	2.763821e+01	4.032756e+02
1.100000e-06	3.996803e-06	6.371929e-09	2.858221e+01	4.177198e+02
1.110000e-06	4.127386e-06	6.579355e-09	2.951604e+01	4.314621e+02
1.120000e-06	4.256557e-06	6.775585e-09	3.043978e+01	4.445681e+02
1.130000e-06	4.384174e-06	6.964046e-09	3.135241e+01	4.570841e+02
1.140000e-06	4.510294e-06	7.145176e-09	3.225432e+01	4.690383e+02
1.150000e-06	4.634897e-06	7.319078e-09	3.314540e+01	4.804450e+02
1.160000e-06	4.757876e-06	7.483450e-09	3.402485e+01	4.913095e+02
1.170000e-06	4.879221e-06	7.639207e-09	3.489262e+01	5.016335e+02
1.180000e-06	4.998818e-06	7.787245e-09	3.574789e+01	5.114198e+02
1.190000e-06	5.116553e-06	7.926496e-09	3.658985e+01	5.206768e+02
1.200000e-06	5.232314e-06	8.058535e-09	3.741768e+01	5.294204e+02
1.210000e-06	5.346051e-06	8.184404e-09	3.823104e+01	5.376751e+02
1.220000e-06	5.457799e-06	8.304688e-09	3.903018e+01	5.454726e+02
1.230000e-06	5.567619e-06	8.422082e-09	3.981554e+01	5.528502e+02
1.240000e-06	5.675481e-06	8.535651e-09	4.058689e+01	5.598473e+02
1.250000e-06	5.781296e-06	8.641113e-09	4.134360e+01	5.665027e+02
1.260000e-06	5.884960e-06	8.737661e-09	4.208493e+01	5.728509e+02
1.270000e-06	5.986431e-06	8.826381e-09	4.281057e+01	5.789206e+02
1.280000e-06	6.085720e-06	8.911049e-09	4.352062e+01	5.847331e+02
1.290000e-06	6.182702e-06	8.993053e-09	4.421417e+01	5.903023e+02
1.300000e-06	6.277375e-06	9.071130e-09	4.489119e+01	5.956356e+02
1.310000e-06	6.369800e-06	9.144453e-09	4.555215e+01	6.007359e+02
1.320000e-06	6.459922e-06	9.216420e-09	4.619664e+01	6.056033e+02
1.330000e-06	6.547689e-06	9.289000e-09	4.682428e+01	6.102378e+02
1.340000e-06	6.633199e-06	9.360057e-09	4.743579e+01	6.146408e+02
1.350000e-06	6.716462e-06	9.426636e-09	4.803123e+01	6.188165e+02
1.360000e-06	6.797281e-06	9.487793e-09	4.860918e+01	6.227727e+02
1.370000e-06	6.875509e-06	9.544404e-09	4.916861e+01	6.265196e+02
1.380000e-06	6.951153e-06	9.597083e-09	4.970956e+01	6.300699e+02
1.390000e-06	7.024216e-06	9.648082e-09	5.023206e+01	6.334363e+02
1.400000e-06	7.094719e-06	9.697671e-09	5.073624e+01	6.366307e+02
1.410000e-06	7.162749e-06	9.743778e-09	5.122274e+01	6.396622e+02
1.420000e-06	7.228220e-06	9.786702e-09	5.169094e+01	6.425366e+02
1.430000e-06	7.291103e-06	9.827883e-09	5.214064e+01	6.452556e+02
1.440000e-06	7.351522e-06	9.868271e-09	5.257271e+01	6.478175e+02
1.450000e-06	7.409385e-06	9.906697e-09	5.298650e+01	6.502180e+02
1.460000e-06	7.464586e-06	9.940672e-09	5.338126e+01	6.524517e+02
1.470000e-06	7.516962e-06	9.971402e-09	5.375582e+01	6.545137e+02
1.480000e-06	7.566244e-06	1.000007e-08	5.410824e+01	6.564013e+02
1.490000e-06	7.612627e-06	1.002688e-08	5.443994e+01	6.581152e+02
1.500000e-06	7.656405e-06	1.005034e-08	5.475301e+01	6.596604e+02
1.510000e-06	7.697427e-06	1.007060e-08	5.504637e+01	6.610459e+02
1.520000e-06	7.735688e-06	1.008960e-08	5.531998e+01	6.622843e+02
1.530000e-06	7.771292e-06	1.010659e-08	5.557460e+01	6.633904e+02
1.540000e-06	7.804095e-06	1.012358e-08	5.580918e+01	6.643796e+02
1.550000e-06	7.834131e-06	1.014113e-08	5.602398e+01	6.652662e+02
1.560000e-06	7.861412e-06	1.015715e-08	5.621907e+01	6.660615e+02
1.570000e-06	7.885777e-06	1.017011e-08	5.639331e+01	6.667730e+02
1.580000e-06	7.907319e-06	1.017833e-08	5.654736e+01	6.674034e+02
1.590000e-06	7.926163e-06	1.018453e-08	5.668212e+01	6.679508e+02
1.600000e-06	7.942090e-06	1.019044e-08	5.679602e+01	6.684096e+02
1.610000e-06	7.954926e-06	1.019547e-08	5.688782e+01	6.687716e+02
1.620000e-06	7.964658e-06	1.020084e-08	5.695741e+01	6.690278e+02
1.630000e-06	7.971392e-06	1.020562e-08	5.700557e+01	6.691703e+02
1.640000e-06	7.975330e-06	1.020909e-08	5.703373e+01	6.691935e+02
1.650000e-06	7.976417e-06	1.020953e-08	5.704150e+01	6.690957e+02
1.660000e-06	7.974781e-06	1.020354e-08	5.702980e+01	6.688797e+02
1.670000e-06	7.970548e-06	1.019807e-08	5.699953e+01	6.685523e+02
1.680000e-06	7.963642e-06	1.019060e-08	5.695014e+01	6.681243e+02
1.690000e-06	7.954064e-06	1.018254e-08	5.688165e+01	6.676086e+02
1.700000e-06	7.941678e-06	1.017590e-08	5.679307e+01	6.670193e+02
1.710000e-06	7.926515e-06	1.016998e-08	5.668464e+01	6.663696e+02
1.720000e-06	7.908907e-06	1.016017e-08	5.655872e+01	6.656704e+02
1.730000e-06	7.889022e-06	1.011445e-08	5.641651e+01	6.649291e+02
1.740000e-06	7.866510e-06	1.006846e-08	5.625553e+01	6.641491e+02
1.750000e-06	7.840761e-06	1.006311e-08	5.607139e+01	6.633295e+02
1.760000e-06	7.811450e-06	1.006692e-08	5.586178e+01	6.624652e+02
1.770000e-06	7.778922e-06	1.006007e-08	5.562916e+01	6.615484e+02
1.780000e-06	7.743855e-06	1.006114e-08	5.537839e+01	6.605689e+02
1.790000e-06	7.706425e-06	1.007565e-08	5.511072e+01	6.595159e+02
1.800000e-06	7.666835e-06	1.003951e-08	5.482760e+01	6.583787e+02
1.810000e-06	7.625191e-06	1.004203e-08	5.452979e+01	6.571481e+02
1.820000e-06	7.581019e-06	1.000699e-08	5.421391e+01	6.558161e+02
1.830000e-06	7.534161e-06	9.982493e-09	5.387881e+01	6.543772e+02
1.840000e-06	7.484568e-06	9.993929e-09	5.352416e+01	6.528274e+02
1.850000e-06	7.431981e-06	9.932848e-09	5.314810e+01	6.511643e+02
1.860000e-06	7.376511e-06	9.944122e-09	5.275141e+01	6.493865e+02
1.870000e-06	7.318362e-06	9.890203e-09	5.233558e+01	6.474932e+02
1.880000e-06	7.257574e-06	9.828214e-09	5.190087e+01	6.454836e+02
1.890000e-06	7.194060e-06	9.827657e-09	5.144666e+01	6.433572e+02
1.900000e-06	7.127772e-06	9.779707e-09	5.097261e+01	6.411131e+02
1.910000e-06	7.058780e-06	9.754029e-09	5.047923e+01	6.387508e+02
1.920000e-06	6.986986e-06	9.710959e-09	4.996582e+01	6.362698e+02
1.930000e-06	6.912493e-06	9.680190e-09	4.943310e+01	6.336705e+02
1.940000e-06	6.835268e-06	9.622566e-09	4.888084e+01	6.309539e+02
1.950000e-06	6.755325e-06	9.561392e-09	4.830914e+01	6.281215e+02
1.960000e-06	6.672934e-06	9.543418e-09	4.771994e+01	6.251757e+02
1.970000e-06	6.588115e-06	9.484403e-09	4.711338e+01	6.221183e+02
1.980000e-06	6.500833e-06	9.448952e-09	4.648921e+01	6.189509e+02
1.990000e-06	6.411164e-06	9.398051e-09	4.584796e+01	6.156738e+02
2.000000e-06	6.319273e-06	9.353933e-09	4.519082e+01	6.122853e+02
2.010000e-06	6.225129e-06	9.284188e-09	4.451757e+01	6.087818e+02
2.020000e-06	6.128728e-06	9.215269e-09	4.382818e+01	6.051573e+02
2.030000e-06	6.030167e-06	9.173496e-09	4.312335e+01	6.014041e+02
2.040000e-06	5.929440e-06	9.114443e-09	4.240302e+01	5.975129e+02
2.050000e-06	5.826572e-06	9.060055e-09	4.166738e+01	5.934743e+02
2.060000e-06	5.721650e-06	8.991495e-09	4.091706e+01	5.892793e+02
2.070000e-06	5.614791e-06	8.932742e-09	4.015288e+01	5.849208e+02
2.080000e-06	5.505998e-06	8.844415e-09	3.937487e+01	5.803936e+02
2.090000e-06	5.395245e-06	8.763942e-09	3.858285e+01	5.756955e+02
2.100000e-06	5.282506e-06	8.696450e-09	3.777662e+01	5.708268e+02
2.110000e-06	5.167783e-06	8.628853e-09	3.695620e+01	5.657899e+02
2.120000e-06	5.051016e-06	8.553698e-09	3.612117e+01	5.605882e+02
2.130000e-06	4.932229e-06	8.473041e-09	3.527169e+01	5.552250e+02
2.140000e-06	4.811664e-06	8.393218e-09	3.440950e+01	5.497016e+02
2.150000e-06	4.689401e-06	8.299767e-09	3.353517e+01	5.440167e+02
2.160000e-06	4.565379e-06	8.207318e-09	3.264825e+01	5.381652e+02
2.170000e-06	4.439649e-06	8.114811e-09	3.174913e+01	5.321377e+02
2.180000e-06	4.312291e-06	8.028377e-09	3.083835e+01	5.259210e+02
2.190000e-06	4.183360e-06	7.931672e-09	2.991633e+01	5.194990e+02
2.200000e-06	4.052892e-06	7.832042e-09	2.898332e+01	5.128540e+02
2.210000e-06	3.920891e-06	7.724220e-09	2.803934e+01	5.059686e+02
2.220000e-06	3.787462e-06	7.612072e-09	2.708516e+01	4.988271e+02
2.230000e-06	3.652665e-06	7.497352e-09	2.612119e+01	4.914175e+02
2.240000e-06	3.516482e-06	7.383084e-09	2.514731e+01	4.837320e+02
2.250000e-06	3.378953e-06	7.266812e-09	2.416380e+01	4.757672e+02
2.260000e-06	3.240061e-06	7.143754e-09	2.317054e+01	4.675237e+02
2.270000e-06	3.099873e-06	7.016815e-09	2.216802e+01	4.590044e+02
2.280000e-06	2.958526e-06	6.880244e-09	2.115722e+01	4.502130e+02
2.290000e-06	2.816042e-06	6.738295e-09	2.013828e+01	4.411508e+02
2.300000e-06	2.672474e-06	6.594494e-09	1.911158e+01	4.318152e+02
2.310000e-06	2.527979e-06	6.451331e-09	1.807826e+01	4.221979e+02
2.320000e-06	2.382693e-06	6.303965e-09	1.703927e+01	4.122833e+02
2.330000e-06	2.236639e-06	6.151277e-09	1.599481e+01	4.020492e+02
2.340000e-06	2.089784e-06	5.991842e-09	1.494460e+01	3.914676e+02
2.350000e-06	1.942096e-06	5.823277e-09	1.388845e+01	3.805069e+02
2.360000e-06	1.793727e-06	5.644663e-09	1.282742e+01	3.691348e+02
2.370000e-06	1.644849e-06	5.460308e-09	1.176276e+01	3.573209e+02
2.380000e-06	1.495520e-06	5.272934e-09	1.069487e+01	3.450402e+02
2.390000e-06	1.345730e-06	5.080819e-09	9.623675e+00	3.322746e+02
2.400000e-06	1.195431e-06	4.881201e-09	8.548849e+00	3.190138e+02
2.410000e-06	1.044700e-06	4.671810e-09	7.470931e+00	3.052547e+02
2.420000e-06	8.936836e-07	4.453235e-09	6.390971e+00	2.909990e+02
2.430000e-06	7.424676e-07	4.227534e-09	5.309586e+00	2.762494e+02
2.440000e-06	5.910302e-07	3.997413e-09	4.226616e+00	2.610050e+02
2.450000e-06	4.393335e-07	3.761870e-09	3.141792e+00	2.452565e+02
2.460000e-06	2.874412e-07	3.514896e-09	2.055569e+00	2.289814e+02
2.470000e-06	1.353946e-07	3.254810e-09	9.682434e-01	2.121412e+02
2.480000e-06	-1.672478e-08	2.983452e-09	-1.196034e-01	1.946797e+02
2.490000e-06	-1.688280e-07	2.702852e-09	-1.207335e+00	1.765250e+02
2.500000e-06	-3.208914e-07	2.409703e-09	-2.294781e+00	1.575935e+02
2.510000e-06	-4.728479e-07	2.103679e-09	-3.381463e+00	1.377970e+02
2.520000e-06	-6.246471e-07	1.787875e-09	-4.467019e+00	1.170517e+02
2.530000e-06	-7.762322e-07	1.460391e-09	-5.551045e+00	9.528915e+01
2.540000e-06	-9.275879e-07	1.120044e-09	-6.633430e+00	7.246700e+01
2.550000e-06	-1.078669e-06	7.645479e-10	-7.713851e+00	4.857942e+01
2.560000e-06	-1.229374e-06	3.897700e-10	-8.791580e+00	2.366506e+01
2.570000e-06	-1.379675e-06	-5.432519e-12	-9.866427e+00	-2.188004e+00
2.580000e-06	-1.529485e-06	-4.155879e-10	-1.093776e+01	-2.884124e+01
2.590000e-06	-1.678791e-06	-8.358927e-10	-1.200549e+01	-5.610894e+01
2.600000e-06	-1.827575e-06	-1.263220e-09	-1.306948e+01	-8.376572e+01
2.610000e-06	-1.975627e-06	-1.693735e-09	-1.412824e+01	-1.115577e+02
2.620000e-06	-2.122763e-06	-2.123616e-09	-1.518045e+01	-1.392166e+02
2.630000e-06	-2.269058e-06	-2.544813e-09	-1.622664e+01	-1.664748e+02
2.640000e-06	-2.414574e-06	-2.949947e-09	-1.726727e+01	-1.930812e+02
2.650000e-06	-2.559137e-06	-3.338572e-09	-1.830108e+01	-2.188149e+02
2.660000e-06	-2.702696e-06	-3.711665e-09	-1.932771e+01	-2.434969e+02
2.670000e-06	-2.845223e-06	-4.068531e-09	-2.034695e+01	-2.669971e+02
2.680000e-06	-2.986666e-06	-4.406690e-09	-2.135845e+01	-2.892385e+02
2.690000e-06	-3.126967e-06	-4.725686e-09	-2.236178e+01	-3.101954e+02
2.700000e-06	-3.266007e-06	-5.027622e-09	-2.335609e+01	-3.298884e+02
2.710000e-06	-3.403747e-06	-5.312226e-09	-2.434111e+01	-3.483764e+02
2.720000e-06	-3.540150e-06	-5.578609e-09	-2.531657e+01	-3.657455e+02
2.730000e-06	-3.675188e-06	-5.829360e-09	-2.628226e+01	-3.820978e+02
2.740000e-06	-3.808971e-06	-6.067791e-09	-2.723898e+01	-3.975396e+02
2.750000e-06	-3.941420e-06	-6.294663e-09	-2.818615e+01	-4.121722e+02
2.760000e-06	-4.072430e-06	-6.509709e-09	-2.912304e+01	-4.260835e+02
2.770000e-06	-4.202098e-06	-6.715245e-09	-3.005033e+01	-4.393440e+02
2.780000e-06	-4.330292e-06	-6.912131e-09	-3.096708e+01	-4.520047e+02
2.790000e-06	-4.456970e-06	-7.098065e-09	-3.187299e+01	-4.640980e+02
2.800000e-06	-4.582192e-06	-7.271108e-09	-3.276849e+01	-4.756413e+02
2.810000e-06	-4.705726e-06	-7.433509e-09	-3.365191e+01	-4.866417e+02
2.820000e-06	-4.827469e-06	-7.589355e-09	-3.452253e+01	-4.971011e+02
2.830000e-06	-4.947494e-06	-7.739270e-09	-3.538086e+01	-5.070218e+02
2.840000e-06	-5.065727e-06	-7.882359e-09	-3.622638e+01	-5.164104e+02
2.850000e-06	-5.181879e-06	-8.017935e-09	-3.705701e+01	-5.252809e+02
2.860000e-06	-5.295827e-06	-8.146112e-09	-3.787189e+01	-5.336555e+02
2.870000e-06	-5.407677e-06	-8.268425e-09	-3.867175e+01	-5.415645e+02
2.880000e-06	-5.517495e-06	-8.384791e-09	-3.945709e+01	-5.490439e+02
2.890000e-06	-5.625371e-06	-8.494799e-09	-4.022854e+01	-5.561329e+02
2.900000e-06	-5.731358e-06	-8.598601e-09	-4.098648e+01	-5.628707e+02
2.910000e-06	-5.835307e-06	-8.696446e-09	-4.172985e+01	-5.692932e+02
2.920000e-06	-5.937055e-06	-8.790139e-09	-4.245747e+01	-5.754308e+02
2.930000e-06	-6.036607e-06	-8.878622e-09	-4.316940e+01	-5.813065e+02
2.940000e-06	-6.134023e-06	-8.962673e-09	-4.386605e+01	-5.869360e+02
2.950000e-06	-6.229250e-06	-9.044231e-09	-4.454704e+01	-5.923284e+02
2.960000e-06	-6.322194e-06	-9.122685e-09	-4.521171e+01	-5.974874e+02
2.970000e-06	-6.412872e-06	-9.197890e-09	-4.586017e+01	-6.024135e+02
2.980000e-06	-6.501274e-06	-9.269590e-09	-4.649236e+01	-6.071066e+02
2.990000e-06	-6.587291e-06	-9.337730e-09	-4.710749e+01	-6.115677e+02
3.000000e-06	-6.670838e-06	-9.403989e-09	-4.770496e+01	-6.158001e+02
3.010000e-06	-6.752016e-06	-9.467926e-09	-4.828548e+01	-6.198108e+02
3.020000e-06	-6.830819e-06	-9.527462e-09	-4.884902e+01	-6.236094e+02
3.030000e-06	-6.906997e-06	-9.582417e-09	-4.939379e+01	-6.272081e+02
3.040000e-06	-6.980539e-06	-9.633628e-09	-4.991971e+01	-6.306198e+02
3.050000e-06	-7.051566e-06	-9.683388e-09	-5.042764e+01	-6.338566e+02
3.060000e-06	-7.120022e-06	-9.731069e-09	-5.091719e+01	-6.369287e+02
3.070000e-06	-7.185940e-06	-9.774756e-09	-5.138859e+01	-6.398425e+02
3.080000e-06	-7.249362e-06	-9.814703e-09	-5.184214e+01	-6.426009e+02
3.090000e-06	-7.310181e-06	-9.852632e-09	-5.227707e+01	-6.452029e+02
3.100000e-06	-7.368355e-06	-9.889835e-09	-5.269309e+01	-6.476447e+02
3.110000e-06	-7.423902e-06	-9.924456e-09	-5.309032e+01	-6.499211e+02
3.120000e-06	-7.476625e-06	-9.956934e-09	-5.346736e+01	-6.520268e+02
3.130000e-06	-7.526310e-06	-9.985614e-09	-5.382267e+01	-6.539586e+02
3.140000e-06	-7.573007e-06	-1.000913e-08	-5.415661e+01	-6.557161e+02
3.150000e-06	-7.617072e-06	-1.003041e-08	-5.447173e+01	-6.573033e+02
3.160000e-06	-7.658691e-06	-1.005170e-08	-5.476936e+01	-6.587281e+02
3.170000e-06	-7.697680e-06	-1.007499e-08	-5.504818e+01	-6.600024e+02
3.180000e-06	-7.733940e-06	-1.009683e-08	-5.530748e+01	-6.611406e+02
3.190000e-06	-7.767499e-06	-1.011390e-08	-5.554748e+01	-6.621581e+02
3.200000e-06	-7.798230e-06	-1.012674e-08	-5.576724e+01	-6.630697e+02
3.210000e-06	-7.826055e-06	-1.013653e-08	-5.596622e+01	-6.638874e+02
3.220000e-06	-7.851085e-06	-1.014592e-08	-5.614522e+01	-6.646199e+02
3.230000e-06	-7.873279e-06	-1.015493e-08	-5.630393e+01	-6.652710e+02
3.240000e-06	-7.892615e-06	-1.016149e-08	-5.644221e+01	-6.658400e+02
3.250000e-06	-7.909126e-06	-1.016464e-08	-5.656028e+01	-6.663221e+02
3.260000e-06	-7.922607e-06	-1.016706e-08	-5.665669e+01	-6.667097e+02
3.270000e-06	-7.933073e-06	-1.017057e-08	-5.673154e+01	-6.669936e+02
3.280000e-06	-7.940652e-06	-1.017186e-08	-5.678574e+01	-6.671656e+02
3.290000e-06	-7.945334e-06	-1.017107e-08	-5.681922e+01	-6.672195e+02
3.300000e-06	-7.947218e-06	-1.016924e-08	-5.683269e+01	-6.671524e+02
