# Temperatura_=_30.21
# Concentracion g/m^3_=_10000.0
# C_Vs_to_Am_M_A/Vsm_=_65563218390.804596
# pendiente_HvsI_1/m_=_3716.3
# ordenada_HvsI_A/m_=_1297.0
# frecuencia_Hz_=_302622.8005410315

Tiempo_(s)	Campo_(V.s)	Magnetizacion_(V.s)	Campo_(kA/m)	Magnetizacion_(A/m)
0.000000e+00	-7.885217e-06	-1.057875e-08	-5.681214e+01	-6.929805e+02
1.000000e-08	-7.880612e-06	-1.057552e-08	-5.677896e+01	-6.926610e+02
2.000000e-08	-7.873494e-06	-1.057153e-08	-5.672768e+01	-6.922278e+02
3.000000e-08	-7.863597e-06	-1.056608e-08	-5.665637e+01	-6.916941e+02
4.000000e-08	-7.850777e-06	-1.055819e-08	-5.656400e+01	-6.910748e+02
5.000000e-08	-7.835067e-06	-1.054926e-08	-5.645082e+01	-6.903850e+02
6.000000e-08	-7.816768e-06	-1.054065e-08	-5.631897e+01	-6.896384e+02
7.000000e-08	-7.796235e-06	-1.053354e-08	-5.617103e+01	-6.888450e+02
8.000000e-08	-7.773142e-06	-1.055280e-08	-5.600466e+01	-6.880110e+02
9.000000e-08	-7.746928e-06	-1.053755e-08	-5.581579e+01	-6.871372e+02
1.000000e-07	-7.717571e-06	-1.050747e-08	-5.560427e+01	-6.862197e+02
1.100000e-07	-7.685341e-06	-1.048112e-08	-5.537205e+01	-6.852502e+02
1.200000e-07	-7.650397e-06	-1.044774e-08	-5.512029e+01	-6.842174e+02
1.300000e-07	-7.613014e-06	-1.041351e-08	-5.485095e+01	-6.831076e+02
1.400000e-07	-7.573520e-06	-1.037993e-08	-5.456640e+01	-6.819071e+02
1.500000e-07	-7.531834e-06	-1.040507e-08	-5.426605e+01	-6.806028e+02
1.600000e-07	-7.487602e-06	-1.037442e-08	-5.394736e+01	-6.791835e+02
1.700000e-07	-7.440663e-06	-1.032212e-08	-5.360918e+01	-6.776408e+02
1.800000e-07	-7.390884e-06	-1.031284e-08	-5.325053e+01	-6.759692e+02
1.900000e-07	-7.338185e-06	-1.024819e-08	-5.287083e+01	-6.741662e+02
2.000000e-07	-7.282687e-06	-1.022002e-08	-5.247098e+01	-6.722315e+02
2.100000e-07	-7.224483e-06	-1.020524e-08	-5.205163e+01	-6.701667e+02
2.200000e-07	-7.163641e-06	-1.020125e-08	-5.161326e+01	-6.679745e+02
2.300000e-07	-7.100157e-06	-1.019152e-08	-5.115587e+01	-6.656583e+02
2.400000e-07	-7.033966e-06	-1.010842e-08	-5.067897e+01	-6.632210e+02
2.500000e-07	-6.965154e-06	-1.007526e-08	-5.018318e+01	-6.606651e+02
2.600000e-07	-6.893645e-06	-1.003755e-08	-4.966797e+01	-6.579926e+02
2.700000e-07	-6.819380e-06	-9.984855e-09	-4.913290e+01	-6.552047e+02
2.800000e-07	-6.742324e-06	-9.932626e-09	-4.857772e+01	-6.523020e+02
2.900000e-07	-6.662472e-06	-9.907446e-09	-4.800239e+01	-6.492847e+02
3.000000e-07	-6.580176e-06	-9.865647e-09	-4.740946e+01	-6.461523e+02
3.100000e-07	-6.495693e-06	-9.784360e-09	-4.680077e+01	-6.429041e+02
3.200000e-07	-6.408978e-06	-9.753258e-09	-4.617600e+01	-6.395390e+02
3.300000e-07	-6.319969e-06	-9.702411e-09	-4.553470e+01	-6.360548e+02
3.400000e-07	-6.228642e-06	-9.636804e-09	-4.487669e+01	-6.324489e+02
3.500000e-07	-6.135054e-06	-9.583019e-09	-4.420241e+01	-6.287172e+02
3.600000e-07	-6.039212e-06	-9.544709e-09	-4.351188e+01	-6.248549e+02
3.700000e-07	-5.941118e-06	-9.481499e-09	-4.280512e+01	-6.208557e+02
3.800000e-07	-5.840912e-06	-9.393444e-09	-4.208314e+01	-6.167129e+02
3.900000e-07	-5.738639e-06	-9.333180e-09	-4.134628e+01	-6.124192e+02
4.000000e-07	-5.634316e-06	-9.267150e-09	-4.059464e+01	-6.079678e+02
4.100000e-07	-5.528012e-06	-9.191507e-09	-3.982874e+01	-6.033524e+02
4.200000e-07	-5.419783e-06	-9.117784e-09	-3.904895e+01	-5.985680e+02
4.300000e-07	-5.309623e-06	-9.068489e-09	-3.825526e+01	-5.936111e+02
4.400000e-07	-5.197496e-06	-8.994993e-09	-3.744740e+01	-5.884798e+02
4.500000e-07	-5.083319e-06	-8.893828e-09	-3.662477e+01	-5.831736e+02
4.600000e-07	-4.967111e-06	-8.803694e-09	-3.578750e+01	-5.776926e+02
4.700000e-07	-4.849060e-06	-8.726565e-09	-3.493696e+01	-5.720370e+02
4.800000e-07	-4.729218e-06	-8.637934e-09	-3.407351e+01	-5.662061e+02
4.900000e-07	-4.607657e-06	-8.540393e-09	-3.319767e+01	-5.601971e+02
5.000000e-07	-4.484500e-06	-8.450800e-09	-3.231034e+01	-5.540052e+02
5.100000e-07	-4.359778e-06	-8.350780e-09	-3.141173e+01	-5.476223e+02
5.200000e-07	-4.233442e-06	-8.245028e-09	-3.050150e+01	-5.410379e+02
5.300000e-07	-4.105521e-06	-8.136627e-09	-2.957984e+01	-5.342389e+02
5.400000e-07	-3.976167e-06	-8.030523e-09	-2.864786e+01	-5.272109e+02
5.500000e-07	-3.845234e-06	-7.916559e-09	-2.770450e+01	-5.199392e+02
5.600000e-07	-3.712741e-06	-7.800503e-09	-2.674990e+01	-5.124099e+02
5.700000e-07	-3.578886e-06	-7.682651e-09	-2.578549e+01	-5.046114e+02
5.800000e-07	-3.443677e-06	-7.558277e-09	-2.481132e+01	-4.965349e+02
5.900000e-07	-3.307157e-06	-7.430542e-09	-2.382771e+01	-4.881748e+02
6.000000e-07	-3.169401e-06	-7.301928e-09	-2.283519e+01	-4.795286e+02
6.100000e-07	-3.030368e-06	-7.170450e-09	-2.183348e+01	-4.705957e+02
6.200000e-07	-2.889921e-06	-7.029348e-09	-2.082157e+01	-4.613765e+02
6.300000e-07	-2.748157e-06	-6.885940e-09	-1.980018e+01	-4.518705e+02
6.400000e-07	-2.605338e-06	-6.735864e-09	-1.877118e+01	-4.420744e+02
6.500000e-07	-2.461615e-06	-6.574082e-09	-1.773567e+01	-4.319812e+02
6.600000e-07	-2.317047e-06	-6.405307e-09	-1.669407e+01	-4.215786e+02
6.700000e-07	-2.171664e-06	-6.238781e-09	-1.564661e+01	-4.108492e+02
6.800000e-07	-2.025521e-06	-6.070479e-09	-1.459366e+01	-3.997707e+02
6.900000e-07	-1.878692e-06	-5.895719e-09	-1.353577e+01	-3.883176e+02
7.000000e-07	-1.731255e-06	-5.717173e-09	-1.247351e+01	-3.764629e+02
7.100000e-07	-1.583298e-06	-5.533528e-09	-1.140749e+01	-3.641804e+02
7.200000e-07	-1.434852e-06	-5.341598e-09	-1.033795e+01	-3.514471e+02
7.300000e-07	-1.285995e-06	-5.140170e-09	-9.265459e+00	-3.382453e+02
7.400000e-07	-1.136807e-06	-4.934165e-09	-8.190569e+00	-3.245628e+02
7.500000e-07	-9.873047e-07	-4.719044e-09	-7.113424e+00	-3.103936e+02
7.600000e-07	-8.374815e-07	-4.494186e-09	-6.033964e+00	-2.957361e+02
7.700000e-07	-6.873061e-07	-4.261814e-09	-4.951967e+00	-2.805911e+02
7.800000e-07	-5.367937e-07	-4.023643e-09	-3.867541e+00	-2.649577e+02
7.900000e-07	-3.860904e-07	-3.778969e-09	-2.781740e+00	-2.488301e+02
8.000000e-07	-2.352775e-07	-3.524014e-09	-1.695149e+00	-2.321933e+02
8.100000e-07	-8.434752e-08	-3.263130e-09	-6.077148e-01	-2.150204e+02
8.200000e-07	6.664480e-08	-2.997143e-09	4.801686e-01	-1.972712e+02
8.300000e-07	2.176687e-07	-2.720517e-09	1.568280e+00	-1.788920e+02
8.400000e-07	3.686837e-07	-2.426235e-09	2.656326e+00	-1.598181e+02
8.500000e-07	5.195504e-07	-2.116450e-09	3.743305e+00	-1.399793e+02
8.600000e-07	6.701728e-07	-1.797095e-09	4.828523e+00	-1.193056e+02
8.700000e-07	8.205496e-07	-1.465516e-09	5.911971e+00	-9.773637e+01
8.800000e-07	9.706412e-07	-1.120946e-09	6.993365e+00	-7.522883e+01
8.900000e-07	1.120457e-06	-7.663916e-10	8.072775e+00	-5.176702e+01
9.000000e-07	1.269954e-06	-4.012495e-10	9.149880e+00	-2.736937e+01
9.100000e-07	1.419083e-06	-2.098948e-11	1.022434e+01	-2.094127e+00
9.200000e-07	1.567750e-06	3.742586e-10	1.129547e+01	2.395809e+01
9.300000e-07	1.715823e-06	7.801023e-10	1.236232e+01	5.064511e+01
9.400000e-07	1.863248e-06	1.194419e-09	1.342450e+01	7.778761e+01
9.500000e-07	2.010058e-06	1.613985e-09	1.448225e+01	1.051767e+02
9.600000e-07	2.156162e-06	2.033599e-09	1.553491e+01	1.325845e+02
9.700000e-07	2.301419e-06	2.450806e-09	1.658147e+01	1.597758e+02
9.800000e-07	2.445807e-06	2.860543e-09	1.762177e+01	1.865215e+02
9.900000e-07	2.589267e-06	3.257935e-09	1.865539e+01	2.126108e+02
1.000000e-06	2.731709e-06	3.638520e-09	1.968167e+01	2.378618e+02
1.010000e-06	2.873091e-06	4.003083e-09	2.070031e+01	2.621299e+02
1.020000e-06	3.013336e-06	4.350465e-09	2.171076e+01	2.853130e+02
1.030000e-06	3.152322e-06	4.680575e-09	2.271214e+01	3.073526e+02
1.040000e-06	3.290062e-06	4.996281e-09	2.370455e+01	3.282322e+02
1.050000e-06	3.426513e-06	5.297713e-09	2.468766e+01	3.479720e+02
1.060000e-06	3.561624e-06	5.584744e-09	2.566112e+01	3.666215e+02
1.070000e-06	3.695457e-06	5.855367e-09	2.662537e+01	3.842507e+02
1.080000e-06	3.827990e-06	6.109029e-09	2.758026e+01	4.009408e+02
1.090000e-06	3.959133e-06	6.346639e-09	2.852513e+01	4.167755e+02
1.100000e-06	4.088813e-06	6.573997e-09	2.945946e+01	4.318337e+02
1.110000e-06	4.217016e-06	6.793485e-09	3.038315e+01	4.461839e+02
1.120000e-06	4.343793e-06	7.002913e-09	3.129656e+01	4.598813e+02
1.130000e-06	4.469090e-06	7.204158e-09	3.219931e+01	4.729668e+02
1.140000e-06	4.592831e-06	7.396096e-09	3.309086e+01	4.854683e+02
1.150000e-06	4.715043e-06	7.575067e-09	3.397138e+01	4.974034e+02
1.160000e-06	4.835615e-06	7.743194e-09	3.484009e+01	5.087830e+02
1.170000e-06	4.954431e-06	7.901931e-09	3.569615e+01	5.196152e+02
1.180000e-06	5.071450e-06	8.054920e-09	3.653925e+01	5.299091e+02
1.190000e-06	5.186495e-06	8.202188e-09	3.736814e+01	5.396772e+02
1.200000e-06	5.299469e-06	8.345309e-09	3.818210e+01	5.489370e+02
1.210000e-06	5.410420e-06	8.482104e-09	3.898150e+01	5.577118e+02
1.220000e-06	5.519460e-06	8.613377e-09	3.976712e+01	5.660294e+02
1.230000e-06	5.626646e-06	8.740453e-09	4.053938e+01	5.739207e+02
1.240000e-06	5.731822e-06	8.858769e-09	4.129716e+01	5.814177e+02
1.250000e-06	5.834804e-06	8.967604e-09	4.203913e+01	5.885512e+02
1.260000e-06	5.935637e-06	9.069268e-09	4.276563e+01	5.953487e+02
1.270000e-06	6.034333e-06	9.167040e-09	4.347672e+01	6.018335e+02
1.280000e-06	6.130725e-06	9.258326e-09	4.417122e+01	6.080238e+02
1.290000e-06	6.224812e-06	9.343076e-09	4.484910e+01	6.139328e+02
1.300000e-06	6.316707e-06	9.423411e-09	4.551119e+01	6.195700e+02
1.310000e-06	6.406376e-06	9.502743e-09	4.615725e+01	6.249425e+02
1.320000e-06	6.493678e-06	9.581638e-09	4.678625e+01	6.300559e+02
1.330000e-06	6.578679e-06	9.658079e-09	4.739867e+01	6.349165e+02
1.340000e-06	6.661460e-06	9.731157e-09	4.799511e+01	6.395318e+02
1.350000e-06	6.741837e-06	9.800094e-09	4.857421e+01	6.439112e+02
1.360000e-06	6.819687e-06	9.864208e-09	4.913511e+01	6.480657e+02
1.370000e-06	6.894954e-06	9.923472e-09	4.967740e+01	6.520076e+02
1.380000e-06	6.967582e-06	9.979772e-09	5.020068e+01	6.557490e+02
1.390000e-06	7.037686e-06	1.003353e-08	5.070577e+01	6.593008e+02
1.400000e-06	7.105370e-06	1.008382e-08	5.119343e+01	6.626717e+02
1.410000e-06	7.170485e-06	1.013212e-08	5.166258e+01	6.658669e+02
1.420000e-06	7.233058e-06	1.017954e-08	5.211341e+01	6.688883e+02
1.430000e-06	7.293252e-06	1.022437e-08	5.254710e+01	6.717343e+02
1.440000e-06	7.350914e-06	1.026545e-08	5.296255e+01	6.744010e+02
1.450000e-06	7.405910e-06	1.030306e-08	5.335879e+01	6.768832e+02
1.460000e-06	7.458024e-06	1.033765e-08	5.373426e+01	6.791761e+02
1.470000e-06	7.507055e-06	1.036900e-08	5.408752e+01	6.812769e+02
1.480000e-06	7.553283e-06	1.039779e-08	5.442059e+01	6.831860e+02
1.490000e-06	7.596921e-06	1.042439e-08	5.473500e+01	6.849080e+02
1.500000e-06	7.637840e-06	1.044872e-08	5.502982e+01	6.864518e+02
1.510000e-06	7.675963e-06	1.047023e-08	5.530449e+01	6.878302e+02
1.520000e-06	7.711419e-06	1.048985e-08	5.555995e+01	6.890590e+02
1.530000e-06	7.744177e-06	1.050966e-08	5.579596e+01	6.901553e+02
1.540000e-06	7.774190e-06	1.052761e-08	5.601220e+01	6.911354e+02
1.550000e-06	7.801467e-06	1.054281e-08	5.620873e+01	6.920139e+02
1.560000e-06	7.825813e-06	1.055579e-08	5.638414e+01	6.928011e+02
1.570000e-06	7.847319e-06	1.056695e-08	5.653909e+01	6.935030e+02
1.580000e-06	7.866144e-06	1.057645e-08	5.667472e+01	6.941202e+02
1.590000e-06	7.882092e-06	1.058326e-08	5.678963e+01	6.946488e+02
1.600000e-06	7.895002e-06	1.058847e-08	5.688264e+01	6.950813e+02
1.610000e-06	7.904804e-06	1.059309e-08	5.695326e+01	6.954082e+02
1.620000e-06	7.911633e-06	1.059787e-08	5.700246e+01	6.956196e+02
1.630000e-06	7.915767e-06	1.060185e-08	5.703225e+01	6.957075e+02
1.640000e-06	7.917051e-06	1.060435e-08	5.704150e+01	6.956668e+02
1.650000e-06	7.915508e-06	1.060125e-08	5.703038e+01	6.954970e+02
1.660000e-06	7.911462e-06	1.060030e-08	5.700123e+01	6.952025e+02
1.670000e-06	7.904768e-06	1.059453e-08	5.695301e+01	6.947918e+02
1.680000e-06	7.895355e-06	1.058562e-08	5.688518e+01	6.942776e+02
1.690000e-06	7.883217e-06	1.057794e-08	5.679773e+01	6.936745e+02
1.700000e-06	7.868322e-06	1.057181e-08	5.669042e+01	6.929979e+02
1.710000e-06	7.850941e-06	1.056048e-08	5.656518e+01	6.922616e+02
1.720000e-06	7.831290e-06	1.052248e-08	5.642360e+01	6.914768e+02
1.730000e-06	7.809080e-06	1.046576e-08	5.626358e+01	6.906504e+02
1.740000e-06	7.783683e-06	1.046716e-08	5.608060e+01	6.897845e+02
1.750000e-06	7.754729e-06	1.046536e-08	5.587199e+01	6.888761e+02
1.760000e-06	7.722523e-06	1.045872e-08	5.563995e+01	6.879179e+02
1.770000e-06	7.687794e-06	1.047093e-08	5.538973e+01	6.868989e+02
1.780000e-06	7.650786e-06	1.048764e-08	5.512309e+01	6.858060e+02
1.790000e-06	7.611601e-06	1.041958e-08	5.484077e+01	6.846253e+02
1.800000e-06	7.570379e-06	1.041694e-08	5.454377e+01	6.833434e+02
1.810000e-06	7.526760e-06	1.042359e-08	5.422950e+01	6.819487e+02
1.820000e-06	7.480524e-06	1.035525e-08	5.389637e+01	6.804322e+02
1.830000e-06	7.431562e-06	1.041260e-08	5.354361e+01	6.787878e+02
1.840000e-06	7.379608e-06	1.034148e-08	5.316928e+01	6.770122e+02
1.850000e-06	7.324772e-06	1.031750e-08	5.277420e+01	6.751048e+02
1.860000e-06	7.267224e-06	1.026880e-08	5.235957e+01	6.730669e+02
1.870000e-06	7.207102e-06	1.016189e-08	5.192640e+01	6.709010e+02
1.880000e-06	7.144266e-06	1.021123e-08	5.147367e+01	6.686103e+02
1.890000e-06	7.078631e-06	1.015233e-08	5.100077e+01	6.661978e+02
1.900000e-06	7.010322e-06	1.012733e-08	5.050862e+01	6.636664e+02
1.910000e-06	6.939172e-06	1.011249e-08	4.999599e+01	6.610179e+02
1.920000e-06	6.865342e-06	1.005283e-08	4.946405e+01	6.582539e+02
1.930000e-06	6.788839e-06	9.992985e-09	4.891286e+01	6.553750e+02
1.940000e-06	6.709573e-06	9.911917e-09	4.834175e+01	6.523814e+02
1.950000e-06	6.627842e-06	9.923335e-09	4.775289e+01	6.492729e+02
1.960000e-06	6.543717e-06	9.854877e-09	4.714678e+01	6.460488e+02
1.970000e-06	6.457093e-06	9.803579e-09	4.652266e+01	6.427081e+02
1.980000e-06	6.368073e-06	9.771843e-09	4.588128e+01	6.392488e+02
1.990000e-06	6.276929e-06	9.708110e-09	4.522460e+01	6.356685e+02
2.000000e-06	6.183670e-06	9.636793e-09	4.455268e+01	6.319633e+02
2.010000e-06	6.088123e-06	9.565940e-09	4.386427e+01	6.281286e+02
2.020000e-06	5.990397e-06	9.544184e-09	4.316017e+01	6.241585e+02
2.030000e-06	5.890525e-06	9.471496e-09	4.244060e+01	6.200463e+02
2.040000e-06	5.788551e-06	9.401759e-09	4.170588e+01	6.157848e+02
2.050000e-06	5.684567e-06	9.330121e-09	4.095670e+01	6.113669e+02
2.060000e-06	5.578593e-06	9.264385e-09	4.019317e+01	6.067863e+02
2.070000e-06	5.470658e-06	9.169987e-09	3.941551e+01	6.020376e+02
2.080000e-06	5.360808e-06	9.087078e-09	3.862405e+01	5.971171e+02
2.090000e-06	5.249050e-06	9.034180e-09	3.781884e+01	5.920224e+02
2.100000e-06	5.135357e-06	8.960850e-09	3.699969e+01	5.867529e+02
2.110000e-06	5.019689e-06	8.881032e-09	3.616632e+01	5.813086e+02
2.120000e-06	4.902079e-06	8.794742e-09	3.531895e+01	5.756896e+02
2.130000e-06	4.782558e-06	8.709483e-09	3.445782e+01	5.698956e+02
2.140000e-06	4.661218e-06	8.601831e-09	3.358358e+01	5.639243e+02
2.150000e-06	4.538240e-06	8.504327e-09	3.269753e+01	5.577713e+02
2.160000e-06	4.413613e-06	8.414834e-09	3.179961e+01	5.514294e+02
2.170000e-06	4.287374e-06	8.329181e-09	3.089007e+01	5.448884e+02
2.180000e-06	4.159459e-06	8.228870e-09	2.996845e+01	5.381358e+02
2.190000e-06	4.029984e-06	8.123174e-09	2.903560e+01	5.311573e+02
2.200000e-06	3.899064e-06	8.009402e-09	2.809234e+01	5.239382e+02
2.210000e-06	3.766711e-06	7.891372e-09	2.713874e+01	5.164643e+02
2.220000e-06	3.632980e-06	7.776660e-09	2.617523e+01	5.087236e+02
2.230000e-06	3.497877e-06	7.657632e-09	2.520183e+01	5.007064e+02
2.240000e-06	3.361409e-06	7.532061e-09	2.421859e+01	4.924066e+02
2.250000e-06	3.223678e-06	7.395518e-09	2.322625e+01	4.838210e+02
2.260000e-06	3.084723e-06	7.260983e-09	2.222510e+01	4.749487e+02
2.270000e-06	2.944553e-06	7.120706e-09	2.121519e+01	4.657900e+02
2.280000e-06	2.803275e-06	6.976423e-09	2.019730e+01	4.563448e+02
2.290000e-06	2.660947e-06	6.831192e-09	1.917184e+01	4.466106e+02
2.300000e-06	2.517625e-06	6.684789e-09	1.813922e+01	4.365811e+02
2.310000e-06	2.373314e-06	6.531022e-09	1.709948e+01	4.262453e+02
2.320000e-06	2.228152e-06	6.370301e-09	1.605359e+01	4.155868e+02
2.330000e-06	2.082381e-06	6.202938e-09	1.500333e+01	4.045843e+02
2.340000e-06	1.936013e-06	6.025756e-09	1.394876e+01	3.932130e+02
2.350000e-06	1.788882e-06	5.839277e-09	1.288870e+01	3.814457e+02
2.360000e-06	1.641039e-06	5.650512e-09	1.182351e+01	3.692562e+02
2.370000e-06	1.492705e-06	5.460882e-09	1.075478e+01	3.566204e+02
2.380000e-06	1.343982e-06	5.265621e-09	9.683243e+00	3.435194e+02
2.390000e-06	1.194867e-06	5.059866e-09	8.608885e+00	3.299398e+02
2.400000e-06	1.045348e-06	4.843609e-09	7.531618e+00	3.158743e+02
2.410000e-06	8.954425e-07	4.618976e-09	6.451567e+00	3.013207e+02
2.420000e-06	7.452384e-07	4.387593e-09	5.369363e+00	2.862793e+02
2.430000e-06	5.948020e-07	4.153747e-09	4.285485e+00	2.707500e+02
2.440000e-06	4.441697e-07	3.912809e-09	3.200195e+00	2.547283e+02
2.450000e-06	2.933542e-07	3.658846e-09	2.113586e+00	2.382016e+02
2.460000e-06	1.424059e-07	3.393350e-09	1.026019e+00	2.211458e+02
2.470000e-06	-8.589969e-09	3.120408e-09	-6.188980e-02	2.035234e+02
2.480000e-06	-1.596026e-07	2.842417e-09	-1.149920e+00	1.852834e+02
2.490000e-06	-3.105764e-07	2.554011e-09	-2.237670e+00	1.663635e+02
2.500000e-06	-4.614710e-07	2.252726e-09	-3.324849e+00	1.466937e+02
2.510000e-06	-6.122614e-07	1.939454e-09	-4.411278e+00	1.262037e+02
2.520000e-06	-7.629081e-07	1.613756e-09	-5.496671e+00	1.048299e+02
2.530000e-06	-9.133482e-07	1.275774e-09	-6.580576e+00	8.252504e+01
2.540000e-06	-1.063456e-06	9.267402e-10	-7.662086e+00	5.926663e+01
2.550000e-06	-1.213138e-06	5.626780e-10	-8.740530e+00	3.506522e+01
2.560000e-06	-1.362336e-06	1.797626e-10	-9.815481e+00	9.970212e+00
2.570000e-06	-1.511036e-06	-2.157430e-10	-1.088685e+01	-1.592691e+01
2.580000e-06	-1.659223e-06	-6.194237e-10	-1.195452e+01	-4.249264e+01
2.590000e-06	-1.806823e-06	-1.032222e-09	-1.301797e+01	-6.955506e+01
2.600000e-06	-1.953682e-06	-1.453591e-09	-1.407607e+01	-9.691086e+01
2.610000e-06	-2.099771e-06	-1.881420e-09	-1.512863e+01	-1.243351e+02
2.620000e-06	-2.245118e-06	-2.305237e-09	-1.617583e+01	-1.515933e+02
2.630000e-06	-2.389530e-06	-2.716444e-09	-1.721631e+01	-1.784539e+02
2.640000e-06	-2.532994e-06	-3.115423e-09	-1.824995e+01	-2.047011e+02
2.650000e-06	-2.675542e-06	-3.501989e-09	-1.927699e+01	-2.301461e+02
2.660000e-06	-2.817033e-06	-3.876457e-09	-2.029642e+01	-2.546357e+02
2.670000e-06	-2.957387e-06	-4.232259e-09	-2.130766e+01	-2.780585e+02
2.680000e-06	-3.096539e-06	-4.567936e-09	-2.231023e+01	-3.003467e+02
2.690000e-06	-3.234506e-06	-4.886299e-09	-2.330427e+01	-3.214752e+02
2.700000e-06	-3.371233e-06	-5.190706e-09	-2.428937e+01	-3.414567e+02
2.710000e-06	-3.506666e-06	-5.482381e-09	-2.526515e+01	-3.603353e+02
2.720000e-06	-3.640853e-06	-5.760087e-09	-2.623195e+01	-3.781773e+02
2.730000e-06	-3.773727e-06	-6.022820e-09	-2.718930e+01	-3.950624e+02
2.740000e-06	-3.905191e-06	-6.268693e-09	-2.813648e+01	-4.110743e+02
2.750000e-06	-4.035342e-06	-6.501066e-09	-2.907420e+01	-4.262936e+02
2.760000e-06	-4.164161e-06	-6.725164e-09	-3.000233e+01	-4.407912e+02
2.770000e-06	-4.291503e-06	-6.941632e-09	-3.091982e+01	-4.546253e+02
2.780000e-06	-4.417388e-06	-7.146467e-09	-3.182681e+01	-4.678400e+02
2.790000e-06	-4.541685e-06	-7.336805e-09	-3.272235e+01	-4.804656e+02
2.800000e-06	-4.664382e-06	-7.517194e-09	-3.360637e+01	-4.925218e+02
2.810000e-06	-4.785457e-06	-7.691748e-09	-3.447870e+01	-5.040205e+02
2.820000e-06	-4.904691e-06	-7.858249e-09	-3.533777e+01	-5.149702e+02
2.830000e-06	-5.021957e-06	-8.017429e-09	-3.618266e+01	-5.253793e+02
2.840000e-06	-5.137176e-06	-8.168455e-09	-3.701280e+01	-5.352596e+02
2.850000e-06	-5.250319e-06	-8.309078e-09	-3.782799e+01	-5.446274e+02
2.860000e-06	-5.361432e-06	-8.442969e-09	-3.862854e+01	-5.535047e+02
2.870000e-06	-5.470593e-06	-8.572592e-09	-3.941504e+01	-5.619185e+02
2.880000e-06	-5.577892e-06	-8.696161e-09	-4.018811e+01	-5.698993e+02
2.890000e-06	-5.683263e-06	-8.813631e-09	-4.094730e+01	-5.774790e+02
2.900000e-06	-5.786512e-06	-8.925024e-09	-4.169120e+01	-5.846887e+02
2.910000e-06	-5.887553e-06	-9.031184e-09	-4.241919e+01	-5.915569e+02
2.920000e-06	-5.986479e-06	-9.131737e-09	-4.313194e+01	-5.981078e+02
2.930000e-06	-6.083306e-06	-9.226838e-09	-4.382957e+01	-6.043607e+02
2.940000e-06	-6.177917e-06	-9.318600e-09	-4.451123e+01	-6.103299e+02
2.950000e-06	-6.270249e-06	-9.404993e-09	-4.517647e+01	-6.160255e+02
2.960000e-06	-6.360311e-06	-9.486204e-09	-4.582536e+01	-6.214550e+02
2.970000e-06	-6.448119e-06	-9.563569e-09	-4.645800e+01	-6.266243e+02
2.980000e-06	-6.533560e-06	-9.639212e-09	-4.707360e+01	-6.315393e+02
2.990000e-06	-6.616630e-06	-9.712471e-09	-4.767211e+01	-6.362072e+02
3.000000e-06	-6.697387e-06	-9.780595e-09	-4.825395e+01	-6.406371e+02
3.010000e-06	-6.775666e-06	-9.846262e-09	-4.881795e+01	-6.448396e+02
3.020000e-06	-6.851336e-06	-9.909134e-09	-4.936314e+01	-6.488268e+02
3.030000e-06	-6.924490e-06	-9.969545e-09	-4.989020e+01	-6.526110e+02
3.040000e-06	-6.995157e-06	-1.002585e-08	-5.039936e+01	-6.562034e+02
3.050000e-06	-7.063271e-06	-1.007971e-08	-5.089011e+01	-6.596133e+02
3.060000e-06	-7.128900e-06	-1.013101e-08	-5.136296e+01	-6.628467e+02
3.070000e-06	-7.192014e-06	-1.017630e-08	-5.181768e+01	-6.659062e+02
3.080000e-06	-7.252492e-06	-1.021766e-08	-5.225343e+01	-6.687909e+02
3.090000e-06	-7.310398e-06	-1.025579e-08	-5.267063e+01	-6.714972e+02
3.100000e-06	-7.365700e-06	-1.029124e-08	-5.306907e+01	-6.740202e+02
3.110000e-06	-7.418174e-06	-1.032497e-08	-5.344715e+01	-6.763548e+02
3.120000e-06	-7.467576e-06	-1.035790e-08	-5.380308e+01	-6.784977e+02
3.130000e-06	-7.514051e-06	-1.038955e-08	-5.413793e+01	-6.804484e+02
3.140000e-06	-7.558028e-06	-1.041759e-08	-5.445478e+01	-6.822107e+02
3.150000e-06	-7.599544e-06	-1.044313e-08	-5.475390e+01	-6.837925e+02
3.160000e-06	-7.638414e-06	-1.046747e-08	-5.503395e+01	-6.852059e+02
3.170000e-06	-7.674560e-06	-1.048787e-08	-5.529438e+01	-6.864662e+02
3.180000e-06	-7.708045e-06	-1.050402e-08	-5.553564e+01	-6.875902e+02
3.190000e-06	-7.738734e-06	-1.051753e-08	-5.575675e+01	-6.885947e+02
3.200000e-06	-7.766570e-06	-1.052880e-08	-5.595730e+01	-6.894948e+02
3.210000e-06	-7.791702e-06	-1.054046e-08	-5.613837e+01	-6.903017e+02
3.220000e-06	-7.813981e-06	-1.055086e-08	-5.629890e+01	-6.910224e+02
3.230000e-06	-7.833372e-06	-1.055820e-08	-5.643860e+01	-6.916587e+02
3.240000e-06	-7.849979e-06	-1.056419e-08	-5.655825e+01	-6.922077e+02
3.250000e-06	-7.863547e-06	-1.056982e-08	-5.665601e+01	-6.926624e+02
3.260000e-06	-7.874037e-06	-1.057482e-08	-5.673159e+01	-6.930135e+02
3.270000e-06	-7.881675e-06	-1.057673e-08	-5.678662e+01	-6.932513e+02
3.280000e-06	-7.886526e-06	-1.057505e-08	-5.682157e+01	-6.933669e+02
3.290000e-06	-7.888638e-06	-1.057066e-08	-5.683679e+01	-6.933548e+02
3.300000e-06	-7.887955e-06	-1.057228e-08	-5.683187e+01	-6.932134e+02
