# Temperatura_=_46.27
# Concentracion g/m^3_=_10000.0
# C_Vs_to_Am_M_A/Vsm_=_65563218390.804596
# pendiente_HvsI_1/m_=_3716.3
# ordenada_HvsI_A/m_=_1297.0
# frecuencia_Hz_=_302621.6342204105

Tiempo_(s)	Campo_(V.s)	Magnetizacion_(V.s)	Campo_(kA/m)	Magnetizacion_(A/m)
0.000000e+00	-7.892362e-06	-1.043089e-08	-5.683261e+01	-6.841322e+02
1.000000e-08	-7.889970e-06	-1.043641e-08	-5.681538e+01	-6.838625e+02
2.000000e-08	-7.884888e-06	-1.043161e-08	-5.677879e+01	-6.834732e+02
3.000000e-08	-7.877323e-06	-1.042437e-08	-5.672431e+01	-6.829788e+02
4.000000e-08	-7.867040e-06	-1.041695e-08	-5.665026e+01	-6.823965e+02
5.000000e-08	-7.853798e-06	-1.040514e-08	-5.655491e+01	-6.817439e+02
6.000000e-08	-7.837591e-06	-1.039075e-08	-5.643821e+01	-6.810371e+02
7.000000e-08	-7.818890e-06	-1.037594e-08	-5.630354e+01	-6.802884e+02
8.000000e-08	-7.798006e-06	-1.035962e-08	-5.615316e+01	-6.795049e+02
9.000000e-08	-7.774463e-06	-1.042163e-08	-5.598362e+01	-6.786880e+02
1.000000e-07	-7.747776e-06	-1.043717e-08	-5.579145e+01	-6.778329e+02
1.100000e-07	-7.718010e-06	-1.037075e-08	-5.557711e+01	-6.769299e+02
1.200000e-07	-7.685431e-06	-1.032910e-08	-5.534251e+01	-6.759655e+02
1.300000e-07	-7.650143e-06	-1.030039e-08	-5.508840e+01	-6.749241e+02
1.400000e-07	-7.612406e-06	-1.025913e-08	-5.481666e+01	-6.737899e+02
1.500000e-07	-7.572517e-06	-1.018307e-08	-5.452942e+01	-6.725487e+02
1.600000e-07	-7.530366e-06	-1.023102e-08	-5.422589e+01	-6.711889e+02
1.700000e-07	-7.485594e-06	-1.025887e-08	-5.390349e+01	-6.697025e+02
1.800000e-07	-7.438174e-06	-1.014466e-08	-5.356202e+01	-6.680853e+02
1.900000e-07	-7.387983e-06	-1.019832e-08	-5.320060e+01	-6.663364e+02
2.000000e-07	-7.334792e-06	-1.015142e-08	-5.281757e+01	-6.644575e+02
2.100000e-07	-7.278822e-06	-1.004114e-08	-5.241453e+01	-6.624518e+02
2.200000e-07	-7.220168e-06	-1.003541e-08	-5.199217e+01	-6.603234e+02
2.300000e-07	-7.158840e-06	-9.996884e-09	-5.155055e+01	-6.580758e+02
2.400000e-07	-7.094948e-06	-1.001527e-08	-5.109046e+01	-6.557117e+02
2.500000e-07	-7.028347e-06	-9.954050e-09	-5.061087e+01	-6.532324e+02
2.600000e-07	-6.959055e-06	-9.924458e-09	-5.011190e+01	-6.506381e+02
2.700000e-07	-6.887127e-06	-9.886917e-09	-4.959395e+01	-6.479280e+02
2.800000e-07	-6.812433e-06	-9.833726e-09	-4.905608e+01	-6.451009e+02
2.900000e-07	-6.734957e-06	-9.786912e-09	-4.849818e+01	-6.421556e+02
3.000000e-07	-6.654750e-06	-9.752388e-09	-4.792061e+01	-6.390912e+02
3.100000e-07	-6.572040e-06	-9.745724e-09	-4.732502e+01	-6.359076e+02
3.200000e-07	-6.487130e-06	-9.648034e-09	-4.671359e+01	-6.326050e+02
3.300000e-07	-6.399977e-06	-9.579369e-09	-4.608600e+01	-6.291838e+02
3.400000e-07	-6.310515e-06	-9.541976e-09	-4.544179e+01	-6.256439e+02
3.500000e-07	-6.218776e-06	-9.480447e-09	-4.478118e+01	-6.219845e+02
3.600000e-07	-6.124751e-06	-9.411339e-09	-4.410411e+01	-6.182031e+02
3.700000e-07	-6.028514e-06	-9.363386e-09	-4.341111e+01	-6.142956e+02
3.800000e-07	-5.930039e-06	-9.321764e-09	-4.270200e+01	-6.102564e+02
3.900000e-07	-5.829437e-06	-9.239906e-09	-4.197757e+01	-6.060782e+02
4.000000e-07	-5.726792e-06	-9.168313e-09	-4.123842e+01	-6.017531e+02
4.100000e-07	-5.622161e-06	-9.104551e-09	-4.048497e+01	-5.972730e+02
4.200000e-07	-5.515557e-06	-9.036239e-09	-3.971733e+01	-5.926310e+02
4.300000e-07	-5.406963e-06	-8.953682e-09	-3.893534e+01	-5.878212e+02
4.400000e-07	-5.296463e-06	-8.889468e-09	-3.813964e+01	-5.828402e+02
4.500000e-07	-5.184031e-06	-8.833278e-09	-3.733002e+01	-5.776864e+02
4.600000e-07	-5.069571e-06	-8.750506e-09	-3.650579e+01	-5.723601e+02
4.700000e-07	-4.953083e-06	-8.650338e-09	-3.566697e+01	-5.668625e+02
4.800000e-07	-4.834683e-06	-8.559967e-09	-3.481438e+01	-5.611948e+02
4.900000e-07	-4.714470e-06	-8.474532e-09	-3.394872e+01	-5.553573e+02
5.000000e-07	-4.592637e-06	-8.379584e-09	-3.307141e+01	-5.493476e+02
5.100000e-07	-4.469153e-06	-8.289443e-09	-3.218221e+01	-5.431606e+02
5.200000e-07	-4.344001e-06	-8.192488e-09	-3.128099e+01	-5.367878e+02
5.300000e-07	-4.217273e-06	-8.085946e-09	-3.036843e+01	-5.302172e+02
5.400000e-07	-4.089019e-06	-7.972543e-09	-2.944488e+01	-5.234348e+02
5.500000e-07	-3.959394e-06	-7.867516e-09	-2.851145e+01	-5.164249e+02
5.600000e-07	-3.828194e-06	-7.760708e-09	-2.756668e+01	-5.091721e+02
5.700000e-07	-3.695434e-06	-7.647086e-09	-2.661068e+01	-5.016628e+02
5.800000e-07	-3.561351e-06	-7.525256e-09	-2.564516e+01	-4.938859e+02
5.900000e-07	-3.425905e-06	-7.399229e-09	-2.466982e+01	-4.858343e+02
6.000000e-07	-3.289079e-06	-7.271199e-09	-2.368453e+01	-4.775041e+02
6.100000e-07	-3.151023e-06	-7.138968e-09	-2.269040e+01	-4.688949e+02
6.200000e-07	-3.011659e-06	-7.005900e-09	-2.168685e+01	-4.600075e+02
6.300000e-07	-2.870890e-06	-6.866670e-09	-2.067318e+01	-4.508431e+02
6.400000e-07	-2.728972e-06	-6.725294e-09	-1.965123e+01	-4.414003e+02
6.500000e-07	-2.586006e-06	-6.580169e-09	-1.862173e+01	-4.316738e+02
6.600000e-07	-2.442071e-06	-6.428523e-09	-1.758526e+01	-4.216532e+02
6.700000e-07	-2.297288e-06	-6.265414e-09	-1.654269e+01	-4.113215e+02
6.800000e-07	-2.151633e-06	-6.095854e-09	-1.549383e+01	-4.006562e+02
6.900000e-07	-2.005152e-06	-5.923251e-09	-1.443902e+01	-3.896304e+02
7.000000e-07	-1.858057e-06	-5.746032e-09	-1.337980e+01	-3.782147e+02
7.100000e-07	-1.710450e-06	-5.564990e-09	-1.231689e+01	-3.663800e+02
7.200000e-07	-1.562359e-06	-5.379904e-09	-1.125049e+01	-3.540999e+02
7.300000e-07	-1.413825e-06	-5.189596e-09	-1.018090e+01	-3.413533e+02
7.400000e-07	-1.264842e-06	-4.987527e-09	-9.108081e+00	-3.281257e+02
7.500000e-07	-1.115464e-06	-4.778839e-09	-8.032419e+00	-3.144090e+02
7.600000e-07	-9.657452e-07	-4.565958e-09	-6.954296e+00	-3.002003e+02
7.700000e-07	-8.156930e-07	-4.346160e-09	-5.873776e+00	-2.854989e+02
7.800000e-07	-6.653354e-07	-4.113877e-09	-4.791056e+00	-2.703025e+02
7.900000e-07	-5.146682e-07	-3.872623e-09	-3.706107e+00	-2.546021e+02
8.000000e-07	-3.638110e-07	-3.626376e-09	-2.619790e+00	-2.383778e+02
8.100000e-07	-2.128653e-07	-3.369669e-09	-1.532835e+00	-2.215945e+02
8.200000e-07	-6.177961e-08	-3.101739e-09	-4.448727e-01	-2.042000e+02
8.300000e-07	8.941320e-08	-2.824568e-09	6.438612e-01	-1.861254e+02
8.400000e-07	2.405675e-07	-2.536521e-09	1.732318e+00	-1.672874e+02
8.500000e-07	3.916329e-07	-2.230820e-09	2.820134e+00	-1.475949e+02
8.600000e-07	5.426026e-07	-1.910721e-09	3.907262e+00	-1.269566e+02
8.700000e-07	6.934015e-07	-1.580306e-09	4.993159e+00	-1.052918e+02
8.800000e-07	8.439522e-07	-1.236468e-09	6.077269e+00	-8.254152e+01
8.900000e-07	9.941875e-07	-8.747954e-10	7.159108e+00	-5.867975e+01
9.000000e-07	1.144108e-06	-4.967521e-10	8.238681e+00	-3.372295e+01
9.100000e-07	1.293654e-06	-1.062044e-10	9.315554e+00	-7.737098e+00
9.200000e-07	1.442748e-06	2.990096e-10	1.038918e+01	1.915912e+01
9.300000e-07	1.591404e-06	7.204138e-10	1.145964e+01	4.679535e+01
9.400000e-07	1.739508e-06	1.154930e-09	1.252613e+01	7.495523e+01
9.500000e-07	1.886974e-06	1.594833e-09	1.358803e+01	1.033862e+02
9.600000e-07	2.033756e-06	2.034388e-09	1.464500e+01	1.318130e+02
9.700000e-07	2.179825e-06	2.466614e-09	1.569684e+01	1.599531e+02
9.800000e-07	2.325127e-06	2.886304e-09	1.674316e+01	1.875333e+02
9.900000e-07	2.469502e-06	3.291662e-09	1.778279e+01	2.143057e+02
1.000000e-06	2.612902e-06	3.680692e-09	1.881541e+01	2.400612e+02
1.010000e-06	2.755312e-06	4.049335e-09	1.984090e+01	2.646397e+02
1.020000e-06	2.896637e-06	4.397740e-09	2.085858e+01	2.879360e+02
1.030000e-06	3.036755e-06	4.727547e-09	2.186756e+01	3.099009e+02
1.040000e-06	3.175602e-06	5.039721e-09	2.286740e+01	3.305379e+02
1.050000e-06	3.313177e-06	5.334727e-09	2.385806e+01	3.498955e+02
1.060000e-06	3.449468e-06	5.612898e-09	2.483949e+01	3.680569e+02
1.070000e-06	3.584444e-06	5.876382e-09	2.581145e+01	3.851275e+02
1.080000e-06	3.718169e-06	6.124708e-09	2.677440e+01	4.012224e+02
1.090000e-06	3.850606e-06	6.357908e-09	2.772808e+01	4.164550e+02
1.100000e-06	3.981627e-06	6.577682e-09	2.867155e+01	4.309270e+02
1.110000e-06	4.111258e-06	6.786092e-09	2.960502e+01	4.447222e+02
1.120000e-06	4.239399e-06	6.985812e-09	3.052776e+01	4.579027e+02
1.130000e-06	4.366040e-06	7.176755e-09	3.143969e+01	4.705093e+02
1.140000e-06	4.491216e-06	7.358512e-09	3.234108e+01	4.825637e+02
1.150000e-06	4.614826e-06	7.532057e-09	3.323120e+01	4.940738e+02
1.160000e-06	4.736873e-06	7.696692e-09	3.411005e+01	5.050391e+02
1.170000e-06	4.857211e-06	7.852640e-09	3.497660e+01	5.154571e+02
1.180000e-06	4.975781e-06	8.000731e-09	3.583041e+01	5.253290e+02
1.190000e-06	5.092541e-06	8.142500e-09	3.667120e+01	5.346631e+02
1.200000e-06	5.207297e-06	8.276444e-09	3.749755e+01	5.434772e+02
1.210000e-06	5.320017e-06	8.403950e-09	3.830925e+01	5.517991e+02
1.220000e-06	5.430728e-06	8.526235e-09	3.910648e+01	5.596646e+02
1.230000e-06	5.539539e-06	8.645726e-09	3.989002e+01	5.671146e+02
1.240000e-06	5.646468e-06	8.761456e-09	4.066001e+01	5.741920e+02
1.250000e-06	5.751304e-06	8.867438e-09	4.141493e+01	5.809369e+02
1.260000e-06	5.854004e-06	8.964384e-09	4.215447e+01	5.873846e+02
1.270000e-06	5.954600e-06	9.055393e-09	4.287886e+01	5.935622e+02
1.280000e-06	6.052969e-06	9.141951e-09	4.358721e+01	5.994886e+02
1.290000e-06	6.149010e-06	9.224194e-09	4.427880e+01	6.051740e+02
1.300000e-06	6.242808e-06	9.302676e-09	4.495423e+01	6.106221e+02
1.310000e-06	6.334416e-06	9.378821e-09	4.561390e+01	6.158323e+02
1.320000e-06	6.423713e-06	9.453491e-09	4.625692e+01	6.208021e+02
1.330000e-06	6.510699e-06	9.527273e-09	4.688331e+01	6.255303e+02
1.340000e-06	6.595485e-06	9.598560e-09	4.749384e+01	6.300187e+02
1.350000e-06	6.677961e-06	9.664962e-09	4.808775e+01	6.342731e+02
1.360000e-06	6.757945e-06	9.725767e-09	4.866371e+01	6.383042e+02
1.370000e-06	6.835397e-06	9.782298e-09	4.922144e+01	6.421262e+02
1.380000e-06	6.910232e-06	9.837490e-09	4.976033e+01	6.457552e+02
1.390000e-06	6.982493e-06	9.891255e-09	5.028068e+01	6.492076e+02
1.400000e-06	7.052307e-06	9.941505e-09	5.078341e+01	6.524972e+02
1.410000e-06	7.119645e-06	9.988637e-09	5.126830e+01	6.556341e+02
1.420000e-06	7.184427e-06	1.003401e-08	5.173479e+01	6.586231e+02
1.430000e-06	7.246660e-06	1.007786e-08	5.218294e+01	6.614633e+02
1.440000e-06	7.306472e-06	1.011849e-08	5.261364e+01	6.641493e+02
1.450000e-06	7.363746e-06	1.015554e-08	5.302606e+01	6.666720e+02
1.460000e-06	7.418345e-06	1.018920e-08	5.341923e+01	6.690211e+02
1.470000e-06	7.470009e-06	1.022001e-08	5.379126e+01	6.711873e+02
1.480000e-06	7.518583e-06	1.024963e-08	5.414104e+01	6.731645e+02
1.490000e-06	7.564404e-06	1.027784e-08	5.447100e+01	6.749514e+02
1.500000e-06	7.607617e-06	1.030254e-08	5.478217e+01	6.765528e+02
1.510000e-06	7.648097e-06	1.032457e-08	5.507367e+01	6.779790e+02
1.520000e-06	7.685861e-06	1.034509e-08	5.534561e+01	6.792455e+02
1.530000e-06	7.720954e-06	1.036363e-08	5.559831e+01	6.803710e+02
1.540000e-06	7.753287e-06	1.038147e-08	5.583114e+01	6.813751e+02
1.550000e-06	7.782901e-06	1.039764e-08	5.604438e+01	6.822761e+02
1.560000e-06	7.809767e-06	1.041144e-08	5.623784e+01	6.830884e+02
1.570000e-06	7.833703e-06	1.042227e-08	5.641021e+01	6.838214e+02
1.580000e-06	7.854818e-06	1.043039e-08	5.656226e+01	6.844782e+02
1.590000e-06	7.873255e-06	1.043776e-08	5.669502e+01	6.850557e+02
1.600000e-06	7.888761e-06	1.044502e-08	5.680668e+01	6.855460e+02
1.610000e-06	7.901185e-06	1.045163e-08	5.689614e+01	6.859374e+02
1.620000e-06	7.910526e-06	1.045741e-08	5.696341e+01	6.862174e+02
1.630000e-06	7.916917e-06	1.046281e-08	5.700943e+01	6.863747e+02
1.640000e-06	7.920566e-06	1.046712e-08	5.703571e+01	6.864010e+02
1.650000e-06	7.921371e-06	1.046968e-08	5.704150e+01	6.862935e+02
1.660000e-06	7.919484e-06	1.045911e-08	5.702792e+01	6.860549e+02
1.670000e-06	7.915048e-06	1.045193e-08	5.699597e+01	6.856938e+02
1.680000e-06	7.907855e-06	1.044619e-08	5.694417e+01	6.852236e+02
1.690000e-06	7.897992e-06	1.043789e-08	5.687315e+01	6.846611e+02
1.700000e-06	7.885389e-06	1.043221e-08	5.678240e+01	6.840239e+02
1.710000e-06	7.870058e-06	1.043235e-08	5.667200e+01	6.833288e+02
1.720000e-06	7.852353e-06	1.043477e-08	5.654451e+01	6.825891e+02
1.730000e-06	7.832376e-06	1.039271e-08	5.640065e+01	6.818135e+02
1.740000e-06	7.809771e-06	1.027916e-08	5.623788e+01	6.810046e+02
1.750000e-06	7.783919e-06	1.029106e-08	5.605172e+01	6.801593e+02
1.760000e-06	7.754459e-06	1.032175e-08	5.583958e+01	6.792689e+02
1.770000e-06	7.721781e-06	1.030088e-08	5.560426e+01	6.783207e+02
1.780000e-06	7.686679e-06	1.031558e-08	5.535149e+01	6.772995e+02
1.790000e-06	7.649270e-06	1.040288e-08	5.508211e+01	6.761894e+02
1.800000e-06	7.609679e-06	1.029149e-08	5.479702e+01	6.749756e+02
1.810000e-06	7.568115e-06	1.020860e-08	5.449772e+01	6.736458e+02
1.820000e-06	7.524031e-06	1.031793e-08	5.418027e+01	6.721912e+02
1.830000e-06	7.477293e-06	1.017380e-08	5.384372e+01	6.706064e+02
1.840000e-06	7.427858e-06	1.024757e-08	5.348774e+01	6.688898e+02
1.850000e-06	7.375419e-06	1.022551e-08	5.311012e+01	6.670425e+02
1.860000e-06	7.320118e-06	1.015932e-08	5.271190e+01	6.650676e+02
1.870000e-06	7.262102e-06	1.019271e-08	5.229413e+01	6.629690e+02
1.880000e-06	7.201523e-06	1.001764e-08	5.185790e+01	6.607504e+02
1.890000e-06	7.138243e-06	1.006090e-08	5.140223e+01	6.584147e+02
1.900000e-06	7.072144e-06	9.995747e-09	5.092625e+01	6.559637e+02
1.910000e-06	7.003341e-06	9.933821e-09	5.043080e+01	6.533976e+02
1.920000e-06	6.931756e-06	9.956271e-09	4.991532e+01	6.507160e+02
1.930000e-06	6.857552e-06	9.892550e-09	4.938098e+01	6.479178e+02
1.940000e-06	6.780685e-06	9.869936e-09	4.882747e+01	6.450016e+02
1.950000e-06	6.701073e-06	9.724726e-09	4.825418e+01	6.419665e+02
1.960000e-06	6.619009e-06	9.729366e-09	4.766324e+01	6.388122e+02
1.970000e-06	6.534542e-06	9.700047e-09	4.705500e+01	6.355388e+02
1.980000e-06	6.447548e-06	9.628300e-09	4.642856e+01	6.321467e+02
1.990000e-06	6.358196e-06	9.621491e-09	4.578513e+01	6.286360e+02
2.000000e-06	6.266707e-06	9.552960e-09	4.512633e+01	6.250060e+02
2.010000e-06	6.173020e-06	9.482514e-09	4.445169e+01	6.212549e+02
2.020000e-06	6.077063e-06	9.373745e-09	4.376071e+01	6.173789e+02
2.030000e-06	5.978875e-06	9.353016e-09	4.305366e+01	6.133727e+02
2.040000e-06	5.878610e-06	9.307493e-09	4.233166e+01	6.092295e+02
2.050000e-06	5.776250e-06	9.243031e-09	4.159456e+01	6.049413e+02
2.060000e-06	5.671835e-06	9.165779e-09	4.084268e+01	6.005002e+02
2.070000e-06	5.565527e-06	9.095203e-09	4.007715e+01	5.958987e+02
2.080000e-06	5.457345e-06	9.012052e-09	3.929814e+01	5.911308e+02
2.090000e-06	5.347248e-06	8.907637e-09	3.850534e+01	5.861923e+02
2.100000e-06	5.235158e-06	8.844925e-09	3.769818e+01	5.810812e+02
2.110000e-06	5.121076e-06	8.775403e-09	3.687668e+01	5.757974e+02
2.120000e-06	5.004998e-06	8.702423e-09	3.604081e+01	5.703419e+02
2.130000e-06	4.887004e-06	8.612665e-09	3.519114e+01	5.647162e+02
2.140000e-06	4.767123e-06	8.534813e-09	3.432788e+01	5.589207e+02
2.150000e-06	4.645442e-06	8.433465e-09	3.345166e+01	5.529538e+02
2.160000e-06	4.522101e-06	8.326599e-09	3.256348e+01	5.468113e+02
2.170000e-06	4.397146e-06	8.227133e-09	3.166369e+01	5.404854e+02
2.180000e-06	4.270567e-06	8.143943e-09	3.075220e+01	5.339650e+02
2.190000e-06	4.142330e-06	8.053819e-09	2.982877e+01	5.272365e+02
2.200000e-06	4.012614e-06	7.947712e-09	2.889469e+01	5.202844e+02
2.210000e-06	3.881405e-06	7.831148e-09	2.794985e+01	5.130932e+02
2.220000e-06	3.748737e-06	7.706371e-09	2.699452e+01	5.056486e+02
2.230000e-06	3.614739e-06	7.589993e-09	2.602960e+01	4.979390e+02
2.240000e-06	3.479376e-06	7.477512e-09	2.505486e+01	4.899559e+02
2.250000e-06	3.342664e-06	7.365745e-09	2.407040e+01	4.816950e+02
2.260000e-06	3.204714e-06	7.237143e-09	2.307702e+01	4.731550e+02
2.270000e-06	3.065576e-06	7.099411e-09	2.207510e+01	4.643365e+02
2.280000e-06	2.925172e-06	6.951430e-09	2.106405e+01	4.552408e+02
2.290000e-06	2.783591e-06	6.803620e-09	2.004453e+01	4.458674e+02
2.300000e-06	2.641017e-06	6.656807e-09	1.901787e+01	4.362121e+02
2.310000e-06	2.497466e-06	6.511290e-09	1.798416e+01	4.262658e+02
2.320000e-06	2.352934e-06	6.360814e-09	1.694339e+01	4.160132e+02
2.330000e-06	2.207616e-06	6.201447e-09	1.589696e+01	4.054332e+02
2.340000e-06	2.061629e-06	6.037115e-09	1.484572e+01	3.944997e+02
2.350000e-06	1.914892e-06	5.864034e-09	1.378906e+01	3.831838e+02
2.360000e-06	1.767516e-06	5.679848e-09	1.272782e+01	3.714559e+02
2.370000e-06	1.619626e-06	5.487212e-09	1.166287e+01	3.592888e+02
2.380000e-06	1.471223e-06	5.293940e-09	1.059423e+01	3.466600e+02
2.390000e-06	1.322344e-06	5.100868e-09	9.522152e+00	3.335531e+02
2.400000e-06	1.172982e-06	4.898802e-09	8.446603e+00	3.199586e+02
2.410000e-06	1.023179e-06	4.682922e-09	7.367876e+00	3.058724e+02
2.420000e-06	8.730671e-07	4.457036e-09	6.286924e+00	2.912937e+02
2.430000e-06	7.227353e-07	4.224783e-09	5.204391e+00	2.762211e+02
2.440000e-06	5.722428e-07	3.990338e-09	4.120700e+00	2.606475e+02
2.450000e-06	4.216095e-07	3.751687e-09	3.035995e+00	2.445563e+02
2.460000e-06	2.708119e-07	3.501483e-09	1.950107e+00	2.279164e+02
2.470000e-06	1.198912e-07	3.232951e-09	8.633323e-01	2.106800e+02
2.480000e-06	-3.115940e-08	2.950359e-09	-2.243777e-01	1.927822e+02
2.490000e-06	-1.822453e-07	2.661568e-09	-1.312342e+00	1.741429e+02
2.500000e-06	-3.332343e-07	2.364058e-09	-2.399608e+00	1.546723e+02
2.510000e-06	-4.841580e-07	2.053965e-09	-3.486404e+00	1.342780e+02
2.520000e-06	-6.349428e-07	1.729642e-09	-4.572200e+00	1.128759e+02
2.530000e-06	-7.855272e-07	1.389346e-09	-5.656553e+00	9.040038e+01
2.540000e-06	-9.358991e-07	1.033716e-09	-6.739375e+00	6.681622e+01
2.550000e-06	-1.085967e-06	6.656636e-10	-7.820007e+00	4.212849e+01
2.560000e-06	-1.235672e-06	2.820068e-10	-8.898028e+00	1.639032e+01
2.570000e-06	-1.384897e-06	-1.224870e-10	-9.972593e+00	-1.029285e+01
2.580000e-06	-1.533565e-06	-5.455508e-10	-1.104315e+01	-3.776323e+01
2.590000e-06	-1.681690e-06	-9.793713e-10	-1.210979e+01	-6.581520e+01
2.600000e-06	-1.829249e-06	-1.417651e-09	-1.317235e+01	-9.420411e+01
2.610000e-06	-1.976120e-06	-1.859011e-09	-1.422997e+01	-1.226590e+02
2.620000e-06	-2.122234e-06	-2.299494e-09	-1.528213e+01	-1.508975e+02
2.630000e-06	-2.267578e-06	-2.728817e-09	-1.632875e+01	-1.786427e+02
2.640000e-06	-2.412058e-06	-3.138411e-09	-1.736914e+01	-2.056389e+02
2.650000e-06	-2.555559e-06	-3.529070e-09	-1.840249e+01	-2.316662e+02
2.660000e-06	-2.698063e-06	-3.904177e-09	-1.942865e+01	-2.565515e+02
2.670000e-06	-2.839529e-06	-4.263771e-09	-2.044735e+01	-2.801757e+02
2.680000e-06	-2.979801e-06	-4.604306e-09	-2.145744e+01	-3.024756e+02
2.690000e-06	-3.118800e-06	-4.923893e-09	-2.245837e+01	-3.234422e+02
2.700000e-06	-3.256582e-06	-5.224004e-09	-2.345053e+01	-3.431135e+02
2.710000e-06	-3.393171e-06	-5.506280e-09	-2.443410e+01	-3.615652e+02
2.720000e-06	-3.528497e-06	-5.772400e-09	-2.540858e+01	-3.788984e+02
2.730000e-06	-3.662565e-06	-6.024776e-09	-2.637400e+01	-3.952269e+02
2.740000e-06	-3.795328e-06	-6.264190e-09	-2.733002e+01	-4.106655e+02
2.750000e-06	-3.926707e-06	-6.490772e-09	-2.827608e+01	-4.253195e+02
2.760000e-06	-4.056714e-06	-6.708041e-09	-2.921225e+01	-4.392777e+02
2.770000e-06	-4.185363e-06	-6.915983e-09	-3.013865e+01	-4.526078e+02
2.780000e-06	-4.312565e-06	-7.113688e-09	-3.105462e+01	-4.653557e+02
2.790000e-06	-4.438280e-06	-7.299989e-09	-3.195989e+01	-4.775475e+02
2.800000e-06	-4.562437e-06	-7.473238e-09	-3.285395e+01	-4.891940e+02
2.810000e-06	-4.684998e-06	-7.637749e-09	-3.373650e+01	-5.002963e+02
2.820000e-06	-4.805926e-06	-7.795926e-09	-3.460730e+01	-5.108518e+02
2.830000e-06	-4.924974e-06	-7.946603e-09	-3.546455e+01	-5.208603e+02
2.840000e-06	-5.042021e-06	-8.090491e-09	-3.630741e+01	-5.303281e+02
2.850000e-06	-5.157025e-06	-8.228377e-09	-3.713554e+01	-5.392705e+02
2.860000e-06	-5.269957e-06	-8.357477e-09	-3.794877e+01	-5.477129e+02
2.870000e-06	-5.380828e-06	-8.479237e-09	-3.874715e+01	-5.556893e+02
2.880000e-06	-5.489737e-06	-8.596323e-09	-3.953140e+01	-5.632397e+02
2.890000e-06	-5.596802e-06	-8.708654e-09	-4.030237e+01	-5.704068e+02
2.900000e-06	-5.701924e-06	-8.815527e-09	-4.105935e+01	-5.772319e+02
2.910000e-06	-5.804942e-06	-8.914807e-09	-4.180118e+01	-5.837515e+02
2.920000e-06	-5.905710e-06	-9.008877e-09	-4.252680e+01	-5.899951e+02
2.930000e-06	-6.004293e-06	-9.098758e-09	-4.323669e+01	-5.959835e+02
2.940000e-06	-6.100810e-06	-9.185109e-09	-4.393171e+01	-6.017291e+02
2.950000e-06	-6.195175e-06	-9.269863e-09	-4.461123e+01	-6.072370e+02
2.960000e-06	-6.287264e-06	-9.349475e-09	-4.527436e+01	-6.125074e+02
2.970000e-06	-6.377091e-06	-9.424322e-09	-4.592120e+01	-6.175380e+02
2.980000e-06	-6.464685e-06	-9.495438e-09	-4.655196e+01	-6.223272e+02
2.990000e-06	-6.549864e-06	-9.564937e-09	-4.716533e+01	-6.268756e+02
3.000000e-06	-6.632645e-06	-9.634611e-09	-4.776143e+01	-6.311882e+02
3.010000e-06	-6.713154e-06	-9.701010e-09	-4.834118e+01	-6.352745e+02
3.020000e-06	-6.791189e-06	-9.764057e-09	-4.890310e+01	-6.391478e+02
3.030000e-06	-6.866537e-06	-9.822414e-09	-4.944568e+01	-6.428241e+02
3.040000e-06	-6.939320e-06	-9.877345e-09	-4.996979e+01	-6.463197e+02
3.050000e-06	-7.009600e-06	-9.927538e-09	-5.047588e+01	-6.496494e+02
3.060000e-06	-7.077326e-06	-9.974962e-09	-5.096356e+01	-6.528243e+02
3.070000e-06	-7.142551e-06	-1.002107e-08	-5.143325e+01	-6.558506e+02
3.080000e-06	-7.205286e-06	-1.006270e-08	-5.188500e+01	-6.587290e+02
3.090000e-06	-7.265448e-06	-1.010067e-08	-5.231823e+01	-6.614548e+02
3.100000e-06	-7.323011e-06	-1.013934e-08	-5.273274e+01	-6.640198e+02
3.110000e-06	-7.377982e-06	-1.017725e-08	-5.312858e+01	-6.664138e+02
3.120000e-06	-7.430120e-06	-1.021252e-08	-5.350402e+01	-6.686270e+02
3.130000e-06	-7.479059e-06	-1.024446e-08	-5.385643e+01	-6.706523e+02
3.140000e-06	-7.525038e-06	-1.027158e-08	-5.418753e+01	-6.724871e+02
3.150000e-06	-7.568602e-06	-1.029438e-08	-5.450123e+01	-6.741346e+02
3.160000e-06	-7.609755e-06	-1.031684e-08	-5.479757e+01	-6.756038e+02
3.170000e-06	-7.648232e-06	-1.034003e-08	-5.507464e+01	-6.769091e+02
3.180000e-06	-7.683968e-06	-1.036145e-08	-5.533197e+01	-6.780686e+02
3.190000e-06	-7.717033e-06	-1.037904e-08	-5.557007e+01	-6.791018e+02
3.200000e-06	-7.747253e-06	-1.039187e-08	-5.578768e+01	-6.800275e+02
3.210000e-06	-7.774604e-06	-1.040163e-08	-5.598464e+01	-6.808614e+02
3.220000e-06	-7.799244e-06	-1.041240e-08	-5.616207e+01	-6.816142e+02
3.230000e-06	-7.821087e-06	-1.042251e-08	-5.631936e+01	-6.822906e+02
3.240000e-06	-7.840121e-06	-1.042932e-08	-5.645642e+01	-6.828891e+02
3.250000e-06	-7.856332e-06	-1.043242e-08	-5.657316e+01	-6.834027e+02
3.260000e-06	-7.869446e-06	-1.043522e-08	-5.666759e+01	-6.838205e+02
3.270000e-06	-7.879484e-06	-1.043969e-08	-5.673987e+01	-6.841301e+02
3.280000e-06	-7.886671e-06	-1.044109e-08	-5.679163e+01	-6.843195e+02
3.290000e-06	-7.891028e-06	-1.044025e-08	-5.682300e+01	-6.843796e+02
3.300000e-06	-7.892667e-06	-1.043520e-08	-5.683481e+01	-6.843060e+02
