6.603528e+02
6.876848e+02
6.865143e+02
6.948393e+02
6.946527e+02
6.955258e+02
6.915820e+02
6.798324e+02
6.796496e+02
6.719184e+02
6.735093e+02
6.738057e+02
6.658812e+02
6.620613e+02
6.560732e+02
6.490703e+02
6.488787e+02
6.432460e+02
6.438479e+02
6.437423e+02
6.411419e+02
6.382164e+02
6.316781e+02
6.332321e+02
6.371293e+02
6.348747e+02
6.339379e+02
6.314050e+02
6.435898e+02
6.324673e+02
6.265349e+02
6.347348e+02
6.322301e+02
6.268959e+02
6.318979e+02
6.287188e+02
6.207095e+02
6.220442e+02
6.250671e+02
6.206912e+02
6.244993e+02
6.252893e+02
6.242643e+02
6.221904e+02
6.206265e+02
6.166746e+02
6.185216e+02
6.238582e+02
6.225622e+02
6.142002e+02
6.181172e+02
6.147834e+02
6.149377e+02
6.125392e+02
6.201086e+02
6.154135e+02
6.119676e+02
6.127414e+02
6.176562e+02
6.169931e+02
6.142844e+02
6.082234e+02
6.116569e+02
6.110903e+02
6.114037e+02
6.101678e+02
6.139477e+02
6.030614e+02
6.085774e+02
6.098600e+02
6.080573e+02
6.050030e+02
6.035222e+02
6.070987e+02
6.070660e+02
6.039786e+02
6.060731e+02
6.058992e+02
6.066033e+02
5.984048e+02
5.985349e+02
5.992357e+02
6.043941e+02
6.003288e+02
5.954301e+02
5.968498e+02
5.939952e+02
6.018964e+02
6.018779e+02
5.988127e+02
6.035158e+02
5.955164e+02
5.946911e+02
5.968523e+02
5.931493e+02
5.962609e+02
5.923426e+02
5.966723e+02
5.936514e+02
5.968135e+02
5.955634e+02
5.931839e+02
5.929603e+02
5.936285e+02
5.865648e+02
5.894911e+02
5.842883e+02
5.938421e+02
5.966287e+02
5.882799e+02
5.887192e+02
5.926441e+02
5.917943e+02
5.843551e+02
5.877741e+02
5.828138e+02
5.936623e+02
5.818214e+02
5.882440e+02
5.791157e+02
5.872923e+02
5.889604e+02
5.854668e+02
5.822320e+02
5.811572e+02
5.865914e+02
5.797797e+02
5.880714e+02
