# Temperatura_=_42.69
# Concentracion g/m^3_=_5000.0
# C_Vs_to_Am_M_A/Vsm_=_65563218390.804596
# pendiente_HvsI_1/m_=_3716.3
# ordenada_HvsI_A/m_=_1297.0
# frecuencia_Hz_=_302509.8928985959

Tiempo_(s)	Campo_(V.s)	Magnetizacion_(V.s)	Campo_(kA/m)	Magnetizacion_(A/m)
0.000000e+00	-7.999266e-06	-5.501218e-09	-5.686863e+01	-3.604070e+02
1.000000e-08	-7.995283e-06	-5.502505e-09	-5.684032e+01	-3.601777e+02
2.000000e-08	-7.988764e-06	-5.498067e-09	-5.679397e+01	-3.598726e+02
3.000000e-08	-7.979529e-06	-5.491100e-09	-5.672832e+01	-3.595051e+02
4.000000e-08	-7.967364e-06	-5.485522e-09	-5.664183e+01	-3.590906e+02
5.000000e-08	-7.952189e-06	-5.478988e-09	-5.653395e+01	-3.586450e+02
6.000000e-08	-7.934302e-06	-5.470672e-09	-5.640679e+01	-3.581820e+02
7.000000e-08	-7.914214e-06	-5.464926e-09	-5.626398e+01	-3.577120e+02
8.000000e-08	-7.891546e-06	-5.459117e-09	-5.610283e+01	-3.572406e+02
9.000000e-08	-7.865674e-06	-5.497575e-09	-5.591889e+01	-3.567676e+02
1.000000e-07	-7.836619e-06	-5.499759e-09	-5.571233e+01	-3.562876e+02
1.100000e-07	-7.804701e-06	-5.453305e-09	-5.548543e+01	-3.557901e+02
1.200000e-07	-7.770022e-06	-5.425824e-09	-5.523888e+01	-3.552611e+02
1.300000e-07	-7.732840e-06	-5.406884e-09	-5.497455e+01	-3.546846e+02
1.400000e-07	-7.693458e-06	-5.373519e-09	-5.469457e+01	-3.540444e+02
1.500000e-07	-7.651830e-06	-5.328062e-09	-5.439862e+01	-3.533257e+02
1.600000e-07	-7.607622e-06	-5.401087e-09	-5.408434e+01	-3.525168e+02
1.700000e-07	-7.560690e-06	-5.375875e-09	-5.375069e+01	-3.516100e+02
1.800000e-07	-7.510930e-06	-5.313066e-09	-5.339694e+01	-3.506020e+02
1.900000e-07	-7.458132e-06	-5.353574e-09	-5.302158e+01	-3.494936e+02
2.000000e-07	-7.402480e-06	-5.267237e-09	-5.262594e+01	-3.482897e+02
2.100000e-07	-7.344132e-06	-5.239219e-09	-5.221113e+01	-3.469977e+02
2.200000e-07	-7.283161e-06	-5.241707e-09	-5.177768e+01	-3.456268e+02
2.300000e-07	-7.219541e-06	-5.207168e-09	-5.132539e+01	-3.441864e+02
2.400000e-07	-7.153106e-06	-5.216467e-09	-5.085309e+01	-3.426847e+02
2.500000e-07	-7.083940e-06	-5.194912e-09	-5.036137e+01	-3.411287e+02
2.600000e-07	-7.012070e-06	-5.181963e-09	-4.985042e+01	-3.395224e+02
2.700000e-07	-6.937360e-06	-5.144575e-09	-4.931930e+01	-3.378675e+02
2.800000e-07	-6.859834e-06	-5.123157e-09	-4.876814e+01	-3.361631e+02
2.900000e-07	-6.779618e-06	-5.085774e-09	-4.819787e+01	-3.344058e+02
3.000000e-07	-6.696965e-06	-5.052552e-09	-4.761027e+01	-3.325909e+02
3.100000e-07	-6.612064e-06	-5.050429e-09	-4.700669e+01	-3.307128e+02
3.200000e-07	-6.524796e-06	-4.993299e-09	-4.638628e+01	-3.287653e+02
3.300000e-07	-6.435140e-06	-4.965024e-09	-4.574889e+01	-3.267429e+02
3.400000e-07	-6.343120e-06	-4.937975e-09	-4.509471e+01	-3.246405e+02
3.500000e-07	-6.248779e-06	-4.905237e-09	-4.442402e+01	-3.224544e+02
3.600000e-07	-6.152179e-06	-4.868413e-09	-4.373726e+01	-3.201818e+02
3.700000e-07	-6.053348e-06	-4.833611e-09	-4.303465e+01	-3.178212e+02
3.800000e-07	-5.952317e-06	-4.806506e-09	-4.231640e+01	-3.153723e+02
3.900000e-07	-5.849150e-06	-4.764325e-09	-4.158296e+01	-3.128353e+02
4.000000e-07	-5.743978e-06	-4.725783e-09	-4.083527e+01	-3.102114e+02
4.100000e-07	-5.636860e-06	-4.672277e-09	-4.007374e+01	-3.075020e+02
4.200000e-07	-5.527750e-06	-4.636400e-09	-3.929805e+01	-3.047087e+02
4.300000e-07	-5.416614e-06	-4.592773e-09	-3.850796e+01	-3.018330e+02
4.400000e-07	-5.303469e-06	-4.548298e-09	-3.770358e+01	-2.988761e+02
4.500000e-07	-5.188246e-06	-4.506457e-09	-3.688444e+01	-2.958388e+02
4.600000e-07	-5.071011e-06	-4.460642e-09	-3.605099e+01	-2.927210e+02
4.700000e-07	-4.951920e-06	-4.404662e-09	-3.520434e+01	-2.895215e+02
4.800000e-07	-4.831019e-06	-4.346495e-09	-3.434483e+01	-2.862383e+02
4.900000e-07	-4.708308e-06	-4.298394e-09	-3.347245e+01	-2.828678e+02
5.000000e-07	-4.583909e-06	-4.243850e-09	-3.258807e+01	-2.794056e+02
5.100000e-07	-4.457880e-06	-4.192405e-09	-3.169210e+01	-2.758460e+02
5.200000e-07	-4.330191e-06	-4.137206e-09	-3.078433e+01	-2.721826e+02
5.300000e-07	-4.200885e-06	-4.082988e-09	-2.986506e+01	-2.684088e+02
5.400000e-07	-4.070083e-06	-4.020615e-09	-2.893516e+01	-2.645180e+02
5.500000e-07	-3.937780e-06	-3.958272e-09	-2.799459e+01	-2.605044e+02
5.600000e-07	-3.803954e-06	-3.896857e-09	-2.704319e+01	-2.563633e+02
5.700000e-07	-3.668678e-06	-3.829543e-09	-2.608148e+01	-2.520916e+02
5.800000e-07	-3.531934e-06	-3.759074e-09	-2.510934e+01	-2.476878e+02
5.900000e-07	-3.393767e-06	-3.688664e-09	-2.412707e+01	-2.431516e+02
6.000000e-07	-3.254208e-06	-3.619493e-09	-2.313492e+01	-2.384841e+02
6.100000e-07	-3.113207e-06	-3.543660e-09	-2.213251e+01	-2.336866e+02
6.200000e-07	-2.970918e-06	-3.469452e-09	-2.112094e+01	-2.287601e+02
6.300000e-07	-2.827551e-06	-3.396376e-09	-2.010171e+01	-2.237042e+02
6.400000e-07	-2.683145e-06	-3.320721e-09	-1.907510e+01	-2.185163e+02
6.500000e-07	-2.537795e-06	-3.238763e-09	-1.804177e+01	-2.131914e+02
6.600000e-07	-2.391560e-06	-3.155024e-09	-1.700215e+01	-2.077213e+02
6.700000e-07	-2.244501e-06	-3.069061e-09	-1.595668e+01	-2.020953e+02
6.800000e-07	-2.096716e-06	-2.977671e-09	-1.490604e+01	-1.963002e+02
6.900000e-07	-1.948316e-06	-2.884002e-09	-1.385103e+01	-1.903218e+02
7.000000e-07	-1.799326e-06	-2.786880e-09	-1.279183e+01	-1.841456e+02
7.100000e-07	-1.649659e-06	-2.687784e-09	-1.172781e+01	-1.777584e+02
7.200000e-07	-1.499455e-06	-2.586949e-09	-1.065997e+01	-1.711492e+02
7.300000e-07	-1.348798e-06	-2.485662e-09	-9.588915e+00	-1.643099e+02
7.400000e-07	-1.197672e-06	-2.378732e-09	-8.514527e+00	-1.572357e+02
7.500000e-07	-1.046185e-06	-2.267395e-09	-7.437572e+00	-1.499246e+02
7.600000e-07	-8.943344e-07	-2.156370e-09	-6.358030e+00	-1.423763e+02
7.700000e-07	-7.421763e-07	-2.040848e-09	-5.276303e+00	-1.345903e+02
7.800000e-07	-5.897433e-07	-1.917872e-09	-4.192621e+00	-1.265646e+02
7.900000e-07	-4.370452e-07	-1.790181e-09	-3.107055e+00	-1.182927e+02
8.000000e-07	-2.841952e-07	-1.659499e-09	-2.020410e+00	-1.097624e+02
8.100000e-07	-1.312392e-07	-1.521924e-09	-9.330099e-01	-1.009544e+02
8.200000e-07	2.179789e-08	-1.378238e-09	1.549662e-01	-9.184176e+01
8.300000e-07	1.748358e-07	-1.229668e-09	1.242948e+00	-8.239077e+01
8.400000e-07	3.277946e-07	-1.077306e-09	2.330368e+00	-7.256318e+01
8.500000e-07	4.806542e-07	-9.214570e-10	3.417082e+00	-6.231921e+01
8.600000e-07	6.334135e-07	-7.616359e-10	4.503083e+00	-5.162182e+01
8.700000e-07	7.860279e-07	-5.960084e-10	5.588054e+00	-4.044144e+01
8.800000e-07	9.384292e-07	-4.202734e-10	6.671510e+00	-2.876089e+01
8.900000e-07	1.090511e-06	-2.348799e-10	7.752694e+00	-1.657986e+01
9.000000e-07	1.242177e-06	-4.314799e-11	8.830920e+00	-3.918380e+00
9.100000e-07	1.393410e-06	1.506620e-10	9.906074e+00	9.181043e+00
9.200000e-07	1.544155e-06	3.516816e-10	1.097775e+01	2.265315e+01
9.300000e-07	1.694350e-06	5.605155e-10	1.204553e+01	3.641152e+01
9.400000e-07	1.843927e-06	7.739800e-10	1.310890e+01	5.035204e+01
9.500000e-07	1.992840e-06	9.891848e-10	1.416756e+01	6.435800e+01
9.600000e-07	2.141060e-06	1.202458e-09	1.522129e+01	7.830636e+01
9.700000e-07	2.288500e-06	1.413232e-09	1.626947e+01	9.207465e+01
9.800000e-07	2.435107e-06	1.619001e-09	1.731173e+01	1.055477e+02
9.900000e-07	2.580817e-06	1.817099e-09	1.834762e+01	1.186240e+02
1.000000e-06	2.725542e-06	2.003448e-09	1.937651e+01	1.312204e+02
1.010000e-06	2.869220e-06	2.179856e-09	2.039795e+01	1.432751e+02
1.020000e-06	3.011786e-06	2.347394e-09	2.141148e+01	1.547496e+02
1.030000e-06	3.153166e-06	2.509225e-09	2.241658e+01	1.656274e+02
1.040000e-06	3.293231e-06	2.667665e-09	2.341234e+01	1.759122e+02
1.050000e-06	3.431921e-06	2.818421e-09	2.439832e+01	1.856238e+02
1.060000e-06	3.569300e-06	2.961200e-09	2.537498e+01	1.947940e+02
1.070000e-06	3.705289e-06	3.096504e-09	2.634176e+01	2.034611e+02
1.080000e-06	3.839840e-06	3.223616e-09	2.729831e+01	2.116662e+02
1.090000e-06	3.973070e-06	3.342378e-09	2.824548e+01	2.194488e+02
1.100000e-06	4.104963e-06	3.453091e-09	2.918313e+01	2.268439e+02
1.110000e-06	4.235371e-06	3.559085e-09	3.011023e+01	2.338812e+02
1.120000e-06	4.364308e-06	3.663029e-09	3.102688e+01	2.405841e+02
1.130000e-06	4.491674e-06	3.761778e-09	3.193235e+01	2.469709e+02
1.140000e-06	4.617428e-06	3.853537e-09	3.282636e+01	2.530560e+02
1.150000e-06	4.741679e-06	3.939813e-09	3.370969e+01	2.588521e+02
1.160000e-06	4.864258e-06	4.022277e-09	3.458113e+01	2.643718e+02
1.170000e-06	4.985133e-06	4.101717e-09	3.544046e+01	2.696293e+02
1.180000e-06	5.104219e-06	4.177821e-09	3.628707e+01	2.746410e+02
1.190000e-06	5.221433e-06	4.250344e-09	3.712037e+01	2.794258e+02
1.200000e-06	5.336677e-06	4.319454e-09	3.793967e+01	2.840043e+02
1.210000e-06	5.449792e-06	4.385762e-09	3.874383e+01	2.883974e+02
1.220000e-06	5.560809e-06	4.451054e-09	3.953308e+01	2.926247e+02
1.230000e-06	5.669902e-06	4.515095e-09	4.030864e+01	2.967029e+02
1.240000e-06	5.777056e-06	4.576395e-09	4.107042e+01	3.006441e+02
1.250000e-06	5.882061e-06	4.633800e-09	4.181693e+01	3.044551e+02
1.260000e-06	5.984870e-06	4.688100e-09	4.254783e+01	3.081368e+02
1.270000e-06	6.085494e-06	4.739606e-09	4.326318e+01	3.116851e+02
1.280000e-06	6.183869e-06	4.789155e-09	4.396255e+01	3.150920e+02
1.290000e-06	6.279853e-06	4.836701e-09	4.464492e+01	3.183472e+02
1.300000e-06	6.373537e-06	4.880870e-09	4.531095e+01	3.214406e+02
1.310000e-06	6.465040e-06	4.921916e-09	4.596146e+01	3.243641e+02
1.320000e-06	6.554230e-06	4.961968e-09	4.659553e+01	3.271135e+02
1.330000e-06	6.641035e-06	5.002310e-09	4.721265e+01	3.296897e+02
1.340000e-06	6.725563e-06	5.041085e-09	4.781358e+01	3.320988e+02
1.350000e-06	6.807772e-06	5.076561e-09	4.839802e+01	3.343522e+02
1.360000e-06	6.887488e-06	5.108684e-09	4.896475e+01	3.364650e+02
1.370000e-06	6.964598e-06	5.138823e-09	4.951294e+01	3.384547e+02
1.380000e-06	7.039029e-06	5.168013e-09	5.004208e+01	3.403386e+02
1.390000e-06	7.110837e-06	5.196909e-09	5.055258e+01	3.421326e+02
1.400000e-06	7.180180e-06	5.224886e-09	5.104556e+01	3.438485e+02
1.410000e-06	7.246997e-06	5.250564e-09	5.152058e+01	3.454937e+02
1.420000e-06	7.311147e-06	5.274555e-09	5.197663e+01	3.470701e+02
1.430000e-06	7.372764e-06	5.297884e-09	5.241468e+01	3.485748e+02
1.440000e-06	7.431919e-06	5.319825e-09	5.283523e+01	3.500011e+02
1.450000e-06	7.488451e-06	5.339059e-09	5.323713e+01	3.513398e+02
1.460000e-06	7.542260e-06	5.356682e-09	5.361967e+01	3.525816e+02
1.470000e-06	7.593084e-06	5.373778e-09	5.398099e+01	3.537189e+02
1.480000e-06	7.640834e-06	5.390327e-09	5.432045e+01	3.547469e+02
1.490000e-06	7.685851e-06	5.406673e-09	5.464049e+01	3.556654e+02
1.500000e-06	7.728194e-06	5.420582e-09	5.494152e+01	3.564790e+02
1.510000e-06	7.767713e-06	5.432408e-09	5.522247e+01	3.571965e+02
1.520000e-06	7.804498e-06	5.444149e-09	5.548398e+01	3.578302e+02
1.530000e-06	7.838546e-06	5.454418e-09	5.572603e+01	3.583940e+02
1.540000e-06	7.869744e-06	5.462639e-09	5.594783e+01	3.589019e+02
1.550000e-06	7.898228e-06	5.470835e-09	5.615033e+01	3.593659e+02
1.560000e-06	7.923852e-06	5.479348e-09	5.633250e+01	3.597943e+02
1.570000e-06	7.946488e-06	5.486654e-09	5.649342e+01	3.601909e+02
1.580000e-06	7.966399e-06	5.493168e-09	5.663497e+01	3.605544e+02
1.590000e-06	7.983515e-06	5.499068e-09	5.675665e+01	3.608788e+02
1.600000e-06	7.997604e-06	5.503257e-09	5.685682e+01	3.611545e+02
1.610000e-06	8.008560e-06	5.506543e-09	5.693471e+01	3.613698e+02
1.620000e-06	8.016403e-06	5.509407e-09	5.699046e+01	3.615128e+02
1.630000e-06	8.021393e-06	5.512294e-09	5.702594e+01	3.615737e+02
1.640000e-06	8.023582e-06	5.513584e-09	5.704150e+01	3.615456e+02
1.650000e-06	8.022925e-06	5.513538e-09	5.703683e+01	3.614269e+02
1.660000e-06	8.019642e-06	5.509195e-09	5.701349e+01	3.612208e+02
1.670000e-06	8.013678e-06	5.504523e-09	5.697109e+01	3.609357e+02
1.680000e-06	8.005013e-06	5.502350e-09	5.690949e+01	3.605841e+02
1.690000e-06	7.993756e-06	5.500841e-09	5.682946e+01	3.601810e+02
1.700000e-06	7.979644e-06	5.497504e-09	5.672913e+01	3.597423e+02
1.710000e-06	7.962845e-06	5.491321e-09	5.660970e+01	3.592826e+02
1.720000e-06	7.943754e-06	5.481584e-09	5.647398e+01	3.588134e+02
1.730000e-06	7.922223e-06	5.452255e-09	5.632092e+01	3.583417e+02
1.740000e-06	7.897560e-06	5.386924e-09	5.614558e+01	3.578691e+02
1.750000e-06	7.869192e-06	5.396809e-09	5.594391e+01	3.573916e+02
1.760000e-06	7.837416e-06	5.418109e-09	5.571800e+01	3.569000e+02
1.770000e-06	7.802960e-06	5.405761e-09	5.547305e+01	3.563811e+02
1.780000e-06	7.766262e-06	5.420407e-09	5.521215e+01	3.558195e+02
1.790000e-06	7.727376e-06	5.479977e-09	5.493570e+01	3.551986e+02
1.800000e-06	7.686340e-06	5.400110e-09	5.464397e+01	3.545032e+02
1.810000e-06	7.642849e-06	5.366514e-09	5.433478e+01	3.537207e+02
1.820000e-06	7.596723e-06	5.428556e-09	5.400686e+01	3.528420e+02
1.830000e-06	7.547923e-06	5.334969e-09	5.365993e+01	3.518625e+02
1.840000e-06	7.496117e-06	5.396235e-09	5.329162e+01	3.507820e+02
1.850000e-06	7.441363e-06	5.359524e-09	5.290237e+01	3.496043e+02
1.860000e-06	7.383845e-06	5.322025e-09	5.249346e+01	3.483362e+02
1.870000e-06	7.323684e-06	5.341077e-09	5.206576e+01	3.469865e+02
1.880000e-06	7.260819e-06	5.241732e-09	5.161884e+01	3.455646e+02
1.890000e-06	7.195110e-06	5.262937e-09	5.115170e+01	3.440792e+02
1.900000e-06	7.126664e-06	5.206016e-09	5.066510e+01	3.425377e+02
1.910000e-06	7.055365e-06	5.203366e-09	5.015822e+01	3.409451e+02
1.920000e-06	6.981321e-06	5.187774e-09	4.963183e+01	3.393037e+02
1.930000e-06	6.904624e-06	5.143922e-09	4.908657e+01	3.376132e+02
1.940000e-06	6.825184e-06	5.161948e-09	4.852181e+01	3.358710e+02
1.950000e-06	6.743233e-06	5.075709e-09	4.793920e+01	3.340727e+02
1.960000e-06	6.658845e-06	5.084844e-09	4.733926e+01	3.322129e+02
1.970000e-06	6.571987e-06	5.043703e-09	4.672178e+01	3.302854e+02
1.980000e-06	6.482692e-06	5.007115e-09	4.608696e+01	3.282845e+02
1.990000e-06	6.391139e-06	4.989828e-09	4.543608e+01	3.262050e+02
2.000000e-06	6.297354e-06	4.941652e-09	4.476934e+01	3.240427e+02
2.010000e-06	6.201260e-06	4.923636e-09	4.408619e+01	3.217945e+02
2.020000e-06	6.102950e-06	4.864894e-09	4.338728e+01	3.194588e+02
2.030000e-06	6.002502e-06	4.840094e-09	4.267317e+01	3.170347e+02
2.040000e-06	5.899893e-06	4.795133e-09	4.194370e+01	3.145224e+02
2.050000e-06	5.795111e-06	4.775887e-09	4.119878e+01	3.119227e+02
2.060000e-06	5.688374e-06	4.732194e-09	4.043997e+01	3.092372e+02
2.070000e-06	5.579735e-06	4.685254e-09	3.966762e+01	3.064672e+02
2.080000e-06	5.469072e-06	4.640147e-09	3.888089e+01	3.036145e+02
2.090000e-06	5.356355e-06	4.584315e-09	3.807957e+01	3.006803e+02
2.100000e-06	5.241663e-06	4.543604e-09	3.726420e+01	2.976655e+02
2.110000e-06	5.124992e-06	4.501792e-09	3.643475e+01	2.945703e+02
2.120000e-06	5.006321e-06	4.465442e-09	3.559109e+01	2.913939e+02
2.130000e-06	4.885742e-06	4.407328e-09	3.473387e+01	2.881345e+02
2.140000e-06	4.763345e-06	4.360031e-09	3.386372e+01	2.847890e+02
2.150000e-06	4.639204e-06	4.305147e-09	3.298117e+01	2.813531e+02
2.160000e-06	4.513358e-06	4.254684e-09	3.208650e+01	2.778215e+02
2.170000e-06	4.385866e-06	4.196057e-09	3.118013e+01	2.741880e+02
2.180000e-06	4.256741e-06	4.141722e-09	3.026216e+01	2.704460e+02
2.190000e-06	4.126071e-06	4.081896e-09	2.933319e+01	2.665888e+02
2.200000e-06	3.993862e-06	4.017016e-09	2.839329e+01	2.626104e+02
2.210000e-06	3.860207e-06	3.956718e-09	2.744311e+01	2.585058e+02
2.220000e-06	3.725120e-06	3.898406e-09	2.648274e+01	2.542712e+02
2.230000e-06	3.588572e-06	3.835949e-09	2.551198e+01	2.499047e+02
2.240000e-06	3.450650e-06	3.762546e-09	2.453146e+01	2.454059e+02
2.250000e-06	3.311407e-06	3.693203e-09	2.354156e+01	2.407753e+02
2.260000e-06	3.170915e-06	3.620745e-09	2.254277e+01	2.360145e+02
2.270000e-06	3.029184e-06	3.544943e-09	2.153517e+01	2.311243e+02
2.280000e-06	2.886261e-06	3.463285e-09	2.051910e+01	2.261051e+02
2.290000e-06	2.742194e-06	3.384168e-09	1.949489e+01	2.209549e+02
2.300000e-06	2.597184e-06	3.302185e-09	1.846398e+01	2.156694e+02
2.310000e-06	2.451337e-06	3.223443e-09	1.742712e+01	2.102414e+02
2.320000e-06	2.304678e-06	3.146101e-09	1.638449e+01	2.046608e+02
2.330000e-06	2.157288e-06	3.059541e-09	1.533666e+01	1.989150e+02
2.340000e-06	2.009148e-06	2.962691e-09	1.428350e+01	1.929900e+02
2.350000e-06	1.860266e-06	2.863800e-09	1.322506e+01	1.868713e+02
2.360000e-06	1.710822e-06	2.769015e-09	1.216263e+01	1.805452e+02
2.370000e-06	1.560862e-06	2.670600e-09	1.109653e+01	1.740000e+02
2.380000e-06	1.410362e-06	2.567837e-09	1.002659e+01	1.672266e+02
2.390000e-06	1.259394e-06	2.461766e-09	8.953322e+00	1.602194e+02
2.400000e-06	1.108016e-06	2.348863e-09	7.877143e+00	1.529757e+02
2.410000e-06	9.563090e-07	2.232267e-09	6.798621e+00	1.454947e+02
2.420000e-06	8.042824e-07	2.115701e-09	5.717829e+00	1.377763e+02
2.430000e-06	6.520000e-07	1.998186e-09	4.635219e+00	1.298191e+02
2.440000e-06	4.995028e-07	1.874555e-09	3.551081e+00	1.216181e+02
2.450000e-06	3.468134e-07	1.745497e-09	2.465577e+00	1.131629e+02
2.460000e-06	1.939198e-07	1.614305e-09	1.378621e+00	1.044362e+02
2.470000e-06	4.085258e-08	1.475640e-09	2.904304e-01	9.541333e+01
2.480000e-06	-1.122740e-07	1.329784e-09	-7.981820e-01	8.606233e+01
2.490000e-06	-2.653696e-07	1.180825e-09	-1.886574e+00	7.634598e+01
2.500000e-06	-4.183302e-07	1.026346e-09	-2.974006e+00	6.622454e+01
2.510000e-06	-5.711167e-07	8.646886e-10	-4.060201e+00	5.565971e+01
2.520000e-06	-7.237864e-07	6.964744e-10	-5.145565e+00	4.461928e+01
2.530000e-06	-8.762548e-07	5.213221e-10	-6.229498e+00	3.308206e+01
2.540000e-06	-1.028357e-06	3.388378e-10	-7.310827e+00	2.104250e+01
2.550000e-06	-1.180056e-06	1.470109e-10	-8.389291e+00	8.514532e+00
2.560000e-06	-1.331358e-06	-5.281766e-11	-9.464929e+00	-4.465864e+00
2.570000e-06	-1.482198e-06	-2.576142e-10	-1.053729e+01	-1.783986e+01
2.580000e-06	-1.632510e-06	-4.680005e-10	-1.160589e+01	-3.152680e+01
2.590000e-06	-1.782207e-06	-6.835842e-10	-1.267012e+01	-4.542717e+01
2.600000e-06	-1.931252e-06	-9.006601e-10	-1.372972e+01	-5.942725e+01
2.610000e-06	-2.079612e-06	-1.117291e-09	-1.478444e+01	-7.340515e+01
2.620000e-06	-2.227143e-06	-1.333237e-09	-1.583327e+01	-8.723750e+01
2.630000e-06	-2.373789e-06	-1.545230e-09	-1.687582e+01	-1.008064e+02
2.640000e-06	-2.519549e-06	-1.749193e-09	-1.791206e+01	-1.140059e+02
2.650000e-06	-2.664452e-06	-1.944272e-09	-1.894220e+01	-1.267470e+02
2.660000e-06	-2.808325e-06	-2.130054e-09	-1.996503e+01	-1.389619e+02
2.670000e-06	-2.950972e-06	-2.305405e-09	-2.097914e+01	-1.506052e+02
2.680000e-06	-3.092421e-06	-2.471225e-09	-2.198474e+01	-1.616544e+02
2.690000e-06	-3.232702e-06	-2.628755e-09	-2.298203e+01	-1.721076e+02
2.700000e-06	-3.371731e-06	-2.778792e-09	-2.397042e+01	-1.819807e+02
2.710000e-06	-3.509474e-06	-2.923066e-09	-2.494966e+01	-1.913022e+02
2.720000e-06	-3.645907e-06	-3.061969e-09	-2.591960e+01	-2.001093e+02
2.730000e-06	-3.780947e-06	-3.193635e-09	-2.687963e+01	-2.084427e+02
2.740000e-06	-3.914616e-06	-3.315825e-09	-2.782991e+01	-2.163426e+02
2.750000e-06	-4.046898e-06	-3.429262e-09	-2.877034e+01	-2.238456e+02
2.760000e-06	-4.177756e-06	-3.536149e-09	-2.970063e+01	-2.309829e+02
2.770000e-06	-4.307257e-06	-3.638614e-09	-3.062128e+01	-2.377797e+02
2.780000e-06	-4.435336e-06	-3.736951e-09	-3.153183e+01	-2.442556e+02
2.790000e-06	-4.561838e-06	-3.831137e-09	-3.243116e+01	-2.504260e+02
2.800000e-06	-4.686767e-06	-3.919448e-09	-3.331931e+01	-2.563038e+02
2.810000e-06	-4.810039e-06	-4.001921e-09	-3.419568e+01	-2.619016e+02
2.820000e-06	-4.931573e-06	-4.082421e-09	-3.505969e+01	-2.672328e+02
2.830000e-06	-5.051305e-06	-4.161075e-09	-3.591090e+01	-2.723134e+02
2.840000e-06	-5.169069e-06	-4.237728e-09	-3.674811e+01	-2.771614e+02
2.850000e-06	-5.284674e-06	-4.309860e-09	-3.756997e+01	-2.817971e+02
2.860000e-06	-5.398095e-06	-4.376824e-09	-3.837630e+01	-2.862415e+02
2.870000e-06	-5.509391e-06	-4.442453e-09	-3.916753e+01	-2.905147e+02
2.880000e-06	-5.618638e-06	-4.506463e-09	-3.994420e+01	-2.946345e+02
2.890000e-06	-5.726058e-06	-4.569511e-09	-4.070787e+01	-2.986143e+02
2.900000e-06	-5.831548e-06	-4.630444e-09	-4.145782e+01	-3.024626e+02
2.910000e-06	-5.934802e-06	-4.689022e-09	-4.219188e+01	-3.061819e+02
2.920000e-06	-6.035781e-06	-4.745346e-09	-4.290976e+01	-3.097695e+02
2.930000e-06	-6.134582e-06	-4.799409e-09	-4.361216e+01	-3.132181e+02
2.940000e-06	-6.231263e-06	-4.851912e-09	-4.429949e+01	-3.165182e+02
2.950000e-06	-6.325758e-06	-4.900260e-09	-4.497127e+01	-3.196591e+02
2.960000e-06	-6.417905e-06	-4.943897e-09	-4.562637e+01	-3.226323e+02
2.970000e-06	-6.507758e-06	-4.984154e-09	-4.626515e+01	-3.254320e+02
2.980000e-06	-6.595349e-06	-5.023439e-09	-4.688786e+01	-3.280577e+02
2.990000e-06	-6.680533e-06	-5.061039e-09	-4.749346e+01	-3.305140e+02
3.000000e-06	-6.763339e-06	-5.097589e-09	-4.808214e+01	-3.328109e+02
3.010000e-06	-6.843754e-06	-5.132263e-09	-4.865383e+01	-3.349626e+02
3.020000e-06	-6.921579e-06	-5.164728e-09	-4.920711e+01	-3.369861e+02
3.030000e-06	-6.996693e-06	-5.196765e-09	-4.974110e+01	-3.388989e+02
3.040000e-06	-7.069198e-06	-5.227295e-09	-5.025656e+01	-3.407176e+02
3.050000e-06	-7.139125e-06	-5.254576e-09	-5.075369e+01	-3.424553e+02
3.060000e-06	-7.206459e-06	-5.279166e-09	-5.123238e+01	-3.441207e+02
3.070000e-06	-7.271308e-06	-5.302364e-09	-5.169341e+01	-3.457173e+02
3.080000e-06	-7.333595e-06	-5.323511e-09	-5.213622e+01	-3.472434e+02
3.090000e-06	-7.393265e-06	-5.343594e-09	-5.256043e+01	-3.486934e+02
3.100000e-06	-7.450343e-06	-5.364291e-09	-5.296621e+01	-3.500585e+02
3.110000e-06	-7.504669e-06	-5.383052e-09	-5.335243e+01	-3.513294e+02
3.120000e-06	-7.555966e-06	-5.401508e-09	-5.371711e+01	-3.524975e+02
3.130000e-06	-7.604088e-06	-5.418748e-09	-5.405922e+01	-3.535574e+02
3.140000e-06	-7.649468e-06	-5.433136e-09	-5.438184e+01	-3.545074e+02
3.150000e-06	-7.692467e-06	-5.447010e-09	-5.468753e+01	-3.553507e+02
3.160000e-06	-7.732917e-06	-5.458336e-09	-5.497509e+01	-3.560949e+02
3.170000e-06	-7.770612e-06	-5.468306e-09	-5.524308e+01	-3.567516e+02
3.180000e-06	-7.805550e-06	-5.476812e-09	-5.549146e+01	-3.573343e+02
3.190000e-06	-7.837730e-06	-5.483538e-09	-5.572023e+01	-3.578573e+02
3.200000e-06	-7.867006e-06	-5.489320e-09	-5.592837e+01	-3.583332e+02
3.210000e-06	-7.893450e-06	-5.494161e-09	-5.611636e+01	-3.587716e+02
3.220000e-06	-7.917045e-06	-5.499130e-09	-5.628410e+01	-3.591777e+02
3.230000e-06	-7.937758e-06	-5.503260e-09	-5.643136e+01	-3.595515e+02
3.240000e-06	-7.955704e-06	-5.505646e-09	-5.655894e+01	-3.598883e+02
3.250000e-06	-7.970731e-06	-5.507118e-09	-5.666577e+01	-3.601794e+02
3.260000e-06	-7.982600e-06	-5.507581e-09	-5.675015e+01	-3.604136e+02
3.270000e-06	-7.991446e-06	-5.508688e-09	-5.681303e+01	-3.605789e+02
3.280000e-06	-7.997432e-06	-5.508499e-09	-5.685559e+01	-3.606645e+02
3.290000e-06	-8.000630e-06	-5.506720e-09	-5.687832e+01	-3.606627e+02
3.300000e-06	-8.001075e-06	-5.504173e-09	-5.688149e+01	-3.605702e+02
