# Temperatura_=_35.91
# Concentracion g/m^3_=_5000.0
# C_Vs_to_Am_M_A/Vsm_=_65563218390.804596
# pendiente_HvsI_1/m_=_3716.3
# ordenada_HvsI_A/m_=_1297.0
# frecuencia_Hz_=_302511.1323339887

Tiempo_(s)	Campo_(V.s)	Magnetizacion_(V.s)	Campo_(kA/m)	Magnetizacion_(A/m)
0.000000e+00	-7.990717e-06	-5.259273e-09	-5.686663e+01	-3.434905e+02
1.000000e-08	-7.986504e-06	-5.257601e-09	-5.683664e+01	-3.432626e+02
2.000000e-08	-7.979733e-06	-5.252039e-09	-5.678846e+01	-3.429676e+02
3.000000e-08	-7.970259e-06	-5.246670e-09	-5.672104e+01	-3.426187e+02
4.000000e-08	-7.957943e-06	-5.240772e-09	-5.663339e+01	-3.422310e+02
5.000000e-08	-7.942613e-06	-5.233493e-09	-5.652429e+01	-3.418197e+02
6.000000e-08	-7.924552e-06	-5.223329e-09	-5.639576e+01	-3.413981e+02
7.000000e-08	-7.904243e-06	-5.212127e-09	-5.625123e+01	-3.409762e+02
8.000000e-08	-7.881391e-06	-5.234187e-09	-5.608860e+01	-3.405596e+02
9.000000e-08	-7.855354e-06	-5.266669e-09	-5.590331e+01	-3.401487e+02
1.000000e-07	-7.826030e-06	-5.242428e-09	-5.569462e+01	-3.397390e+02
1.100000e-07	-7.793804e-06	-5.204255e-09	-5.546528e+01	-3.393215e+02
1.200000e-07	-7.758881e-06	-5.187515e-09	-5.521675e+01	-3.388837e+02
1.300000e-07	-7.721435e-06	-5.163879e-09	-5.495026e+01	-3.384112e+02
1.400000e-07	-7.681888e-06	-5.115606e-09	-5.466882e+01	-3.378889e+02
1.500000e-07	-7.640185e-06	-5.132017e-09	-5.437204e+01	-3.373029e+02
1.600000e-07	-7.595791e-06	-5.167841e-09	-5.405610e+01	-3.366416e+02
1.700000e-07	-7.548695e-06	-5.096075e-09	-5.372094e+01	-3.358963e+02
1.800000e-07	-7.498695e-06	-5.114743e-09	-5.336511e+01	-3.350621e+02
1.900000e-07	-7.445610e-06	-5.114833e-09	-5.298733e+01	-3.341376e+02
2.000000e-07	-7.389798e-06	-5.060312e-09	-5.259014e+01	-3.331245e+02
2.100000e-07	-7.331258e-06	-5.047639e-09	-5.217353e+01	-3.320271e+02
2.200000e-07	-7.270030e-06	-5.022958e-09	-5.173780e+01	-3.308513e+02
2.300000e-07	-7.206176e-06	-5.042181e-09	-5.128338e+01	-3.296035e+02
2.400000e-07	-7.139540e-06	-5.007706e-09	-5.080916e+01	-3.282902e+02
2.500000e-07	-7.070211e-06	-4.976497e-09	-5.031577e+01	-3.269167e+02
2.600000e-07	-6.998185e-06	-4.958907e-09	-4.980319e+01	-3.254874e+02
2.700000e-07	-6.923344e-06	-4.916385e-09	-4.927058e+01	-3.240049e+02
2.800000e-07	-6.845656e-06	-4.887110e-09	-4.871771e+01	-3.224707e+02
2.900000e-07	-6.765169e-06	-4.884404e-09	-4.814491e+01	-3.208846e+02
3.000000e-07	-6.682294e-06	-4.894329e-09	-4.755512e+01	-3.192456e+02
3.100000e-07	-6.597223e-06	-4.848682e-09	-4.694971e+01	-3.175521e+02
3.200000e-07	-6.509789e-06	-4.808456e-09	-4.632748e+01	-3.158018e+02
3.300000e-07	-6.419962e-06	-4.790172e-09	-4.568822e+01	-3.139922e+02
3.400000e-07	-6.327855e-06	-4.752457e-09	-4.503273e+01	-3.121208e+02
3.500000e-07	-6.233506e-06	-4.718151e-09	-4.436128e+01	-3.101848e+02
3.600000e-07	-6.136824e-06	-4.693984e-09	-4.367324e+01	-3.081813e+02
3.700000e-07	-6.037882e-06	-4.673386e-09	-4.296911e+01	-3.061075e+02
3.800000e-07	-5.936801e-06	-4.627279e-09	-4.224976e+01	-3.039604e+02
3.900000e-07	-5.833558e-06	-4.585729e-09	-4.151502e+01	-3.017368e+02
4.000000e-07	-5.728176e-06	-4.559673e-09	-4.076506e+01	-2.994340e+02
4.100000e-07	-5.620832e-06	-4.523609e-09	-4.000114e+01	-2.970493e+02
4.200000e-07	-5.511638e-06	-4.478602e-09	-3.922405e+01	-2.945805e+02
4.300000e-07	-5.400491e-06	-4.445017e-09	-3.843306e+01	-2.920262e+02
4.400000e-07	-5.287177e-06	-4.417997e-09	-3.762665e+01	-2.893853e+02
4.500000e-07	-5.171736e-06	-4.371591e-09	-3.680511e+01	-2.866576e+02
4.600000e-07	-5.054465e-06	-4.319061e-09	-3.597054e+01	-2.838429e+02
4.700000e-07	-4.935407e-06	-4.276009e-09	-3.512325e+01	-2.809415e+02
4.800000e-07	-4.814500e-06	-4.229311e-09	-3.426281e+01	-2.779531e+02
4.900000e-07	-4.691834e-06	-4.177012e-09	-3.338984e+01	-2.748767e+02
5.000000e-07	-4.567432e-06	-4.133036e-09	-3.250452e+01	-2.717104e+02
5.100000e-07	-4.441381e-06	-4.087762e-09	-3.160748e+01	-2.684508e+02
5.200000e-07	-4.313735e-06	-4.027524e-09	-3.069907e+01	-2.650934e+02
5.300000e-07	-4.184556e-06	-3.961805e-09	-2.977976e+01	-2.616325e+02
5.400000e-07	-4.053785e-06	-3.905413e-09	-2.884911e+01	-2.580615e+02
5.500000e-07	-3.921388e-06	-3.853035e-09	-2.790690e+01	-2.543737e+02
5.600000e-07	-3.787592e-06	-3.798078e-09	-2.695473e+01	-2.505627e+02
5.700000e-07	-3.652417e-06	-3.741647e-09	-2.599274e+01	-2.466228e+02
5.800000e-07	-3.515824e-06	-3.685094e-09	-2.502066e+01	-2.425500e+02
5.900000e-07	-3.377916e-06	-3.619710e-09	-2.403923e+01	-2.383415e+02
6.000000e-07	-3.238579e-06	-3.547507e-09	-2.304763e+01	-2.339962e+02
6.100000e-07	-3.097723e-06	-3.478289e-09	-2.204521e+01	-2.295143e+02
6.200000e-07	-2.955521e-06	-3.408630e-09	-2.103322e+01	-2.248963e+02
6.300000e-07	-2.812126e-06	-3.334776e-09	-2.001274e+01	-2.201425e+02
6.400000e-07	-2.667614e-06	-3.256542e-09	-1.898430e+01	-2.152521e+02
6.500000e-07	-2.522165e-06	-3.179216e-09	-1.794920e+01	-2.102224e+02
6.600000e-07	-2.375942e-06	-3.096864e-09	-1.690860e+01	-2.050480e+02
6.700000e-07	-2.228970e-06	-3.013288e-09	-1.586266e+01	-1.997209e+02
6.800000e-07	-2.081307e-06	-2.933499e-09	-1.481180e+01	-1.942303e+02
6.900000e-07	-1.932986e-06	-2.851344e-09	-1.375626e+01	-1.885637e+02
7.000000e-07	-1.784076e-06	-2.763754e-09	-1.269653e+01	-1.827070e+02
7.100000e-07	-1.634680e-06	-2.669442e-09	-1.163334e+01	-1.766464e+02
7.200000e-07	-1.484822e-06	-2.571684e-09	-1.056687e+01	-1.703691e+02
7.300000e-07	-1.334461e-06	-2.468044e-09	-9.496809e+00	-1.638643e+02
7.400000e-07	-1.183561e-06	-2.359948e-09	-8.422916e+00	-1.571242e+02
7.500000e-07	-1.032158e-06	-2.253671e-09	-7.345440e+00	-1.501434e+02
7.600000e-07	-8.803953e-07	-2.151020e-09	-6.265409e+00	-1.429189e+02
7.700000e-07	-7.283781e-07	-2.040725e-09	-5.183566e+00	-1.354488e+02
7.800000e-07	-5.760919e-07	-1.922081e-09	-4.099808e+00	-1.277306e+02
7.900000e-07	-4.235455e-07	-1.800068e-09	-3.014198e+00	-1.197597e+02
8.000000e-07	-2.708764e-07	-1.672334e-09	-1.927715e+00	-1.115272e+02
8.100000e-07	-1.181096e-07	-1.537799e-09	-8.405375e-01	-1.030188e+02
8.200000e-07	3.479783e-08	-1.399672e-09	2.476418e-01	-9.421360e+01
8.300000e-07	1.877628e-07	-1.260500e-09	1.336231e+00	-8.508476e+01
8.400000e-07	3.406592e-07	-1.113220e-09	2.424331e+00	-7.560041e+01
8.500000e-07	4.934485e-07	-9.586986e-10	3.511669e+00	-6.572615e+01
8.600000e-07	6.460939e-07	-8.002560e-10	4.597983e+00	-5.542841e+01
8.700000e-07	7.985384e-07	-6.381211e-10	5.682867e+00	-4.467861e+01
8.800000e-07	9.507664e-07	-4.690189e-10	6.766212e+00	-3.345757e+01
8.900000e-07	1.102716e-06	-2.930888e-10	7.847576e+00	-2.175989e+01
9.000000e-07	1.254309e-06	-1.120826e-10	8.926400e+00	-9.597631e+00
9.100000e-07	1.405350e-06	7.623907e-11	1.000130e+01	2.997109e+00
9.200000e-07	1.555716e-06	2.719073e-10	1.107139e+01	1.597107e+01
9.300000e-07	1.705507e-06	4.738697e-10	1.213739e+01	2.925048e+01
9.400000e-07	1.854777e-06	6.777740e-10	1.319968e+01	4.274339e+01
9.500000e-07	2.003430e-06	8.836748e-10	1.425758e+01	5.634374e+01
9.600000e-07	2.151397e-06	1.089935e-09	1.531060e+01	6.993667e+01
9.700000e-07	2.298573e-06	1.294083e-09	1.635800e+01	8.340465e+01
9.800000e-07	2.444882e-06	1.496585e-09	1.739921e+01	9.663394e+01
9.900000e-07	2.590286e-06	1.691721e-09	1.843399e+01	1.095207e+02
1.000000e-06	2.734752e-06	1.877211e-09	1.946210e+01	1.219759e+02
1.010000e-06	2.878170e-06	2.054449e-09	2.048274e+01	1.339299e+02
1.020000e-06	3.020436e-06	2.224228e-09	2.149519e+01	1.453335e+02
1.030000e-06	3.161471e-06	2.386490e-09	2.249888e+01	1.561595e+02
1.040000e-06	3.301256e-06	2.542059e-09	2.349368e+01	1.664005e+02
1.050000e-06	3.439728e-06	2.690220e-09	2.447912e+01	1.760670e+02
1.060000e-06	3.576811e-06	2.832462e-09	2.545468e+01	1.851828e+02
1.070000e-06	3.712513e-06	2.968100e-09	2.642042e+01	1.937814e+02
1.080000e-06	3.846802e-06	3.093697e-09	2.737610e+01	2.019011e+02
1.090000e-06	3.979767e-06	3.207984e-09	2.832235e+01	2.095816e+02
1.100000e-06	4.111363e-06	3.313566e-09	2.925887e+01	2.168602e+02
1.110000e-06	4.241482e-06	3.416647e-09	3.018487e+01	2.237703e+02
1.120000e-06	4.370133e-06	3.519083e-09	3.110043e+01	2.303397e+02
1.130000e-06	4.497232e-06	3.617288e-09	3.200494e+01	2.365911e+02
1.140000e-06	4.622796e-06	3.707868e-09	3.289853e+01	2.425427e+02
1.150000e-06	4.746886e-06	3.793899e-09	3.378163e+01	2.482096e+02
1.160000e-06	4.869256e-06	3.875242e-09	3.465248e+01	2.536052e+02
1.170000e-06	4.989861e-06	3.951121e-09	3.551078e+01	2.587426e+02
1.180000e-06	5.108692e-06	4.022876e-09	3.635645e+01	2.636359e+02
1.190000e-06	5.225614e-06	4.092322e-09	3.718853e+01	2.683002e+02
1.200000e-06	5.340491e-06	4.159374e-09	3.800606e+01	2.727519e+02
1.210000e-06	5.453299e-06	4.224159e-09	3.880887e+01	2.770079e+02
1.220000e-06	5.564119e-06	4.288057e-09	3.959753e+01	2.810845e+02
1.230000e-06	5.672994e-06	4.349421e-09	4.037235e+01	2.849959e+02
1.240000e-06	5.779847e-06	4.406888e-09	4.113278e+01	2.887537e+02
1.250000e-06	5.884566e-06	4.461255e-09	4.187802e+01	2.923655e+02
1.260000e-06	5.987153e-06	4.514229e-09	4.260809e+01	2.958348e+02
1.270000e-06	6.087529e-06	4.563449e-09	4.332243e+01	2.991613e+02
1.280000e-06	6.185583e-06	4.608193e-09	4.402024e+01	3.023413e+02
1.290000e-06	6.281241e-06	4.650186e-09	4.470099e+01	3.053697e+02
1.300000e-06	6.374660e-06	4.689709e-09	4.536582e+01	3.082408e+02
1.310000e-06	6.465879e-06	4.727934e-09	4.601499e+01	3.109502e+02
1.320000e-06	6.554738e-06	4.765470e-09	4.664736e+01	3.134962e+02
1.330000e-06	6.641240e-06	4.802518e-09	4.726296e+01	3.158805e+02
1.340000e-06	6.725502e-06	4.836943e-09	4.786262e+01	3.181090e+02
1.350000e-06	6.807413e-06	4.867641e-09	4.844554e+01	3.201912e+02
1.360000e-06	6.886807e-06	4.896233e-09	4.901056e+01	3.221397e+02
1.370000e-06	6.963643e-06	4.924434e-09	4.955737e+01	3.239688e+02
1.380000e-06	7.037805e-06	4.951377e-09	5.008515e+01	3.256928e+02
1.390000e-06	7.109360e-06	4.975167e-09	5.059437e+01	3.273248e+02
1.400000e-06	7.178440e-06	4.997643e-09	5.108599e+01	3.288752e+02
1.410000e-06	7.244976e-06	5.019607e-09	5.155950e+01	3.303508e+02
1.420000e-06	7.308929e-06	5.042760e-09	5.201462e+01	3.317544e+02
1.430000e-06	7.370382e-06	5.065915e-09	5.245196e+01	3.330852e+02
1.440000e-06	7.429299e-06	5.086500e-09	5.287125e+01	3.343394e+02
1.450000e-06	7.485554e-06	5.103123e-09	5.327159e+01	3.355116e+02
1.460000e-06	7.539010e-06	5.117379e-09	5.365202e+01	3.365961e+02
1.470000e-06	7.589409e-06	5.131703e-09	5.401069e+01	3.375888e+02
1.480000e-06	7.636799e-06	5.145328e-09	5.434794e+01	3.384877e+02
1.490000e-06	7.681493e-06	5.158410e-09	5.466601e+01	3.392945e+02
1.500000e-06	7.723470e-06	5.169935e-09	5.496474e+01	3.400141e+02
1.510000e-06	7.762669e-06	5.180029e-09	5.524371e+01	3.406548e+02
1.520000e-06	7.799222e-06	5.190195e-09	5.550384e+01	3.412271e+02
1.530000e-06	7.833002e-06	5.200787e-09	5.574424e+01	3.417425e+02
1.540000e-06	7.863905e-06	5.210568e-09	5.596416e+01	3.422118e+02
1.550000e-06	7.892129e-06	5.218699e-09	5.616502e+01	3.426438e+02
1.560000e-06	7.917497e-06	5.225236e-09	5.634555e+01	3.430441e+02
1.570000e-06	7.939908e-06	5.230962e-09	5.650504e+01	3.434140e+02
1.580000e-06	7.959658e-06	5.236216e-09	5.664560e+01	3.437507e+02
1.590000e-06	7.976575e-06	5.240861e-09	5.676598e+01	3.440477e+02
1.600000e-06	7.990406e-06	5.244565e-09	5.686441e+01	3.442955e+02
1.610000e-06	8.001051e-06	5.247319e-09	5.694017e+01	3.444835e+02
1.620000e-06	8.008594e-06	5.249906e-09	5.699385e+01	3.446013e+02
1.630000e-06	8.013357e-06	5.252919e-09	5.702775e+01	3.446406e+02
1.640000e-06	8.015289e-06	5.256250e-09	5.704150e+01	3.445966e+02
1.650000e-06	8.014394e-06	5.256122e-09	5.703513e+01	3.444688e+02
1.660000e-06	8.010959e-06	5.249851e-09	5.701068e+01	3.442617e+02
1.670000e-06	8.004813e-06	5.246758e-09	5.696694e+01	3.439842e+02
1.680000e-06	7.995920e-06	5.244577e-09	5.690366e+01	3.436488e+02
1.690000e-06	7.984422e-06	5.241129e-09	5.682183e+01	3.432702e+02
1.700000e-06	7.970075e-06	5.237638e-09	5.671973e+01	3.428637e+02
1.710000e-06	7.953062e-06	5.236060e-09	5.659866e+01	3.424434e+02
1.720000e-06	7.933815e-06	5.231691e-09	5.646168e+01	3.420204e+02
1.730000e-06	7.912073e-06	5.168484e-09	5.630695e+01	3.416015e+02
1.740000e-06	7.887137e-06	5.138344e-09	5.612949e+01	3.411888e+02
1.750000e-06	7.858462e-06	5.168244e-09	5.592543e+01	3.407791e+02
1.760000e-06	7.826369e-06	5.173600e-09	5.569703e+01	3.403646e+02
1.770000e-06	7.791793e-06	5.167486e-09	5.545097e+01	3.399335e+02
1.780000e-06	7.754905e-06	5.214081e-09	5.518845e+01	3.394720e+02
1.790000e-06	7.715791e-06	5.208691e-09	5.491009e+01	3.389650e+02
1.800000e-06	7.674622e-06	5.119730e-09	5.461711e+01	3.383981e+02
1.810000e-06	7.630984e-06	5.157936e-09	5.430656e+01	3.377588e+02
1.820000e-06	7.584721e-06	5.126078e-09	5.397732e+01	3.370378e+02
1.830000e-06	7.535743e-06	5.119509e-09	5.362877e+01	3.362288e+02
1.840000e-06	7.483737e-06	5.139289e-09	5.325866e+01	3.353296e+02
1.850000e-06	7.428791e-06	5.078353e-09	5.286764e+01	3.343411e+02
1.860000e-06	7.371099e-06	5.112293e-09	5.245707e+01	3.332668e+02
1.870000e-06	7.310860e-06	5.024467e-09	5.202837e+01	3.321123e+02
1.880000e-06	7.247928e-06	5.004031e-09	5.158051e+01	3.308840e+02
1.890000e-06	7.182088e-06	5.025460e-09	5.111195e+01	3.295883e+02
1.900000e-06	7.113467e-06	4.961107e-09	5.062360e+01	3.282311e+02
1.910000e-06	7.041979e-06	4.992765e-09	5.011485e+01	3.268169e+02
1.920000e-06	6.967806e-06	4.964490e-09	4.958699e+01	3.253490e+02
1.930000e-06	6.890979e-06	4.945028e-09	4.904025e+01	3.238291e+02
1.940000e-06	6.811413e-06	4.885138e-09	4.847401e+01	3.222574e+02
1.950000e-06	6.729335e-06	4.851821e-09	4.788990e+01	3.206333e+02
1.960000e-06	6.644783e-06	4.868992e-09	4.728817e+01	3.189551e+02
1.970000e-06	6.557699e-06	4.816957e-09	4.666843e+01	3.172208e+02
1.980000e-06	6.468207e-06	4.819400e-09	4.603155e+01	3.154280e+02
1.990000e-06	6.376630e-06	4.780800e-09	4.537984e+01	3.135741e+02
2.000000e-06	6.282788e-06	4.740729e-09	4.471200e+01	3.116564e+02
2.010000e-06	6.186537e-06	4.686429e-09	4.402702e+01	3.096721e+02
2.020000e-06	6.088116e-06	4.665557e-09	4.332660e+01	3.076183e+02
2.030000e-06	5.987575e-06	4.661428e-09	4.261110e+01	3.054919e+02
2.040000e-06	5.884811e-06	4.624361e-09	4.187977e+01	3.032901e+02
2.050000e-06	5.779938e-06	4.597312e-09	4.113343e+01	3.010097e+02
2.060000e-06	5.673185e-06	4.551197e-09	4.037371e+01	2.986482e+02
2.070000e-06	5.564505e-06	4.510197e-09	3.960028e+01	2.962032e+02
2.080000e-06	5.453844e-06	4.450523e-09	3.881275e+01	2.936730e+02
2.090000e-06	5.341123e-06	4.424790e-09	3.801056e+01	2.910565e+02
2.100000e-06	5.226371e-06	4.397084e-09	3.719392e+01	2.883531e+02
2.110000e-06	5.109619e-06	4.355957e-09	3.636304e+01	2.855629e+02
2.120000e-06	4.990832e-06	4.309013e-09	3.551769e+01	2.826859e+02
2.130000e-06	4.870109e-06	4.267964e-09	3.465856e+01	2.797219e+02
2.140000e-06	4.747658e-06	4.219564e-09	3.378712e+01	2.766704e+02
2.150000e-06	4.623543e-06	4.161771e-09	3.290384e+01	2.735296e+02
2.160000e-06	4.497752e-06	4.119219e-09	3.200864e+01	2.702966e+02
2.170000e-06	4.370303e-06	4.078436e-09	3.110164e+01	2.669672e+02
2.180000e-06	4.241253e-06	4.034740e-09	3.018325e+01	2.635361e+02
2.190000e-06	4.110721e-06	3.976357e-09	2.925430e+01	2.599968e+02
2.200000e-06	3.978633e-06	3.920557e-09	2.831429e+01	2.563427e+02
2.210000e-06	3.845039e-06	3.855134e-09	2.736356e+01	2.525670e+02
2.220000e-06	3.709902e-06	3.790884e-09	2.640184e+01	2.486640e+02
2.230000e-06	3.573326e-06	3.731506e-09	2.542988e+01	2.446291e+02
2.240000e-06	3.435484e-06	3.677218e-09	2.444892e+01	2.404590e+02
2.250000e-06	3.296365e-06	3.613691e-09	2.345887e+01	2.361525e+02
2.260000e-06	3.155979e-06	3.543115e-09	2.245980e+01	2.317091e+02
2.270000e-06	3.014331e-06	3.471658e-09	2.145175e+01	2.271295e+02
2.280000e-06	2.871459e-06	3.398793e-09	2.043498e+01	2.224141e+02
2.290000e-06	2.727431e-06	3.327252e-09	1.941000e+01	2.175625e+02
2.300000e-06	2.582495e-06	3.256452e-09	1.837855e+01	2.125725e+02
2.310000e-06	2.436742e-06	3.185389e-09	1.734129e+01	2.074397e+02
2.320000e-06	2.290192e-06	3.103744e-09	1.629835e+01	2.021568e+02
2.330000e-06	2.142849e-06	3.015013e-09	1.524977e+01	1.967137e+02
2.340000e-06	1.994774e-06	2.923192e-09	1.419598e+01	1.910983e+02
2.350000e-06	1.846023e-06	2.832027e-09	1.313738e+01	1.852969e+02
2.360000e-06	1.696660e-06	2.741947e-09	1.207442e+01	1.792955e+02
2.370000e-06	1.546789e-06	2.651588e-09	1.100786e+01	1.730809e+02
2.380000e-06	1.396444e-06	2.560255e-09	9.937914e+00	1.666417e+02
2.390000e-06	1.245713e-06	2.461771e-09	8.865227e+00	1.599690e+02
2.400000e-06	1.094553e-06	2.352881e-09	7.789482e+00	1.530569e+02
2.410000e-06	9.428831e-07	2.240565e-09	6.710109e+00	1.459018e+02
2.420000e-06	7.908028e-07	2.126573e-09	5.627816e+00	1.385016e+02
2.430000e-06	6.384699e-07	2.012158e-09	4.543726e+00	1.308542e+02
2.440000e-06	4.858840e-07	1.895040e-09	3.457836e+00	1.229558e+02
2.450000e-06	3.330908e-07	1.774899e-09	2.370470e+00	1.147988e+02
2.460000e-06	1.801869e-07	1.648550e-09	1.282315e+00	1.063706e+02
2.470000e-06	2.720523e-08	1.512482e-09	1.936084e-01	9.765227e+01
2.480000e-06	-1.257718e-07	1.371194e-09	-8.950658e-01	8.861853e+01
2.490000e-06	-2.787190e-07	1.226855e-09	-1.983528e+00	7.923877e+01
2.500000e-06	-4.316486e-07	1.078689e-09	-3.071864e+00	6.947901e+01
2.510000e-06	-5.844678e-07	9.254758e-10	-4.159416e+00	5.930505e+01
2.520000e-06	-7.370475e-07	7.657771e-10	-5.245263e+00	4.868642e+01
2.530000e-06	-8.893175e-07	5.966796e-10	-6.328905e+00	3.760081e+01
2.540000e-06	-1.041272e-06	4.196331e-10	-7.410305e+00	2.603847e+01
2.550000e-06	-1.192865e-06	2.379333e-10	-8.489126e+00	1.400614e+01
2.560000e-06	-1.343961e-06	4.986835e-11	-9.564413e+00	1.530025e+00
2.570000e-06	-1.494527e-06	-1.466224e-10	-1.063593e+01	-1.134269e+01
2.580000e-06	-1.644561e-06	-3.503684e-10	-1.170366e+01	-2.454391e+01
2.590000e-06	-1.794020e-06	-5.596653e-10	-1.276730e+01	-3.798655e+01
2.600000e-06	-1.942879e-06	-7.720643e-10	-1.382666e+01	-5.156809e+01
2.610000e-06	-2.091032e-06	-9.860304e-10	-1.488101e+01	-6.517558e+01
2.620000e-06	-2.238273e-06	-1.198539e-09	-1.592886e+01	-7.869159e+01
2.630000e-06	-2.384604e-06	-1.405721e-09	-1.697024e+01	-9.200065e+01
2.640000e-06	-2.530185e-06	-1.606910e-09	-1.800628e+01	-1.049955e+02
2.650000e-06	-2.674891e-06	-1.799684e-09	-1.903610e+01	-1.175825e+02
2.660000e-06	-2.818500e-06	-1.981290e-09	-2.005810e+01	-1.296860e+02
2.670000e-06	-2.960899e-06	-2.153827e-09	-2.107149e+01	-1.412511e+02
2.680000e-06	-3.102100e-06	-2.319336e-09	-2.207636e+01	-1.522441e+02
2.690000e-06	-3.242067e-06	-2.477474e-09	-2.307245e+01	-1.626524e+02
2.700000e-06	-3.380701e-06	-2.628030e-09	-2.405905e+01	-1.724815e+02
2.710000e-06	-3.518112e-06	-2.771555e-09	-2.503695e+01	-1.817520e+02
2.720000e-06	-3.654319e-06	-2.908146e-09	-2.600627e+01	-1.904950e+02
2.730000e-06	-3.789115e-06	-3.038080e-09	-2.696556e+01	-1.987480e+02
2.740000e-06	-3.922513e-06	-3.160871e-09	-2.791490e+01	-2.065504e+02
2.750000e-06	-4.054540e-06	-3.275161e-09	-2.885449e+01	-2.139407e+02
2.760000e-06	-4.185061e-06	-3.380059e-09	-2.978335e+01	-2.209534e+02
2.770000e-06	-4.314180e-06	-3.478446e-09	-3.070224e+01	-2.276180e+02
2.780000e-06	-4.441916e-06	-3.574746e-09	-3.161128e+01	-2.339587e+02
2.790000e-06	-4.568125e-06	-3.668344e-09	-3.250946e+01	-2.399948e+02
2.800000e-06	-4.692765e-06	-3.757666e-09	-3.339647e+01	-2.457421e+02
2.810000e-06	-4.815736e-06	-3.841515e-09	-3.427160e+01	-2.512143e+02
2.820000e-06	-4.936961e-06	-3.921049e-09	-3.513431e+01	-2.564245e+02
2.830000e-06	-5.056355e-06	-3.995750e-09	-3.598399e+01	-2.613865e+02
2.840000e-06	-5.173783e-06	-4.066042e-09	-3.681968e+01	-2.661150e+02
2.850000e-06	-5.289072e-06	-4.133466e-09	-3.764014e+01	-2.706262e+02
2.860000e-06	-5.402107e-06	-4.198979e-09	-3.844456e+01	-2.749368e+02
2.870000e-06	-5.512986e-06	-4.263935e-09	-3.923364e+01	-2.790635e+02
2.880000e-06	-5.621914e-06	-4.326985e-09	-4.000884e+01	-2.830213e+02
2.890000e-06	-5.729026e-06	-4.388881e-09	-4.077111e+01	-2.868224e+02
2.900000e-06	-5.834206e-06	-4.449288e-09	-4.151963e+01	-2.904759e+02
2.910000e-06	-5.937200e-06	-4.505904e-09	-4.225260e+01	-2.939862e+02
2.920000e-06	-6.037916e-06	-4.557525e-09	-4.296935e+01	-2.973541e+02
2.930000e-06	-6.136445e-06	-4.603481e-09	-4.367054e+01	-3.005770e+02
2.940000e-06	-6.232841e-06	-4.647640e-09	-4.435655e+01	-3.036497e+02
2.950000e-06	-6.327028e-06	-4.693058e-09	-4.502684e+01	-3.065667e+02
2.960000e-06	-6.418911e-06	-4.737031e-09	-4.568073e+01	-3.093231e+02
2.970000e-06	-6.508526e-06	-4.779174e-09	-4.631849e+01	-3.119161e+02
2.980000e-06	-6.595854e-06	-4.819141e-09	-4.693997e+01	-3.143467e+02
2.990000e-06	-6.680752e-06	-4.856659e-09	-4.754415e+01	-3.166193e+02
3.000000e-06	-6.763290e-06	-4.892662e-09	-4.813154e+01	-3.187426e+02
3.010000e-06	-6.843489e-06	-4.924848e-09	-4.870228e+01	-3.207283e+02
3.020000e-06	-6.921048e-06	-4.953116e-09	-4.925423e+01	-3.225905e+02
3.030000e-06	-6.995903e-06	-4.979044e-09	-4.978695e+01	-3.243435e+02
3.040000e-06	-7.068140e-06	-5.002104e-09	-5.030103e+01	-3.260010e+02
3.050000e-06	-7.137711e-06	-5.024336e-09	-5.079614e+01	-3.275743e+02
3.060000e-06	-7.204725e-06	-5.047757e-09	-5.127305e+01	-3.290713e+02
3.070000e-06	-7.269312e-06	-5.073051e-09	-5.173269e+01	-3.304959e+02
3.080000e-06	-7.331334e-06	-5.094596e-09	-5.217407e+01	-3.318482e+02
3.090000e-06	-7.390691e-06	-5.113346e-09	-5.259649e+01	-3.331252e+02
3.100000e-06	-7.447438e-06	-5.132019e-09	-5.300034e+01	-3.343218e+02
3.110000e-06	-7.501447e-06	-5.149614e-09	-5.338470e+01	-3.354324e+02
3.120000e-06	-7.552449e-06	-5.165663e-09	-5.374766e+01	-3.364520e+02
3.130000e-06	-7.600265e-06	-5.177778e-09	-5.408795e+01	-3.373782e+02
3.140000e-06	-7.645367e-06	-5.186539e-09	-5.440891e+01	-3.382114e+02
3.150000e-06	-7.688152e-06	-5.196083e-09	-5.471340e+01	-3.389556e+02
3.160000e-06	-7.728373e-06	-5.207849e-09	-5.499964e+01	-3.396183e+02
3.170000e-06	-7.765852e-06	-5.219256e-09	-5.526636e+01	-3.402094e+02
3.180000e-06	-7.800582e-06	-5.228269e-09	-5.551352e+01	-3.407404e+02
3.190000e-06	-7.832519e-06	-5.234346e-09	-5.574080e+01	-3.412223e+02
3.200000e-06	-7.861537e-06	-5.240349e-09	-5.594731e+01	-3.416646e+02
3.210000e-06	-7.887713e-06	-5.247640e-09	-5.613359e+01	-3.420741e+02
3.220000e-06	-7.911069e-06	-5.255262e-09	-5.629981e+01	-3.424532e+02
3.230000e-06	-7.931547e-06	-5.259875e-09	-5.644554e+01	-3.428003e+02
3.240000e-06	-7.949255e-06	-5.259630e-09	-5.657156e+01	-3.431100e+02
3.250000e-06	-7.963984e-06	-5.257783e-09	-5.667638e+01	-3.433734e+02
3.260000e-06	-7.975465e-06	-5.258356e-09	-5.675809e+01	-3.435800e+02
3.270000e-06	-7.983986e-06	-5.261159e-09	-5.681873e+01	-3.437192e+02
3.280000e-06	-7.989705e-06	-5.262444e-09	-5.685942e+01	-3.437821e+02
3.290000e-06	-7.992607e-06	-5.259547e-09	-5.688008e+01	-3.437625e+02
3.300000e-06	-7.992786e-06	-5.256807e-09	-5.688135e+01	-3.436589e+02
