# Temperatura_=_42.28
# Concentracion g/m^3_=_5000.0
# C_Vs_to_Am_M_A/Vsm_=_65563218390.804596
# pendiente_HvsI_1/m_=_3716.3
# ordenada_HvsI_A/m_=_1297.0
# frecuencia_Hz_=_302511.0512928102

Tiempo_(s)	Campo_(V.s)	Magnetizacion_(V.s)	Campo_(kA/m)	Magnetizacion_(A/m)
0.000000e+00	-7.996833e-06	-5.468167e-09	-5.687050e+01	-3.580571e+02
1.000000e-08	-7.992784e-06	-5.467614e-09	-5.684170e+01	-3.578097e+02
2.000000e-08	-7.986231e-06	-5.461328e-09	-5.679510e+01	-3.574892e+02
3.000000e-08	-7.976957e-06	-5.456915e-09	-5.672915e+01	-3.571104e+02
4.000000e-08	-7.964746e-06	-5.452802e-09	-5.664231e+01	-3.566905e+02
5.000000e-08	-7.949472e-06	-5.446132e-09	-5.653369e+01	-3.562460e+02
6.000000e-08	-7.931465e-06	-5.436958e-09	-5.640563e+01	-3.557916e+02
7.000000e-08	-7.911271e-06	-5.424503e-09	-5.626202e+01	-3.553373e+02
8.000000e-08	-7.888584e-06	-5.435441e-09	-5.610067e+01	-3.548881e+02
9.000000e-08	-7.862703e-06	-5.488205e-09	-5.591662e+01	-3.544425e+02
1.000000e-07	-7.833564e-06	-5.467286e-09	-5.570939e+01	-3.539934e+02
1.100000e-07	-7.801607e-06	-5.411881e-09	-5.548212e+01	-3.535284e+02
1.200000e-07	-7.766926e-06	-5.391406e-09	-5.523549e+01	-3.530312e+02
1.300000e-07	-7.729689e-06	-5.369140e-09	-5.497067e+01	-3.524841e+02
1.400000e-07	-7.690312e-06	-5.321036e-09	-5.469063e+01	-3.518692e+02
1.500000e-07	-7.648702e-06	-5.305383e-09	-5.439472e+01	-3.511710e+02
1.600000e-07	-7.604420e-06	-5.387118e-09	-5.407981e+01	-3.503772e+02
1.700000e-07	-7.557447e-06	-5.315317e-09	-5.374575e+01	-3.494803e+02
1.800000e-07	-7.507687e-06	-5.288831e-09	-5.339187e+01	-3.484776e+02
1.900000e-07	-7.454898e-06	-5.324041e-09	-5.301646e+01	-3.473712e+02
2.000000e-07	-7.399247e-06	-5.233427e-09	-5.262069e+01	-3.461671e+02
2.100000e-07	-7.340859e-06	-5.223505e-09	-5.220545e+01	-3.448740e+02
2.200000e-07	-7.279821e-06	-5.197971e-09	-5.177138e+01	-3.435019e+02
2.300000e-07	-7.216127e-06	-5.178100e-09	-5.131841e+01	-3.420609e+02
2.400000e-07	-7.149608e-06	-5.169170e-09	-5.084535e+01	-3.405597e+02
2.500000e-07	-7.080423e-06	-5.152149e-09	-5.035333e+01	-3.390047e+02
2.600000e-07	-7.008653e-06	-5.154862e-09	-4.984293e+01	-3.373998e+02
2.700000e-07	-6.934071e-06	-5.109208e-09	-4.931254e+01	-3.357456e+02
2.800000e-07	-6.856593e-06	-5.076937e-09	-4.876154e+01	-3.340407e+02
2.900000e-07	-6.776265e-06	-5.040032e-09	-4.819028e+01	-3.322812e+02
3.000000e-07	-6.693488e-06	-5.026987e-09	-4.760160e+01	-3.304624e+02
3.100000e-07	-6.608528e-06	-5.009664e-09	-4.699739e+01	-3.285787e+02
3.200000e-07	-6.521232e-06	-4.958148e-09	-4.637658e+01	-3.266251e+02
3.300000e-07	-6.431550e-06	-4.941056e-09	-4.573879e+01	-3.245972e+02
3.400000e-07	-6.339520e-06	-4.904563e-09	-4.508431e+01	-3.224917e+02
3.500000e-07	-6.245272e-06	-4.863952e-09	-4.441405e+01	-3.203067e+02
3.600000e-07	-6.148775e-06	-4.824492e-09	-4.372780e+01	-3.180411e+02
3.700000e-07	-6.049983e-06	-4.801138e-09	-4.302523e+01	-3.156947e+02
3.800000e-07	-5.949024e-06	-4.773955e-09	-4.230724e+01	-3.132677e+02
3.900000e-07	-5.845905e-06	-4.731565e-09	-4.157390e+01	-3.107604e+02
4.000000e-07	-5.740667e-06	-4.695848e-09	-4.082548e+01	-3.081730e+02
4.100000e-07	-5.633451e-06	-4.648324e-09	-4.006301e+01	-3.055052e+02
4.200000e-07	-5.524326e-06	-4.607848e-09	-3.928695e+01	-3.027563e+02
4.300000e-07	-5.413228e-06	-4.559152e-09	-3.849687e+01	-2.999251e+02
4.400000e-07	-5.300045e-06	-4.518113e-09	-3.769194e+01	-2.970101e+02
4.500000e-07	-5.184723e-06	-4.479441e-09	-3.687182e+01	-2.940092e+02
4.600000e-07	-5.067416e-06	-4.437741e-09	-3.603757e+01	-2.909205e+02
4.700000e-07	-4.948325e-06	-4.387029e-09	-3.519064e+01	-2.877414e+02
4.800000e-07	-4.827441e-06	-4.330135e-09	-3.433096e+01	-2.844696e+02
4.900000e-07	-4.704745e-06	-4.275207e-09	-3.345840e+01	-2.811022e+02
5.000000e-07	-4.580317e-06	-4.218003e-09	-3.257351e+01	-2.776362e+02
5.100000e-07	-4.454303e-06	-4.166605e-09	-3.167734e+01	-2.740680e+02
5.200000e-07	-4.326680e-06	-4.114775e-09	-3.076974e+01	-2.703939e+02
5.300000e-07	-4.197495e-06	-4.061749e-09	-2.985102e+01	-2.666099e+02
5.400000e-07	-4.066743e-06	-4.000794e-09	-2.892116e+01	-2.627120e+02
5.500000e-07	-3.934367e-06	-3.937572e-09	-2.797976e+01	-2.586963e+02
5.600000e-07	-3.800538e-06	-3.873785e-09	-2.702801e+01	-2.545595e+02
5.700000e-07	-3.665311e-06	-3.806357e-09	-2.606633e+01	-2.502987e+02
5.800000e-07	-3.528641e-06	-3.736943e-09	-2.509438e+01	-2.459122e+02
5.900000e-07	-3.390578e-06	-3.666956e-09	-2.411253e+01	-2.413988e+02
6.000000e-07	-3.251070e-06	-3.597118e-09	-2.312040e+01	-2.367578e+02
6.100000e-07	-3.110118e-06	-3.524102e-09	-2.211800e+01	-2.319890e+02
6.200000e-07	-2.967847e-06	-3.449663e-09	-2.110622e+01	-2.270913e+02
6.300000e-07	-2.824418e-06	-3.373723e-09	-2.008621e+01	-2.220631e+02
6.400000e-07	-2.680029e-06	-3.296177e-09	-1.905937e+01	-2.169008e+02
6.500000e-07	-2.534624e-06	-3.216089e-09	-1.802530e+01	-2.115989e+02
6.600000e-07	-2.388279e-06	-3.132481e-09	-1.698455e+01	-2.061493e+02
6.700000e-07	-2.241245e-06	-3.046662e-09	-1.593890e+01	-2.005419e+02
6.800000e-07	-2.093584e-06	-2.958212e-09	-1.488879e+01	-1.947647e+02
6.900000e-07	-1.945218e-06	-2.864744e-09	-1.383367e+01	-1.888047e+02
7.000000e-07	-1.796214e-06	-2.765860e-09	-1.277401e+01	-1.826486e+02
7.100000e-07	-1.646679e-06	-2.666372e-09	-1.171057e+01	-1.762841e+02
7.200000e-07	-1.496626e-06	-2.568672e-09	-1.064344e+01	-1.697009e+02
7.300000e-07	-1.346097e-06	-2.468425e-09	-9.572939e+00	-1.628910e+02
7.400000e-07	-1.195087e-06	-2.360680e-09	-8.499012e+00	-1.558495e+02
7.500000e-07	-1.043653e-06	-2.250302e-09	-7.422070e+00	-1.485735e+02
7.600000e-07	-8.918696e-07	-2.140795e-09	-6.342645e+00	-1.410620e+02
7.700000e-07	-7.397581e-07	-2.024878e-09	-5.260885e+00	-1.333137e+02
7.800000e-07	-5.873562e-07	-1.900424e-09	-4.177058e+00	-1.253257e+02
7.900000e-07	-4.347211e-07	-1.772460e-09	-3.091575e+00	-1.170910e+02
8.000000e-07	-2.819220e-07	-1.642047e-09	-2.004924e+00	-1.085974e+02
8.100000e-07	-1.289554e-07	-1.504749e-09	-9.170831e-01	-9.982584e+01
8.200000e-07	2.414614e-08	-1.362163e-09	1.717183e-01	-9.075010e+01
8.300000e-07	1.772891e-07	-1.215534e-09	1.260814e+00	-8.133756e+01
8.400000e-07	3.303746e-07	-1.062548e-09	2.349502e+00	-7.155107e+01
8.500000e-07	4.833342e-07	-9.050763e-10	3.437293e+00	-6.135191e+01
8.600000e-07	6.361047e-07	-7.438843e-10	4.523740e+00	-5.070386e+01
8.700000e-07	7.886627e-07	-5.790669e-10	5.608676e+00	-3.957780e+01
8.800000e-07	9.409436e-07	-4.044883e-10	6.691641e+00	-2.795648e+01
8.900000e-07	1.092839e-06	-2.196135e-10	7.771868e+00	-1.583900e+01
9.000000e-07	1.244378e-06	-2.962072e-11	8.849554e+00	-3.244344e+00
9.100000e-07	1.395496e-06	1.638855e-10	9.924251e+00	9.786384e+00
9.200000e-07	1.546123e-06	3.633559e-10	1.099545e+01	2.318950e+01
9.300000e-07	1.696179e-06	5.706411e-10	1.206260e+01	3.688012e+01
9.400000e-07	1.845667e-06	7.826935e-10	1.312570e+01	5.075546e+01
9.500000e-07	1.994555e-06	9.971978e-10	1.418453e+01	6.469976e+01
9.600000e-07	2.142629e-06	1.209445e-09	1.523758e+01	7.859042e+01
9.700000e-07	2.289895e-06	1.417907e-09	1.628488e+01	9.230489e+01
9.800000e-07	2.436396e-06	1.622258e-09	1.732674e+01	1.057275e+02
9.900000e-07	2.582008e-06	1.819087e-09	1.836228e+01	1.187556e+02
1.000000e-06	2.726639e-06	2.006107e-09	1.939084e+01	1.313048e+02
1.010000e-06	2.870250e-06	2.182493e-09	2.041215e+01	1.433124e+02
1.020000e-06	3.012752e-06	2.350813e-09	2.142557e+01	1.547385e+02
1.030000e-06	3.154037e-06	2.513647e-09	2.243034e+01	1.655660e+02
1.040000e-06	3.293993e-06	2.670196e-09	2.342565e+01	1.757980e+02
1.050000e-06	3.432662e-06	2.817847e-09	2.441182e+01	1.854544e+02
1.060000e-06	3.570075e-06	2.959160e-09	2.538905e+01	1.945675e+02
1.070000e-06	3.706074e-06	3.094484e-09	2.635622e+01	2.031764e+02
1.080000e-06	3.840616e-06	3.222723e-09	2.731303e+01	2.113231e+02
1.090000e-06	3.973790e-06	3.342190e-09	2.826011e+01	2.190481e+02
1.100000e-06	4.105535e-06	3.452550e-09	2.919704e+01	2.263872e+02
1.110000e-06	4.235814e-06	3.557052e-09	3.012353e+01	2.333708e+02
1.120000e-06	4.364639e-06	3.656078e-09	3.103969e+01	2.400224e+02
1.130000e-06	4.491945e-06	3.750048e-09	3.194504e+01	2.463601e+02
1.140000e-06	4.617735e-06	3.839059e-09	3.283961e+01	2.523980e+02
1.150000e-06	4.741939e-06	3.926994e-09	3.372291e+01	2.581479e+02
1.160000e-06	4.864463e-06	4.012393e-09	3.459425e+01	2.636218e+02
1.170000e-06	4.985277e-06	4.092879e-09	3.545343e+01	2.688330e+02
1.180000e-06	5.104340e-06	4.169651e-09	3.630017e+01	2.737974e+02
1.190000e-06	5.221501e-06	4.241304e-09	3.713337e+01	2.785335e+02
1.200000e-06	5.336606e-06	4.308200e-09	3.795196e+01	2.830621e+02
1.210000e-06	5.449620e-06	4.371749e-09	3.875567e+01	2.874046e+02
1.220000e-06	5.560571e-06	4.433631e-09	3.954471e+01	2.915813e+02
1.230000e-06	5.669597e-06	4.496091e-09	4.032006e+01	2.956100e+02
1.240000e-06	5.776668e-06	4.557389e-09	4.108152e+01	2.995038e+02
1.250000e-06	5.881606e-06	4.614321e-09	4.182779e+01	3.032704e+02
1.260000e-06	5.984351e-06	4.669942e-09	4.255848e+01	3.069115e+02
1.270000e-06	6.084839e-06	4.723959e-09	4.327311e+01	3.104231e+02
1.280000e-06	6.183073e-06	4.775361e-09	4.397171e+01	3.137971e+02
1.290000e-06	6.279036e-06	4.823116e-09	4.465417e+01	3.170228e+02
1.300000e-06	6.372728e-06	4.865777e-09	4.532047e+01	3.200889e+02
1.310000e-06	6.464164e-06	4.903210e-09	4.597073e+01	3.229861e+02
1.320000e-06	6.553247e-06	4.938287e-09	4.660425e+01	3.257089e+02
1.330000e-06	6.639972e-06	4.976961e-09	4.722101e+01	3.282566e+02
1.340000e-06	6.724418e-06	5.015614e-09	4.782156e+01	3.306341e+02
1.350000e-06	6.806563e-06	5.052578e-09	4.840574e+01	3.328520e+02
1.360000e-06	6.886217e-06	5.088094e-09	4.897222e+01	3.349249e+02
1.370000e-06	6.963294e-06	5.120876e-09	4.952036e+01	3.368701e+02
1.380000e-06	7.037714e-06	5.151906e-09	5.004960e+01	3.387054e+02
1.390000e-06	7.109483e-06	5.178794e-09	5.055999e+01	3.404475e+02
1.400000e-06	7.178775e-06	5.202979e-09	5.105278e+01	3.421092e+02
1.410000e-06	7.245538e-06	5.225025e-09	5.152757e+01	3.436991e+02
1.420000e-06	7.309658e-06	5.245444e-09	5.198357e+01	3.452206e+02
1.430000e-06	7.371247e-06	5.267428e-09	5.242157e+01	3.466718e+02
1.440000e-06	7.430351e-06	5.290685e-09	5.284189e+01	3.480471e+02
1.450000e-06	7.486807e-06	5.312353e-09	5.324339e+01	3.493384e+02
1.460000e-06	7.540535e-06	5.331201e-09	5.362548e+01	3.505369e+02
1.470000e-06	7.591233e-06	5.348681e-09	5.398602e+01	3.516354e+02
1.480000e-06	7.638810e-06	5.365272e-09	5.432437e+01	3.526294e+02
1.490000e-06	7.683710e-06	5.381246e-09	5.464369e+01	3.535187e+02
1.500000e-06	7.725925e-06	5.394409e-09	5.494391e+01	3.543078e+02
1.510000e-06	7.765312e-06	5.403125e-09	5.522401e+01	3.550052e+02
1.520000e-06	7.802041e-06	5.410333e-09	5.548521e+01	3.556229e+02
1.530000e-06	7.836017e-06	5.418812e-09	5.572684e+01	3.561744e+02
1.540000e-06	7.867128e-06	5.429636e-09	5.594808e+01	3.566730e+02
1.550000e-06	7.895564e-06	5.442421e-09	5.615031e+01	3.571299e+02
1.560000e-06	7.921201e-06	5.453994e-09	5.633263e+01	3.575528e+02
1.570000e-06	7.943822e-06	5.462864e-09	5.649350e+01	3.579444e+02
1.580000e-06	7.963716e-06	5.468929e-09	5.663499e+01	3.583025e+02
1.590000e-06	7.980852e-06	5.472594e-09	5.675685e+01	3.586203e+02
1.600000e-06	7.994971e-06	5.473973e-09	5.685726e+01	3.588873e+02
1.610000e-06	8.005929e-06	5.475160e-09	5.693519e+01	3.590913e+02
1.620000e-06	8.013732e-06	5.476486e-09	5.699068e+01	3.592204e+02
1.630000e-06	8.018716e-06	5.477738e-09	5.702612e+01	3.592648e+02
1.640000e-06	8.020878e-06	5.480886e-09	5.704150e+01	3.592184e+02
1.650000e-06	8.020215e-06	5.484311e-09	5.703678e+01	3.590805e+02
1.660000e-06	8.016947e-06	5.479601e-09	5.701354e+01	3.588559e+02
1.670000e-06	8.010966e-06	5.475100e-09	5.697101e+01	3.585543e+02
1.680000e-06	8.002259e-06	5.470938e-09	5.690909e+01	3.581901e+02
1.690000e-06	7.990905e-06	5.465844e-09	5.682834e+01	3.577796e+02
1.700000e-06	7.976703e-06	5.462213e-09	5.672735e+01	3.573401e+02
1.710000e-06	7.959850e-06	5.460872e-09	5.660749e+01	3.568868e+02
1.720000e-06	7.940760e-06	5.459787e-09	5.647173e+01	3.564312e+02
1.730000e-06	7.919217e-06	5.398131e-09	5.631853e+01	3.559799e+02
1.740000e-06	7.894485e-06	5.335803e-09	5.614264e+01	3.555334e+02
1.750000e-06	7.866069e-06	5.372886e-09	5.594056e+01	3.550859e+02
1.760000e-06	7.834254e-06	5.390948e-09	5.571430e+01	3.546264e+02
1.770000e-06	7.799828e-06	5.376572e-09	5.546947e+01	3.541397e+02
1.780000e-06	7.763165e-06	5.420494e-09	5.520874e+01	3.536083e+02
1.790000e-06	7.724239e-06	5.463767e-09	5.493192e+01	3.530140e+02
1.800000e-06	7.683180e-06	5.349097e-09	5.463991e+01	3.523406e+02
1.810000e-06	7.639702e-06	5.361171e-09	5.433072e+01	3.515746e+02
1.820000e-06	7.593642e-06	5.372404e-09	5.400316e+01	3.507071e+02
1.830000e-06	7.544882e-06	5.302172e-09	5.365639e+01	3.497342e+02
1.840000e-06	7.493031e-06	5.378923e-09	5.328765e+01	3.486565e+02
1.850000e-06	7.438249e-06	5.303834e-09	5.289806e+01	3.474790e+02
1.860000e-06	7.380692e-06	5.323870e-09	5.248874e+01	3.462098e+02
1.870000e-06	7.320561e-06	5.292407e-09	5.206110e+01	3.448588e+02
1.880000e-06	7.257752e-06	5.214248e-09	5.161443e+01	3.434361e+02
1.890000e-06	7.192052e-06	5.248536e-09	5.114720e+01	3.419508e+02
1.900000e-06	7.123627e-06	5.151323e-09	5.066059e+01	3.404102e+02
1.910000e-06	7.052379e-06	5.177619e-09	5.015390e+01	3.388189e+02
1.920000e-06	6.978411e-06	5.145858e-09	4.962786e+01	3.371784e+02
1.930000e-06	6.901685e-06	5.135397e-09	4.908222e+01	3.354878e+02
1.940000e-06	6.822153e-06	5.131182e-09	4.851661e+01	3.337439e+02
1.950000e-06	6.740166e-06	5.044041e-09	4.793356e+01	3.319421e+02
1.960000e-06	6.655777e-06	5.063019e-09	4.733341e+01	3.300770e+02
1.970000e-06	6.568837e-06	4.989587e-09	4.671512e+01	3.281433e+02
1.980000e-06	6.479416e-06	4.981037e-09	4.607920e+01	3.261366e+02
1.990000e-06	6.387883e-06	4.957878e-09	4.542825e+01	3.240531e+02
2.000000e-06	6.294138e-06	4.927832e-09	4.476157e+01	3.218905e+02
2.010000e-06	6.197980e-06	4.892280e-09	4.407773e+01	3.196475e+02
2.020000e-06	6.099585e-06	4.830403e-09	4.337798e+01	3.173236e+02
2.030000e-06	5.999102e-06	4.805839e-09	4.266338e+01	3.149191e+02
2.040000e-06	5.896501e-06	4.754668e-09	4.193372e+01	3.124343e+02
2.050000e-06	5.791736e-06	4.742116e-09	4.118867e+01	3.098693e+02
2.060000e-06	5.685041e-06	4.695194e-09	4.042989e+01	3.072241e+02
2.070000e-06	5.576426e-06	4.662782e-09	3.965747e+01	3.044980e+02
2.080000e-06	5.465803e-06	4.608185e-09	3.887076e+01	3.016900e+02
2.090000e-06	5.353174e-06	4.557767e-09	3.806978e+01	2.987986e+02
2.100000e-06	5.238534e-06	4.510776e-09	3.725451e+01	2.958220e+02
2.110000e-06	5.121899e-06	4.467472e-09	3.642504e+01	2.927581e+02
2.120000e-06	5.003223e-06	4.427250e-09	3.558106e+01	2.896047e+02
2.130000e-06	4.882562e-06	4.376612e-09	3.472297e+01	2.863592e+02
2.140000e-06	4.760134e-06	4.334829e-09	3.385230e+01	2.830189e+02
2.150000e-06	4.636067e-06	4.277437e-09	3.296998e+01	2.795809e+02
2.160000e-06	4.510289e-06	4.222091e-09	3.207550e+01	2.760418e+02
2.170000e-06	4.382849e-06	4.155146e-09	3.116919e+01	2.723979e+02
2.180000e-06	4.253820e-06	4.101245e-09	3.025158e+01	2.686453e+02
2.190000e-06	4.123274e-06	4.043044e-09	2.932319e+01	2.647798e+02
2.200000e-06	3.991174e-06	3.988459e-09	2.838375e+01	2.607977e+02
2.210000e-06	3.857553e-06	3.927448e-09	2.743348e+01	2.566953e+02
2.220000e-06	3.722459e-06	3.867201e-09	2.647274e+01	2.524697e+02
2.230000e-06	3.585910e-06	3.800388e-09	2.550166e+01	2.481188e+02
2.240000e-06	3.448020e-06	3.728969e-09	2.452104e+01	2.436412e+02
2.250000e-06	3.308899e-06	3.660253e-09	2.353166e+01	2.390362e+02
2.260000e-06	3.168537e-06	3.589617e-09	2.253345e+01	2.343035e+02
2.270000e-06	3.026874e-06	3.515547e-09	2.152600e+01	2.294423e+02
2.280000e-06	2.884010e-06	3.435664e-09	2.051001e+01	2.244512e+02
2.290000e-06	2.739929e-06	3.356375e-09	1.948535e+01	2.193273e+02
2.300000e-06	2.594870e-06	3.271948e-09	1.845375e+01	2.140654e+02
2.310000e-06	2.449026e-06	3.192984e-09	1.741656e+01	2.086585e+02
2.320000e-06	2.302408e-06	3.113749e-09	1.637387e+01	2.030969e+02
2.330000e-06	2.155045e-06	3.029948e-09	1.532588e+01	1.973690e+02
2.340000e-06	2.006959e-06	2.937885e-09	1.427274e+01	1.914621e+02
2.350000e-06	1.858159e-06	2.842511e-09	1.321453e+01	1.853629e+02
2.360000e-06	1.708644e-06	2.746100e-09	1.215124e+01	1.790586e+02
2.370000e-06	1.558574e-06	2.643605e-09	1.108400e+01	1.725383e+02
2.380000e-06	1.408095e-06	2.540457e-09	1.001385e+01	1.657934e+02
2.390000e-06	1.257274e-06	2.435547e-09	8.941267e+00	1.588179e+02
2.400000e-06	1.106100e-06	2.324686e-09	7.866172e+00	1.516087e+02
2.410000e-06	9.545234e-07	2.211107e-09	6.788215e+00	1.441641e+02
2.420000e-06	8.025320e-07	2.094892e-09	5.707309e+00	1.364832e+02
2.430000e-06	6.502115e-07	1.975439e-09	4.624062e+00	1.285636e+02
2.440000e-06	4.976030e-07	1.849330e-09	3.538767e+00	1.203999e+02
2.450000e-06	3.447708e-07	1.719461e-09	2.451881e+00	1.119815e+02
2.460000e-06	1.917720e-07	1.589107e-09	1.363811e+00	1.032912e+02
2.470000e-06	3.867832e-08	1.455173e-09	2.750658e-01	9.430497e+01
2.480000e-06	-1.144441e-07	1.315576e-09	-8.138840e-01	8.499183e+01
2.490000e-06	-2.675690e-07	1.168603e-09	-1.902851e+00	7.531565e+01
2.500000e-06	-4.206239e-07	1.014490e-09	-2.991321e+00	6.523781e+01
2.510000e-06	-5.735317e-07	8.529012e-10	-4.078744e+00	5.472092e+01
2.520000e-06	-7.261844e-07	6.846192e-10	-5.164353e+00	4.373333e+01
2.530000e-06	-8.785464e-07	5.101874e-10	-6.247895e+00	3.225392e+01
2.540000e-06	-1.030571e-06	3.280529e-10	-7.329036e+00	2.027671e+01
2.550000e-06	-1.182147e-06	1.370647e-10	-8.406992e+00	7.814712e+00
2.560000e-06	-1.333279e-06	-6.244783e-11	-9.481783e+00	-5.097418e+00
2.570000e-06	-1.484041e-06	-2.671588e-10	-1.055394e+01	-1.840239e+01
2.580000e-06	-1.634394e-06	-4.755643e-10	-1.162320e+01	-3.202113e+01
2.590000e-06	-1.784137e-06	-6.871038e-10	-1.268812e+01	-4.585552e+01
2.600000e-06	-1.933069e-06	-9.012462e-10	-1.374726e+01	-5.979292e+01
2.610000e-06	-2.081226e-06	-1.118982e-09	-1.480091e+01	-7.371203e+01
2.620000e-06	-2.228627e-06	-1.336873e-09	-1.584917e+01	-8.748954e+01
2.630000e-06	-2.375219e-06	-1.549851e-09	-1.689167e+01	-1.010071e+02
2.640000e-06	-2.521026e-06	-1.755209e-09	-1.792860e+01	-1.141579e+02
2.650000e-06	-2.665839e-06	-1.950379e-09	-1.895845e+01	-1.268519e+02
2.660000e-06	-2.809509e-06	-2.133852e-09	-1.998019e+01	-1.390197e+02
2.670000e-06	-2.952122e-06	-2.306414e-09	-2.099439e+01	-1.506152e+02
2.680000e-06	-3.093568e-06	-2.469994e-09	-2.200030e+01	-1.616146e+02
2.690000e-06	-3.233740e-06	-2.625874e-09	-2.299715e+01	-1.720159e+02
2.700000e-06	-3.372696e-06	-2.775173e-09	-2.398536e+01	-1.818344e+02
2.710000e-06	-3.510405e-06	-2.919559e-09	-2.496469e+01	-1.910994e+02
2.720000e-06	-3.646755e-06	-3.057642e-09	-2.593437e+01	-1.998486e+02
2.730000e-06	-3.781784e-06	-3.187735e-09	-2.689464e+01	-2.081236e+02
2.740000e-06	-3.915458e-06	-3.308699e-09	-2.784528e+01	-2.159656e+02
2.750000e-06	-4.047722e-06	-3.422550e-09	-2.878589e+01	-2.234121e+02
2.760000e-06	-4.178590e-06	-3.530562e-09	-2.971657e+01	-2.304951e+02
2.770000e-06	-4.308018e-06	-3.632281e-09	-3.063702e+01	-2.372399e+02
2.780000e-06	-4.435942e-06	-3.729823e-09	-3.154677e+01	-2.436662e+02
2.790000e-06	-4.562363e-06	-3.821856e-09	-3.244583e+01	-2.497889e+02
2.800000e-06	-4.687215e-06	-3.909454e-09	-3.333373e+01	-2.556205e+02
2.810000e-06	-4.810421e-06	-3.993176e-09	-3.420992e+01	-2.611724e+02
2.820000e-06	-4.931926e-06	-4.074794e-09	-3.507402e+01	-2.664577e+02
2.830000e-06	-5.051576e-06	-4.153424e-09	-3.592493e+01	-2.714912e+02
2.840000e-06	-5.169266e-06	-4.226353e-09	-3.676189e+01	-2.762910e+02
2.850000e-06	-5.284848e-06	-4.295392e-09	-3.758387e+01	-2.808772e+02
2.860000e-06	-5.398219e-06	-4.361448e-09	-3.839012e+01	-2.852712e+02
2.870000e-06	-5.509460e-06	-4.426291e-09	-3.918123e+01	-2.894938e+02
2.880000e-06	-5.618705e-06	-4.490900e-09	-3.995814e+01	-2.935637e+02
2.890000e-06	-5.725994e-06	-4.554668e-09	-4.072114e+01	-2.974955e+02
2.900000e-06	-5.831320e-06	-4.616155e-09	-4.147018e+01	-3.012985e+02
2.910000e-06	-5.934532e-06	-4.673882e-09	-4.220418e+01	-3.049760e+02
2.920000e-06	-6.035507e-06	-4.729243e-09	-4.292228e+01	-3.085258e+02
2.930000e-06	-6.134288e-06	-4.782576e-09	-4.362478e+01	-3.119406e+02
2.940000e-06	-6.230868e-06	-4.831318e-09	-4.431161e+01	-3.152103e+02
2.950000e-06	-6.325195e-06	-4.877557e-09	-4.498243e+01	-3.183235e+02
2.960000e-06	-6.417290e-06	-4.922872e-09	-4.563737e+01	-3.212703e+02
2.970000e-06	-6.507125e-06	-4.967821e-09	-4.627625e+01	-3.240437e+02
2.980000e-06	-6.594627e-06	-5.008980e-09	-4.689853e+01	-3.266416e+02
2.990000e-06	-6.679749e-06	-5.045079e-09	-4.750389e+01	-3.290674e+02
3.000000e-06	-6.762488e-06	-5.080434e-09	-4.809230e+01	-3.313300e+02
3.010000e-06	-6.842824e-06	-5.114108e-09	-4.866361e+01	-3.334431e+02
3.020000e-06	-6.920593e-06	-5.144903e-09	-4.921668e+01	-3.354234e+02
3.030000e-06	-6.995705e-06	-5.173785e-09	-4.975085e+01	-3.372888e+02
3.040000e-06	-7.068240e-06	-5.202175e-09	-5.026669e+01	-3.390565e+02
3.050000e-06	-7.138194e-06	-5.228344e-09	-5.076418e+01	-3.407406e+02
3.060000e-06	-7.205551e-06	-5.252398e-09	-5.124320e+01	-3.423509e+02
3.070000e-06	-7.270385e-06	-5.276312e-09	-5.170428e+01	-3.438924e+02
3.080000e-06	-7.332663e-06	-5.297917e-09	-5.214717e+01	-3.453646e+02
3.090000e-06	-7.392327e-06	-5.316716e-09	-5.257148e+01	-3.467628e+02
3.100000e-06	-7.449336e-06	-5.334294e-09	-5.297691e+01	-3.480795e+02
3.110000e-06	-7.503589e-06	-5.351208e-09	-5.336273e+01	-3.493058e+02
3.120000e-06	-7.554854e-06	-5.368903e-09	-5.372731e+01	-3.504339e+02
3.130000e-06	-7.602988e-06	-5.386194e-09	-5.406962e+01	-3.514585e+02
3.140000e-06	-7.648391e-06	-5.400223e-09	-5.439251e+01	-3.523779e+02
3.150000e-06	-7.691394e-06	-5.412918e-09	-5.469833e+01	-3.531954e+02
3.160000e-06	-7.731769e-06	-5.424727e-09	-5.498546e+01	-3.539184e+02
3.170000e-06	-7.769318e-06	-5.434803e-09	-5.525250e+01	-3.545580e+02
3.180000e-06	-7.804129e-06	-5.442560e-09	-5.550006e+01	-3.551275e+02
3.190000e-06	-7.836211e-06	-5.448641e-09	-5.572821e+01	-3.556404e+02
3.200000e-06	-7.865423e-06	-5.454450e-09	-5.593596e+01	-3.561088e+02
3.210000e-06	-7.891774e-06	-5.460391e-09	-5.612336e+01	-3.565413e+02
3.220000e-06	-7.915301e-06	-5.465846e-09	-5.629068e+01	-3.569423e+02
3.230000e-06	-7.935975e-06	-5.469848e-09	-5.643770e+01	-3.573110e+02
3.240000e-06	-7.953904e-06	-5.471132e-09	-5.656521e+01	-3.576417e+02
3.250000e-06	-7.968889e-06	-5.471039e-09	-5.667178e+01	-3.579249e+02
3.260000e-06	-7.980644e-06	-5.471553e-09	-5.675537e+01	-3.581487e+02
3.270000e-06	-7.989429e-06	-5.473555e-09	-5.681785e+01	-3.583008e+02
3.280000e-06	-7.995344e-06	-5.474267e-09	-5.685991e+01	-3.583706e+02
3.290000e-06	-7.998412e-06	-5.471415e-09	-5.688173e+01	-3.583510e+02
3.300000e-06	-7.998745e-06	-5.468192e-09	-5.688410e+01	-3.582395e+02
