# Temperatura_=_36.84
# Concentracion g/m^3_=_5000.0
# C_Vs_to_Am_M_A/Vsm_=_65563218390.804596
# pendiente_HvsI_1/m_=_3716.3
# ordenada_HvsI_A/m_=_1297.0
# frecuencia_Hz_=_302508.3460804845

Tiempo_(s)	Campo_(V.s)	Magnetizacion_(V.s)	Campo_(kA/m)	Magnetizacion_(A/m)
0.000000e+00	-7.993990e-06	-5.195145e-09	-5.686941e+01	-3.398641e+02
1.000000e-08	-7.989995e-06	-5.197126e-09	-5.684100e+01	-3.396308e+02
2.000000e-08	-7.983485e-06	-5.193425e-09	-5.679468e+01	-3.393303e+02
3.000000e-08	-7.974312e-06	-5.187910e-09	-5.672943e+01	-3.389758e+02
4.000000e-08	-7.962214e-06	-5.181481e-09	-5.664336e+01	-3.385824e+02
5.000000e-08	-7.947083e-06	-5.173580e-09	-5.653572e+01	-3.381653e+02
6.000000e-08	-7.929244e-06	-5.166011e-09	-5.640881e+01	-3.377380e+02
7.000000e-08	-7.909137e-06	-5.161026e-09	-5.626577e+01	-3.373104e+02
8.000000e-08	-7.886478e-06	-5.164905e-09	-5.610457e+01	-3.368883e+02
9.000000e-08	-7.860680e-06	-5.201872e-09	-5.592105e+01	-3.364724e+02
1.000000e-07	-7.831669e-06	-5.194926e-09	-5.571466e+01	-3.360581e+02
1.100000e-07	-7.799763e-06	-5.149393e-09	-5.548768e+01	-3.356366e+02
1.200000e-07	-7.765127e-06	-5.126707e-09	-5.524127e+01	-3.351955e+02
1.300000e-07	-7.727965e-06	-5.108561e-09	-5.497691e+01	-3.347205e+02
1.400000e-07	-7.688641e-06	-5.075898e-09	-5.469716e+01	-3.341969e+02
1.500000e-07	-7.647130e-06	-5.053671e-09	-5.440184e+01	-3.336110e+02
1.600000e-07	-7.603016e-06	-5.087849e-09	-5.408802e+01	-3.329516e+02
1.700000e-07	-7.556148e-06	-5.056828e-09	-5.375459e+01	-3.322106e+02
1.800000e-07	-7.506385e-06	-5.023317e-09	-5.340058e+01	-3.313839e+02
1.900000e-07	-7.453547e-06	-5.053377e-09	-5.302469e+01	-3.304709e+02
2.000000e-07	-7.397928e-06	-5.016185e-09	-5.262901e+01	-3.294744e+02
2.100000e-07	-7.339631e-06	-4.991803e-09	-5.221429e+01	-3.283994e+02
2.200000e-07	-7.278591e-06	-4.963640e-09	-5.178005e+01	-3.272528e+02
2.300000e-07	-7.214918e-06	-4.939151e-09	-5.132708e+01	-3.260417e+02
2.400000e-07	-7.148521e-06	-4.946904e-09	-5.085473e+01	-3.247726e+02
2.500000e-07	-7.079449e-06	-4.913820e-09	-5.036335e+01	-3.234509e+02
2.600000e-07	-7.007646e-06	-4.909028e-09	-4.985254e+01	-3.220802e+02
2.700000e-07	-6.933013e-06	-4.876447e-09	-4.932160e+01	-3.206621e+02
2.800000e-07	-6.855581e-06	-4.836588e-09	-4.877075e+01	-3.191963e+02
2.900000e-07	-6.775331e-06	-4.816289e-09	-4.819985e+01	-3.176806e+02
3.000000e-07	-6.692578e-06	-4.813288e-09	-4.761115e+01	-3.161120e+02
3.100000e-07	-6.607649e-06	-4.802015e-09	-4.700695e+01	-3.144866e+02
3.200000e-07	-6.520485e-06	-4.753261e-09	-4.638687e+01	-3.128002e+02
3.300000e-07	-6.430932e-06	-4.735219e-09	-4.574978e+01	-3.110488e+02
3.400000e-07	-6.339033e-06	-4.703998e-09	-4.509602e+01	-3.092291e+02
3.500000e-07	-6.244914e-06	-4.674242e-09	-4.442645e+01	-3.073380e+02
3.600000e-07	-6.148461e-06	-4.645534e-09	-4.374028e+01	-3.053735e+02
3.700000e-07	-6.049615e-06	-4.615588e-09	-4.303709e+01	-3.033338e+02
3.800000e-07	-5.948638e-06	-4.581813e-09	-4.231874e+01	-3.012177e+02
3.900000e-07	-5.845644e-06	-4.541066e-09	-4.158604e+01	-2.990245e+02
4.000000e-07	-5.740583e-06	-4.513509e-09	-4.083863e+01	-2.967532e+02
4.100000e-07	-5.633426e-06	-4.476896e-09	-4.007631e+01	-2.944034e+02
4.200000e-07	-5.524317e-06	-4.439389e-09	-3.930011e+01	-2.919744e+02
4.300000e-07	-5.413344e-06	-4.393320e-09	-3.851065e+01	-2.894653e+02
4.400000e-07	-5.300234e-06	-4.359552e-09	-3.770598e+01	-2.868752e+02
4.500000e-07	-5.184945e-06	-4.324122e-09	-3.688581e+01	-2.842031e+02
4.600000e-07	-5.067741e-06	-4.284661e-09	-3.605201e+01	-2.814473e+02
4.700000e-07	-4.948722e-06	-4.242849e-09	-3.520531e+01	-2.786061e+02
4.800000e-07	-4.827858e-06	-4.193305e-09	-3.434548e+01	-2.756768e+02
4.900000e-07	-4.705230e-06	-4.139669e-09	-3.347311e+01	-2.726565e+02
5.000000e-07	-4.580892e-06	-4.090514e-09	-3.258857e+01	-2.695416e+02
5.100000e-07	-4.454932e-06	-4.050895e-09	-3.169248e+01	-2.663275e+02
5.200000e-07	-4.327361e-06	-3.998627e-09	-3.078494e+01	-2.630097e+02
5.300000e-07	-4.198216e-06	-3.937803e-09	-2.986620e+01	-2.595832e+02
5.400000e-07	-4.067549e-06	-3.875975e-09	-2.893663e+01	-2.560431e+02
5.500000e-07	-3.935264e-06	-3.823151e-09	-2.799555e+01	-2.523851e+02
5.600000e-07	-3.801520e-06	-3.769187e-09	-2.704409e+01	-2.486053e+02
5.700000e-07	-3.666377e-06	-3.711765e-09	-2.608269e+01	-2.447014e+02
5.800000e-07	-3.529787e-06	-3.653779e-09	-2.511098e+01	-2.406716e+02
5.900000e-07	-3.391772e-06	-3.592422e-09	-2.412914e+01	-2.365153e+02
6.000000e-07	-3.252359e-06	-3.524953e-09	-2.313735e+01	-2.322327e+02
6.100000e-07	-3.111484e-06	-3.455199e-09	-2.213517e+01	-2.278238e+02
6.200000e-07	-2.969257e-06	-3.387600e-09	-2.112336e+01	-2.232883e+02
6.300000e-07	-2.825939e-06	-3.313862e-09	-2.010379e+01	-2.186245e+02
6.400000e-07	-2.681583e-06	-3.236500e-09	-1.907684e+01	-2.138291e+02
6.500000e-07	-2.536235e-06	-3.160249e-09	-1.804283e+01	-2.088962e+02
6.600000e-07	-2.389998e-06	-3.085052e-09	-1.700250e+01	-2.038174e+02
6.700000e-07	-2.243000e-06	-3.005788e-09	-1.595675e+01	-1.985822e+02
6.800000e-07	-2.095335e-06	-2.925610e-09	-1.490626e+01	-1.931778e+02
6.900000e-07	-1.946989e-06	-2.843585e-09	-1.385092e+01	-1.875908e+02
7.000000e-07	-1.798042e-06	-2.755642e-09	-1.279131e+01	-1.818075e+02
7.100000e-07	-1.648619e-06	-2.664164e-09	-1.172831e+01	-1.758152e+02
7.200000e-07	-1.498695e-06	-2.569253e-09	-1.066175e+01	-1.696037e+02
7.300000e-07	-1.348238e-06	-2.470566e-09	-9.591394e+00	-1.631650e+02
7.400000e-07	-1.197224e-06	-2.363900e-09	-8.517080e+00	-1.564945e+02
7.500000e-07	-1.045751e-06	-2.255388e-09	-7.439496e+00	-1.495900e+02
7.600000e-07	-8.939792e-07	-2.150928e-09	-6.359787e+00	-1.424510e+02
7.700000e-07	-7.419134e-07	-2.042642e-09	-5.277988e+00	-1.350774e+02
7.800000e-07	-5.895472e-07	-1.926611e-09	-4.194052e+00	-1.274674e+02
7.900000e-07	-4.369651e-07	-1.806439e-09	-3.108579e+00	-1.196158e+02
8.000000e-07	-2.842549e-07	-1.682075e-09	-2.022195e+00	-1.115120e+02
8.100000e-07	-1.314452e-07	-1.551515e-09	-9.351043e-01	-1.031390e+02
8.200000e-07	2.148545e-08	-1.417826e-09	1.528480e-01	-9.447295e+01
8.300000e-07	1.744361e-07	-1.279760e-09	1.240942e+00	-8.548329e+01
8.400000e-07	3.273027e-07	-1.134260e-09	2.328438e+00	-7.613484e+01
8.500000e-07	4.800836e-07	-9.829895e-10	3.415325e+00	-6.639035e+01
8.600000e-07	6.327389e-07	-8.282031e-10	4.501318e+00	-5.621422e+01
8.700000e-07	7.852204e-07	-6.680031e-10	5.586075e+00	-4.557684e+01
8.800000e-07	9.374980e-07	-4.992553e-10	6.669381e+00	-3.445906e+01
8.900000e-07	1.089483e-06	-3.225821e-10	7.750603e+00	-2.285656e+01
9.000000e-07	1.241101e-06	-1.405877e-10	8.829217e+00	-1.078327e+01
9.100000e-07	1.392288e-06	4.577601e-11	9.904767e+00	1.726240e+00
9.200000e-07	1.542933e-06	2.386309e-10	1.097645e+01	1.461603e+01
9.300000e-07	1.693009e-06	4.369339e-10	1.204410e+01	2.780972e+01
9.400000e-07	1.842441e-06	6.388378e-10	1.310716e+01	4.121318e+01
9.500000e-07	1.991160e-06	8.434185e-10	1.416515e+01	5.471881e+01
9.600000e-07	2.139231e-06	1.048511e-09	1.521853e+01	6.821096e+01
9.700000e-07	2.286580e-06	1.252030e-09	1.626678e+01	8.157220e+01
9.800000e-07	2.433086e-06	1.452128e-09	1.730903e+01	9.468963e+01
9.900000e-07	2.578626e-06	1.645087e-09	1.834440e+01	1.074608e+02
1.000000e-06	2.723169e-06	1.828902e-09	1.937268e+01	1.197989e+02
1.010000e-06	2.866742e-06	2.005182e-09	2.039406e+01	1.316360e+02
1.020000e-06	3.009171e-06	2.173448e-09	2.140731e+01	1.429254e+02
1.030000e-06	3.150353e-06	2.333955e-09	2.241168e+01	1.536414e+02
1.040000e-06	3.290241e-06	2.487307e-09	2.340685e+01	1.637785e+02
1.050000e-06	3.428835e-06	2.633992e-09	2.439281e+01	1.733478e+02
1.060000e-06	3.566088e-06	2.774870e-09	2.536923e+01	1.823740e+02
1.070000e-06	3.701930e-06	2.907476e-09	2.633561e+01	1.908905e+02
1.080000e-06	3.836429e-06	3.031906e-09	2.729244e+01	1.989356e+02
1.090000e-06	3.969567e-06	3.147689e-09	2.823958e+01	2.065483e+02
1.100000e-06	4.101329e-06	3.255970e-09	2.917694e+01	2.137655e+02
1.110000e-06	4.231668e-06	3.359563e-09	3.010418e+01	2.206200e+02
1.120000e-06	4.360484e-06	3.459228e-09	3.102058e+01	2.271391e+02
1.130000e-06	4.487780e-06	3.553733e-09	3.192616e+01	2.333451e+02
1.140000e-06	4.613539e-06	3.643162e-09	3.282081e+01	2.392560e+02
1.150000e-06	4.737725e-06	3.727270e-09	3.370428e+01	2.448866e+02
1.160000e-06	4.860268e-06	3.806248e-09	3.457605e+01	2.502499e+02
1.170000e-06	4.981088e-06	3.882985e-09	3.543557e+01	2.553590e+02
1.180000e-06	5.100138e-06	3.956827e-09	3.628249e+01	2.602274e+02
1.190000e-06	5.217254e-06	4.026836e-09	3.711565e+01	2.648699e+02
1.200000e-06	5.332313e-06	4.093572e-09	3.793419e+01	2.693022e+02
1.210000e-06	5.445296e-06	4.157884e-09	3.873795e+01	2.735404e+02
1.220000e-06	5.556267e-06	4.220698e-09	3.952740e+01	2.776000e+02
1.230000e-06	5.665358e-06	4.281564e-09	4.030348e+01	2.814945e+02
1.240000e-06	5.772492e-06	4.339590e-09	4.106563e+01	2.852348e+02
1.250000e-06	5.877440e-06	4.394256e-09	4.181223e+01	2.888280e+02
1.260000e-06	5.980155e-06	4.445988e-09	4.254295e+01	2.922774e+02
1.270000e-06	6.080703e-06	4.494125e-09	4.325825e+01	2.955827e+02
1.280000e-06	6.179015e-06	4.538239e-09	4.395764e+01	2.987407e+02
1.290000e-06	6.274985e-06	4.580184e-09	4.464037e+01	3.017467e+02
1.300000e-06	6.368689e-06	4.620189e-09	4.530699e+01	3.045957e+02
1.310000e-06	6.460165e-06	4.658022e-09	4.595775e+01	3.072841e+02
1.320000e-06	6.549262e-06	4.695526e-09	4.659159e+01	3.098111e+02
1.330000e-06	6.635953e-06	4.733500e-09	4.720831e+01	3.121791e+02
1.340000e-06	6.720387e-06	4.770637e-09	4.780898e+01	3.143945e+02
1.350000e-06	6.802513e-06	4.803915e-09	4.839322e+01	3.164672e+02
1.360000e-06	6.882160e-06	4.832191e-09	4.895983e+01	3.184098e+02
1.370000e-06	6.959250e-06	4.858221e-09	4.950825e+01	3.202365e+02
1.380000e-06	7.033682e-06	4.883950e-09	5.003777e+01	3.219613e+02
1.390000e-06	7.105468e-06	4.909665e-09	5.054845e+01	3.235969e+02
1.400000e-06	7.174789e-06	4.933887e-09	5.104160e+01	3.251530e+02
1.410000e-06	7.241622e-06	4.957255e-09	5.151705e+01	3.266361e+02
1.420000e-06	7.305817e-06	4.979035e-09	5.197374e+01	3.280483e+02
1.430000e-06	7.367423e-06	4.999659e-09	5.241200e+01	3.293884e+02
1.440000e-06	7.426520e-06	5.019585e-09	5.283242e+01	3.306522e+02
1.450000e-06	7.483025e-06	5.037653e-09	5.323440e+01	3.318342e+02
1.460000e-06	7.536805e-06	5.053844e-09	5.361699e+01	3.329285e+02
1.470000e-06	7.587645e-06	5.068067e-09	5.397867e+01	3.339307e+02
1.480000e-06	7.635448e-06	5.081228e-09	5.431874e+01	3.348389e+02
1.490000e-06	7.680463e-06	5.093715e-09	5.463898e+01	3.356545e+02
1.500000e-06	7.722755e-06	5.105121e-09	5.493984e+01	3.363824e+02
1.510000e-06	7.762211e-06	5.115432e-09	5.522053e+01	3.370307e+02
1.520000e-06	7.798943e-06	5.126125e-09	5.548185e+01	3.376096e+02
1.530000e-06	7.832911e-06	5.137776e-09	5.572349e+01	3.381306e+02
1.540000e-06	7.864045e-06	5.149407e-09	5.594498e+01	3.386042e+02
1.550000e-06	7.892481e-06	5.158913e-09	5.614728e+01	3.390391e+02
1.560000e-06	7.918127e-06	5.165440e-09	5.632972e+01	3.394409e+02
1.570000e-06	7.940852e-06	5.171202e-09	5.649139e+01	3.398110e+02
1.580000e-06	7.960813e-06	5.176405e-09	5.663339e+01	3.401466e+02
1.590000e-06	7.977982e-06	5.180782e-09	5.675553e+01	3.404413e+02
1.600000e-06	7.992097e-06	5.183706e-09	5.685595e+01	3.406859e+02
1.610000e-06	8.003040e-06	5.186670e-09	5.693380e+01	3.408699e+02
1.620000e-06	8.010910e-06	5.190054e-09	5.698978e+01	3.409833e+02
1.630000e-06	8.015964e-06	5.193143e-09	5.702574e+01	3.410177e+02
1.640000e-06	8.018180e-06	5.197156e-09	5.704150e+01	3.409686e+02
1.650000e-06	8.017525e-06	5.199100e-09	5.703685e+01	3.408357e+02
1.660000e-06	8.014224e-06	5.193721e-09	5.701336e+01	3.406232e+02
1.670000e-06	8.008260e-06	5.187304e-09	5.697093e+01	3.403402e+02
1.680000e-06	7.999595e-06	5.182788e-09	5.690929e+01	3.399992e+02
1.690000e-06	7.988282e-06	5.179011e-09	5.682880e+01	3.396149e+02
1.700000e-06	7.974143e-06	5.174460e-09	5.672822e+01	3.392027e+02
1.710000e-06	7.957364e-06	5.169521e-09	5.660885e+01	3.387766e+02
1.720000e-06	7.938348e-06	5.161163e-09	5.647358e+01	3.383478e+02
1.730000e-06	7.916847e-06	5.127873e-09	5.632061e+01	3.379234e+02
1.740000e-06	7.892195e-06	5.072604e-09	5.614524e+01	3.375055e+02
1.750000e-06	7.863908e-06	5.091489e-09	5.594401e+01	3.370911e+02
1.760000e-06	7.832189e-06	5.109859e-09	5.571836e+01	3.366723e+02
1.770000e-06	7.797855e-06	5.100819e-09	5.547411e+01	3.362377e+02
1.780000e-06	7.761277e-06	5.120658e-09	5.521389e+01	3.357735e+02
1.790000e-06	7.722411e-06	5.162885e-09	5.493739e+01	3.352648e+02
1.800000e-06	7.681408e-06	5.107164e-09	5.464570e+01	3.346975e+02
1.810000e-06	7.637987e-06	5.076730e-09	5.433680e+01	3.340596e+02
1.820000e-06	7.591944e-06	5.106320e-09	5.400925e+01	3.333421e+02
1.830000e-06	7.543229e-06	5.043957e-09	5.366269e+01	3.325397e+02
1.840000e-06	7.491477e-06	5.085200e-09	5.329453e+01	3.316507e+02
1.850000e-06	7.436753e-06	5.041822e-09	5.290522e+01	3.306772e+02
1.860000e-06	7.379258e-06	5.039639e-09	5.249620e+01	3.296235e+02
1.870000e-06	7.319171e-06	5.055797e-09	5.206874e+01	3.284962e+02
1.880000e-06	7.256413e-06	4.973116e-09	5.162228e+01	3.273023e+02
1.890000e-06	7.190833e-06	5.005151e-09	5.115574e+01	3.260487e+02
1.900000e-06	7.122509e-06	4.941143e-09	5.066968e+01	3.247412e+02
1.910000e-06	7.051320e-06	4.931067e-09	5.016324e+01	3.233838e+02
1.920000e-06	6.977397e-06	4.930641e-09	4.963735e+01	3.219787e+02
1.930000e-06	6.900767e-06	4.908384e-09	4.909221e+01	3.205262e+02
1.940000e-06	6.821348e-06	4.906264e-09	4.852722e+01	3.190246e+02
1.950000e-06	6.739414e-06	4.823720e-09	4.794433e+01	3.174711e+02
1.960000e-06	6.655058e-06	4.833560e-09	4.734422e+01	3.158618e+02
1.970000e-06	6.568171e-06	4.789644e-09	4.672611e+01	3.141928e+02
1.980000e-06	6.478848e-06	4.772665e-09	4.609066e+01	3.124599e+02
1.990000e-06	6.387362e-06	4.759291e-09	4.543983e+01	3.106596e+02
2.000000e-06	6.293611e-06	4.715130e-09	4.477289e+01	3.087887e+02
2.010000e-06	6.197517e-06	4.689639e-09	4.408927e+01	3.068449e+02
2.020000e-06	6.099258e-06	4.636545e-09	4.339025e+01	3.048264e+02
2.030000e-06	5.998836e-06	4.626926e-09	4.267585e+01	3.027318e+02
2.040000e-06	5.896247e-06	4.589906e-09	4.194602e+01	3.005602e+02
2.050000e-06	5.791549e-06	4.569472e-09	4.120120e+01	2.983109e+02
2.060000e-06	5.684923e-06	4.527102e-09	4.044266e+01	2.959832e+02
2.070000e-06	5.576401e-06	4.491125e-09	3.967064e+01	2.935764e+02
2.080000e-06	5.465896e-06	4.449009e-09	3.888450e+01	2.910898e+02
2.090000e-06	5.353370e-06	4.405276e-09	3.808399e+01	2.885225e+02
2.100000e-06	5.238822e-06	4.372797e-09	3.726909e+01	2.858735e+02
2.110000e-06	5.122264e-06	4.327755e-09	3.643990e+01	2.831414e+02
2.120000e-06	5.003639e-06	4.286915e-09	3.559599e+01	2.803243e+02
2.130000e-06	4.883038e-06	4.239610e-09	3.473804e+01	2.774200e+02
2.140000e-06	4.760723e-06	4.202885e-09	3.386788e+01	2.744257e+02
2.150000e-06	4.636736e-06	4.150393e-09	3.298584e+01	2.713377e+02
2.160000e-06	4.511028e-06	4.102802e-09	3.209155e+01	2.681520e+02
2.170000e-06	4.383606e-06	4.051589e-09	3.118507e+01	2.648639e+02
2.180000e-06	4.254569e-06	4.006449e-09	3.026709e+01	2.614685e+02
2.190000e-06	4.124068e-06	3.954983e-09	2.933870e+01	2.579609e+02
2.200000e-06	3.992008e-06	3.901749e-09	2.839923e+01	2.543365e+02
2.210000e-06	3.858450e-06	3.843792e-09	2.744910e+01	2.505914e+02
2.220000e-06	3.723470e-06	3.779686e-09	2.648884e+01	2.467226e+02
2.230000e-06	3.587051e-06	3.715590e-09	2.551836e+01	2.427284e+02
2.240000e-06	3.449298e-06	3.654200e-09	2.453838e+01	2.386079e+02
2.250000e-06	3.310260e-06	3.595111e-09	2.354926e+01	2.343609e+02
2.260000e-06	3.169884e-06	3.528045e-09	2.255062e+01	2.299876e+02
2.270000e-06	3.028183e-06	3.460114e-09	2.154256e+01	2.254879e+02
2.280000e-06	2.885304e-06	3.389432e-09	2.052612e+01	2.208606e+02
2.290000e-06	2.741321e-06	3.317204e-09	1.950181e+01	2.161028e+02
2.300000e-06	2.596360e-06	3.240860e-09	1.847056e+01	2.112095e+02
2.310000e-06	2.450598e-06	3.165752e-09	1.743361e+01	2.061730e+02
2.320000e-06	2.304120e-06	3.086727e-09	1.639156e+01	2.009832e+02
2.330000e-06	2.156857e-06	3.003461e-09	1.534393e+01	1.956281e+02
2.340000e-06	2.008785e-06	2.917257e-09	1.429054e+01	1.900942e+02
2.350000e-06	1.860021e-06	2.831229e-09	1.323223e+01	1.843678e+02
2.360000e-06	1.710706e-06	2.741858e-09	1.217000e+01	1.784360e+02
2.370000e-06	1.560884e-06	2.646749e-09	1.110416e+01	1.722876e+02
2.380000e-06	1.410523e-06	2.549515e-09	1.003449e+01	1.659140e+02
2.390000e-06	1.259662e-06	2.449765e-09	8.961262e+00	1.593095e+02
2.400000e-06	1.108375e-06	2.344381e-09	7.885001e+00	1.524715e+02
2.410000e-06	9.567557e-07	2.234159e-09	6.806380e+00	1.453991e+02
2.420000e-06	8.047851e-07	2.123342e-09	5.725258e+00	1.380922e+02
2.430000e-06	6.524974e-07	2.010988e-09	4.641880e+00	1.305496e+02
2.440000e-06	4.999490e-07	1.894804e-09	3.556648e+00	1.227674e+02
2.450000e-06	3.471963e-07	1.775111e-09	2.469962e+00	1.147366e+02
2.460000e-06	1.943377e-07	1.652026e-09	1.382523e+00	1.064423e+02
2.470000e-06	4.133123e-08	1.521605e-09	2.940313e-01	9.786232e+01
2.480000e-06	-1.117534e-07	1.383902e-09	-7.950160e-01	8.896808e+01
2.490000e-06	-2.648044e-07	1.241057e-09	-1.883824e+00	7.972547e+01
2.500000e-06	-4.177933e-07	1.091898e-09	-2.972191e+00	7.009746e+01
2.510000e-06	-5.706146e-07	9.371232e-10	-4.059365e+00	6.004758e+01
2.520000e-06	-7.232107e-07	7.775600e-10	-5.144936e+00	4.954403e+01
2.530000e-06	-8.755375e-07	6.122904e-10	-6.228592e+00	3.856422e+01
2.540000e-06	-1.027514e-06	4.382137e-10	-7.309756e+00	2.709919e+01
2.550000e-06	-1.179161e-06	2.576900e-10	-8.388580e+00	1.515736e+01
2.560000e-06	-1.330431e-06	7.029524e-11	-9.464714e+00	2.767259e+00
2.570000e-06	-1.481203e-06	-1.270420e-10	-1.053731e+01	-1.002127e+01
2.580000e-06	-1.631431e-06	-3.325676e-10	-1.160603e+01	-2.313748e+01
2.590000e-06	-1.780973e-06	-5.431053e-10	-1.266988e+01	-3.649194e+01
2.600000e-06	-1.929796e-06	-7.525412e-10	-1.372861e+01	-4.998039e+01
2.610000e-06	-2.077939e-06	-9.616161e-10	-1.478251e+01	-6.348887e+01
2.620000e-06	-2.225349e-06	-1.169807e-09	-1.583118e+01	-7.689980e+01
2.630000e-06	-2.371957e-06	-1.375429e-09	-1.687416e+01	-9.009835e+01
2.640000e-06	-2.517622e-06	-1.576912e-09	-1.791042e+01	-1.029786e+02
2.650000e-06	-2.662321e-06	-1.769938e-09	-1.893981e+01	-1.154486e+02
2.660000e-06	-2.806067e-06	-1.952330e-09	-1.996242e+01	-1.274350e+02
2.670000e-06	-2.948771e-06	-2.124123e-09	-2.097762e+01	-1.388849e+02
2.680000e-06	-3.090209e-06	-2.286978e-09	-2.198381e+01	-1.497666e+02
2.690000e-06	-3.230337e-06	-2.442922e-09	-2.298069e+01	-1.600690e+02
2.700000e-06	-3.369232e-06	-2.591944e-09	-2.396878e+01	-1.697990e+02
2.710000e-06	-3.506880e-06	-2.733836e-09	-2.494802e+01	-1.789777e+02
2.720000e-06	-3.643233e-06	-2.868812e-09	-2.591804e+01	-1.876365e+02
2.730000e-06	-3.778235e-06	-2.995986e-09	-2.687844e+01	-1.958128e+02
2.740000e-06	-3.911852e-06	-3.116248e-09	-2.782900e+01	-2.035455e+02
2.750000e-06	-4.044105e-06	-3.230685e-09	-2.876985e+01	-2.108727e+02
2.760000e-06	-4.174945e-06	-3.337350e-09	-2.970065e+01	-2.178282e+02
2.770000e-06	-4.304355e-06	-3.435917e-09	-3.062127e+01	-2.244411e+02
2.780000e-06	-4.432300e-06	-3.529795e-09	-3.153147e+01	-2.307350e+02
2.790000e-06	-4.558622e-06	-3.621687e-09	-3.243013e+01	-2.367291e+02
2.800000e-06	-4.683366e-06	-3.709615e-09	-3.331756e+01	-2.424388e+02
2.810000e-06	-4.806561e-06	-3.791384e-09	-3.419398e+01	-2.478776e+02
2.820000e-06	-4.928040e-06	-3.870094e-09	-3.505818e+01	-2.530585e+02
2.830000e-06	-5.047673e-06	-3.945405e-09	-3.590925e+01	-2.579946e+02
2.840000e-06	-5.165308e-06	-4.017737e-09	-3.674611e+01	-2.627006e+02
2.850000e-06	-5.280852e-06	-4.085127e-09	-3.756810e+01	-2.671917e+02
2.860000e-06	-5.394198e-06	-4.150720e-09	-3.837444e+01	-2.714842e+02
2.870000e-06	-5.505326e-06	-4.215483e-09	-3.916501e+01	-2.755938e+02
2.880000e-06	-5.614493e-06	-4.276262e-09	-3.994162e+01	-2.795347e+02
2.890000e-06	-5.721810e-06	-4.334915e-09	-4.070508e+01	-2.833186e+02
2.900000e-06	-5.827162e-06	-4.391610e-09	-4.145455e+01	-2.869538e+02
2.910000e-06	-5.930351e-06	-4.447266e-09	-4.218865e+01	-2.904446e+02
2.920000e-06	-6.031336e-06	-4.500547e-09	-4.290705e+01	-2.937918e+02
2.930000e-06	-6.130128e-06	-4.551357e-09	-4.360986e+01	-2.969927e+02
2.940000e-06	-6.226752e-06	-4.599578e-09	-4.429725e+01	-3.000431e+02
2.950000e-06	-6.321131e-06	-4.642681e-09	-4.496866e+01	-3.029378e+02
2.960000e-06	-6.413204e-06	-4.682972e-09	-4.562367e+01	-3.056728e+02
2.970000e-06	-6.503055e-06	-4.721498e-09	-4.626287e+01	-3.082463e+02
2.980000e-06	-6.590609e-06	-4.758621e-09	-4.688573e+01	-3.106597e+02
2.990000e-06	-6.675756e-06	-4.795321e-09	-4.749147e+01	-3.129183e+02
3.000000e-06	-6.758528e-06	-4.829537e-09	-4.808031e+01	-3.150310e+02
3.010000e-06	-6.838944e-06	-4.861327e-09	-4.865239e+01	-3.170099e+02
3.020000e-06	-6.916766e-06	-4.891200e-09	-4.920602e+01	-3.188686e+02
3.030000e-06	-6.991836e-06	-4.920438e-09	-4.974007e+01	-3.206216e+02
3.040000e-06	-7.064271e-06	-4.946965e-09	-5.025538e+01	-3.222820e+02
3.050000e-06	-7.134146e-06	-4.969549e-09	-5.075247e+01	-3.238605e+02
3.060000e-06	-7.201466e-06	-4.992139e-09	-5.123138e+01	-3.253645e+02
3.070000e-06	-7.266290e-06	-5.013955e-09	-5.169254e+01	-3.267974e+02
3.080000e-06	-7.328561e-06	-5.034464e-09	-5.213554e+01	-3.281588e+02
3.090000e-06	-7.388139e-06	-5.053485e-09	-5.255938e+01	-3.294455e+02
3.100000e-06	-7.445127e-06	-5.069926e-09	-5.296479e+01	-3.306519e+02
3.110000e-06	-7.499407e-06	-5.085917e-09	-5.335094e+01	-3.317722e+02
3.120000e-06	-7.550664e-06	-5.102817e-09	-5.371558e+01	-3.328015e+02
3.130000e-06	-7.598813e-06	-5.120055e-09	-5.405811e+01	-3.337371e+02
3.140000e-06	-7.644222e-06	-5.133160e-09	-5.438115e+01	-3.345792e+02
3.150000e-06	-7.687236e-06	-5.143017e-09	-5.468716e+01	-3.353319e+02
3.160000e-06	-7.727662e-06	-5.152561e-09	-5.497475e+01	-3.360024e+02
3.170000e-06	-7.765292e-06	-5.161671e-09	-5.524245e+01	-3.366005e+02
3.180000e-06	-7.800230e-06	-5.170532e-09	-5.549100e+01	-3.371373e+02
3.190000e-06	-7.832436e-06	-5.178332e-09	-5.572011e+01	-3.376239e+02
3.200000e-06	-7.861707e-06	-5.185734e-09	-5.592835e+01	-3.380696e+02
3.210000e-06	-7.888184e-06	-5.191159e-09	-5.611671e+01	-3.384810e+02
3.220000e-06	-7.911831e-06	-5.194934e-09	-5.628493e+01	-3.388607e+02
3.230000e-06	-7.932549e-06	-5.197650e-09	-5.643232e+01	-3.392071e+02
3.240000e-06	-7.950518e-06	-5.199380e-09	-5.656016e+01	-3.395148e+02
3.250000e-06	-7.965583e-06	-5.200275e-09	-5.666733e+01	-3.397752e+02
3.260000e-06	-7.977463e-06	-5.200860e-09	-5.675184e+01	-3.399781e+02
3.270000e-06	-7.986358e-06	-5.201975e-09	-5.681512e+01	-3.401130e+02
3.280000e-06	-7.992349e-06	-5.201449e-09	-5.685774e+01	-3.401711e+02
3.290000e-06	-7.995487e-06	-5.198875e-09	-5.688006e+01	-3.401466e+02
3.300000e-06	-7.995865e-06	-5.196091e-09	-5.688275e+01	-3.400378e+02
