# Temperatura_=_34.69
# Concentracion g/m^3_=_5000.0
# C_Vs_to_Am_M_A/Vsm_=_65563218390.804596
# pendiente_HvsI_1/m_=_3716.3
# ordenada_HvsI_A/m_=_1297.0
# frecuencia_Hz_=_302511.7815256583

Tiempo_(s)	Campo_(V.s)	Magnetizacion_(V.s)	Campo_(kA/m)	Magnetizacion_(A/m)
0.000000e+00	-8.004362e-06	-5.389941e-09	-5.686615e+01	-3.526863e+02
1.000000e-08	-8.000300e-06	-5.388648e-09	-5.683729e+01	-3.524627e+02
2.000000e-08	-7.993610e-06	-5.386424e-09	-5.678976e+01	-3.521786e+02
3.000000e-08	-7.984147e-06	-5.381932e-09	-5.672253e+01	-3.518452e+02
4.000000e-08	-7.971797e-06	-5.377609e-09	-5.663480e+01	-3.514742e+02
5.000000e-08	-7.956527e-06	-5.372381e-09	-5.652631e+01	-3.510771e+02
6.000000e-08	-7.938592e-06	-5.368361e-09	-5.639889e+01	-3.506633e+02
7.000000e-08	-7.918347e-06	-5.370376e-09	-5.625506e+01	-3.502397e+02
8.000000e-08	-7.895488e-06	-5.362919e-09	-5.609267e+01	-3.498094e+02
9.000000e-08	-7.869496e-06	-5.367836e-09	-5.590801e+01	-3.493719e+02
1.000000e-07	-7.840373e-06	-5.376066e-09	-5.570111e+01	-3.489232e+02
1.100000e-07	-7.808340e-06	-5.349687e-09	-5.547353e+01	-3.484562e+02
1.200000e-07	-7.773521e-06	-5.321454e-09	-5.522617e+01	-3.479621e+02
1.300000e-07	-7.736181e-06	-5.303329e-09	-5.496089e+01	-3.474308e+02
1.400000e-07	-7.696668e-06	-5.295150e-09	-5.468017e+01	-3.468522e+02
1.500000e-07	-7.654952e-06	-5.268644e-09	-5.438380e+01	-3.462173e+02
1.600000e-07	-7.610612e-06	-5.247396e-09	-5.406879e+01	-3.455187e+02
1.700000e-07	-7.563521e-06	-5.254101e-09	-5.373424e+01	-3.447508e+02
1.800000e-07	-7.513542e-06	-5.193747e-09	-5.337917e+01	-3.439102e+02
1.900000e-07	-7.460530e-06	-5.209684e-09	-5.300255e+01	-3.429952e+02
2.000000e-07	-7.404699e-06	-5.216795e-09	-5.260590e+01	-3.420058e+02
2.100000e-07	-7.346191e-06	-5.188417e-09	-5.219024e+01	-3.409428e+02
2.200000e-07	-7.285076e-06	-5.198954e-09	-5.175606e+01	-3.398077e+02
2.300000e-07	-7.221304e-06	-5.136823e-09	-5.130300e+01	-3.386020e+02
2.400000e-07	-7.154770e-06	-5.110810e-09	-5.083031e+01	-3.373272e+02
2.500000e-07	-7.085512e-06	-5.093665e-09	-5.033827e+01	-3.359844e+02
2.600000e-07	-7.013480e-06	-5.082209e-09	-4.982653e+01	-3.345743e+02
2.700000e-07	-6.938665e-06	-5.044130e-09	-4.929502e+01	-3.330978e+02
2.800000e-07	-6.861037e-06	-5.019407e-09	-4.874352e+01	-3.315555e+02
2.900000e-07	-6.780638e-06	-5.009695e-09	-4.817233e+01	-3.299483e+02
3.000000e-07	-6.697786e-06	-4.963942e-09	-4.758372e+01	-3.282769e+02
3.100000e-07	-6.612620e-06	-4.955023e-09	-4.697867e+01	-3.265425e+02
3.200000e-07	-6.525089e-06	-4.939324e-09	-4.635681e+01	-3.247459e+02
3.300000e-07	-6.435258e-06	-4.909317e-09	-4.571861e+01	-3.228877e+02
3.400000e-07	-6.343163e-06	-4.879635e-09	-4.506434e+01	-3.209679e+02
3.500000e-07	-6.248814e-06	-4.857070e-09	-4.439404e+01	-3.189854e+02
3.600000e-07	-6.152165e-06	-4.828523e-09	-4.370741e+01	-3.169381e+02
3.700000e-07	-6.053229e-06	-4.783488e-09	-4.300453e+01	-3.148230e+02
3.800000e-07	-5.952161e-06	-4.744658e-09	-4.228650e+01	-3.126359e+02
3.900000e-07	-5.848971e-06	-4.715510e-09	-4.155340e+01	-3.103721e+02
4.000000e-07	-5.743716e-06	-4.688997e-09	-4.080562e+01	-3.080267e+02
4.100000e-07	-5.636447e-06	-4.645847e-09	-4.004355e+01	-3.055951e+02
4.200000e-07	-5.527178e-06	-4.607566e-09	-3.926725e+01	-3.030734e+02
4.300000e-07	-5.415911e-06	-4.571319e-09	-3.847677e+01	-3.004590e+02
4.400000e-07	-5.302520e-06	-4.522508e-09	-3.767120e+01	-2.977504e+02
4.500000e-07	-5.187053e-06	-4.470957e-09	-3.685087e+01	-2.949475e+02
4.600000e-07	-5.069684e-06	-4.438061e-09	-3.601704e+01	-2.920514e+02
4.700000e-07	-4.950482e-06	-4.403835e-09	-3.517018e+01	-2.890635e+02
4.800000e-07	-4.829487e-06	-4.351768e-09	-3.431059e+01	-2.859851e+02
4.900000e-07	-4.706722e-06	-4.296152e-09	-3.343841e+01	-2.828168e+02
5.000000e-07	-4.582227e-06	-4.245345e-09	-3.255395e+01	-2.795581e+02
5.100000e-07	-4.456134e-06	-4.196864e-09	-3.165813e+01	-2.762065e+02
5.200000e-07	-4.328325e-06	-4.139981e-09	-3.075013e+01	-2.727579e+02
5.300000e-07	-4.198914e-06	-4.081886e-09	-2.983074e+01	-2.692063e+02
5.400000e-07	-4.068025e-06	-4.022069e-09	-2.890086e+01	-2.655447e+02
5.500000e-07	-3.935526e-06	-3.964132e-09	-2.795953e+01	-2.617654e+02
5.600000e-07	-3.801576e-06	-3.907210e-09	-2.700790e+01	-2.578607e+02
5.700000e-07	-3.666218e-06	-3.853700e-09	-2.604626e+01	-2.538240e+02
5.800000e-07	-3.529383e-06	-3.795450e-09	-2.507413e+01	-2.496501e+02
5.900000e-07	-3.391134e-06	-3.729561e-09	-2.409196e+01	-2.453358e+02
6.000000e-07	-3.251487e-06	-3.660433e-09	-2.309985e+01	-2.408795e+02
6.100000e-07	-3.110379e-06	-3.588715e-09	-2.209736e+01	-2.362813e+02
6.200000e-07	-2.967888e-06	-3.515070e-09	-2.108505e+01	-2.315419e+02
6.300000e-07	-2.824304e-06	-3.436618e-09	-2.006497e+01	-2.266619e+02
6.400000e-07	-2.679762e-06	-3.356382e-09	-1.903809e+01	-2.216408e+02
6.500000e-07	-2.534213e-06	-3.273554e-09	-1.800405e+01	-2.164760e+02
6.600000e-07	-2.387838e-06	-3.193519e-09	-1.696414e+01	-2.111624e+02
6.700000e-07	-2.240751e-06	-3.115507e-09	-1.591918e+01	-2.056915e+02
6.800000e-07	-2.092877e-06	-3.035171e-09	-1.486862e+01	-2.000525e+02
6.900000e-07	-1.944308e-06	-2.948068e-09	-1.381313e+01	-1.942322e+02
7.000000e-07	-1.795169e-06	-2.855327e-09	-1.275359e+01	-1.882162e+02
7.100000e-07	-1.645472e-06	-2.760101e-09	-1.169009e+01	-1.819904e+02
7.200000e-07	-1.495239e-06	-2.662578e-09	-1.062277e+01	-1.755420e+02
7.300000e-07	-1.344549e-06	-2.561627e-09	-9.552210e+00	-1.688605e+02
7.400000e-07	-1.193443e-06	-2.452481e-09	-8.478694e+00	-1.619386e+02
7.500000e-07	-1.041898e-06	-2.339947e-09	-7.402057e+00	-1.547720e+02
7.600000e-07	-8.899019e-07	-2.226955e-09	-6.322214e+00	-1.473588e+02
7.700000e-07	-7.375254e-07	-2.112722e-09	-5.239672e+00	-1.396986e+02
7.800000e-07	-5.848884e-07	-1.993644e-09	-4.155278e+00	-1.317901e+02
7.900000e-07	-4.320589e-07	-1.870253e-09	-3.069517e+00	-1.236296e+02
8.000000e-07	-2.790304e-07	-1.742331e-09	-1.982342e+00	-1.152092e+02
8.100000e-07	-1.258160e-07	-1.608273e-09	-8.938465e-01	-1.065147e+02
8.200000e-07	2.750210e-08	-1.468463e-09	1.953858e-01	-9.752501e+01
8.300000e-07	1.808302e-07	-1.321816e-09	1.284689e+00	-8.821260e+01
8.400000e-07	3.341152e-07	-1.170876e-09	2.373686e+00	-7.854450e+01
8.500000e-07	4.873003e-07	-1.015302e-09	3.461974e+00	-6.848494e+01
8.600000e-07	6.403281e-07	-8.552797e-10	4.549144e+00	-5.799888e+01
8.700000e-07	7.931274e-07	-6.892885e-10	5.634690e+00	-4.705623e+01
8.800000e-07	9.456574e-07	-5.161776e-10	6.718323e+00	-3.563650e+01
8.900000e-07	1.097858e-06	-3.363539e-10	7.799618e+00	-2.373318e+01
9.000000e-07	1.249619e-06	-1.505131e-10	8.877787e+00	-1.135749e+01
9.100000e-07	1.400884e-06	4.100597e-11	9.952434e+00	1.459077e+00
9.200000e-07	1.551704e-06	2.382550e-10	1.102392e+01	1.466367e+01
9.300000e-07	1.702013e-06	4.398172e-10	1.209177e+01	2.818281e+01
9.400000e-07	1.851628e-06	6.469667e-10	1.315470e+01	4.192485e+01
9.500000e-07	2.000526e-06	8.578888e-10	1.421253e+01	5.578404e+01
9.600000e-07	2.148698e-06	1.069334e-09	1.526520e+01	6.964589e+01
9.700000e-07	2.296149e-06	1.279089e-09	1.631275e+01	8.339329e+01
9.800000e-07	2.442812e-06	1.486052e-09	1.735470e+01	9.691281e+01
9.900000e-07	2.588517e-06	1.687093e-09	1.838985e+01	1.101007e+02
1.000000e-06	2.733197e-06	1.878004e-09	1.941771e+01	1.228679e+02
1.010000e-06	2.876869e-06	2.061100e-09	2.043841e+01	1.351436e+02
1.020000e-06	3.019502e-06	2.235709e-09	2.145173e+01	1.468777e+02
1.030000e-06	3.160857e-06	2.403052e-09	2.245598e+01	1.580404e+02
1.040000e-06	3.300854e-06	2.562686e-09	2.345057e+01	1.686219e+02
1.050000e-06	3.439651e-06	2.715357e-09	2.443664e+01	1.786288e+02
1.060000e-06	3.577097e-06	2.861031e-09	2.541311e+01	1.880813e+02
1.070000e-06	3.713091e-06	3.000095e-09	2.637927e+01	1.970088e+02
1.080000e-06	3.847753e-06	3.129852e-09	2.733596e+01	2.054458e+02
1.090000e-06	3.981080e-06	3.249634e-09	2.828317e+01	2.134285e+02
1.100000e-06	4.112991e-06	3.364175e-09	2.922031e+01	2.209918e+02
1.110000e-06	4.243438e-06	3.474648e-09	3.014706e+01	2.281674e+02
1.120000e-06	4.372336e-06	3.580806e-09	3.106281e+01	2.349829e+02
1.130000e-06	4.499692e-06	3.680414e-09	3.196759e+01	2.414616e+02
1.140000e-06	4.625544e-06	3.774337e-09	3.286169e+01	2.476235e+02
1.150000e-06	4.749800e-06	3.862888e-09	3.374446e+01	2.534861e+02
1.160000e-06	4.872444e-06	3.947484e-09	3.461576e+01	2.590657e+02
1.170000e-06	4.993356e-06	4.027060e-09	3.547477e+01	2.643786e+02
1.180000e-06	5.112405e-06	4.102230e-09	3.632054e+01	2.694417e+02
1.190000e-06	5.229551e-06	4.173328e-09	3.715280e+01	2.742723e+02
1.200000e-06	5.344730e-06	4.241042e-09	3.797107e+01	2.788885e+02
1.210000e-06	5.457849e-06	4.307257e-09	3.877472e+01	2.833076e+02
1.220000e-06	5.568873e-06	4.372479e-09	3.956347e+01	2.875458e+02
1.230000e-06	5.677948e-06	4.436974e-09	4.033838e+01	2.916165e+02
1.240000e-06	5.785055e-06	4.500166e-09	4.109932e+01	2.955297e+02
1.250000e-06	5.890008e-06	4.560200e-09	4.184494e+01	2.992915e+02
1.260000e-06	5.992797e-06	4.615283e-09	4.257520e+01	3.029037e+02
1.270000e-06	6.093413e-06	4.665568e-09	4.329001e+01	3.063649e+02
1.280000e-06	6.191669e-06	4.712010e-09	4.398806e+01	3.096707e+02
1.290000e-06	6.287524e-06	4.755131e-09	4.466906e+01	3.128159e+02
1.300000e-06	6.381111e-06	4.795997e-09	4.533393e+01	3.157952e+02
1.310000e-06	6.472552e-06	4.835235e-09	4.598357e+01	3.186054e+02
1.320000e-06	6.561735e-06	4.874674e-09	4.661716e+01	3.212461e+02
1.330000e-06	6.648500e-06	4.913654e-09	4.723357e+01	3.237208e+02
1.340000e-06	6.732915e-06	4.951163e-09	4.783329e+01	3.260368e+02
1.350000e-06	6.815000e-06	4.985457e-09	4.841645e+01	3.282049e+02
1.360000e-06	6.894673e-06	5.017572e-09	4.898248e+01	3.302385e+02
1.370000e-06	6.971796e-06	5.047160e-09	4.953039e+01	3.321523e+02
1.380000e-06	7.046251e-06	5.073737e-09	5.005935e+01	3.339606e+02
1.390000e-06	7.118079e-06	5.100775e-09	5.056964e+01	3.356761e+02
1.400000e-06	7.187378e-06	5.126808e-09	5.106197e+01	3.373086e+02
1.410000e-06	7.254157e-06	5.150548e-09	5.153640e+01	3.388641e+02
1.420000e-06	7.318347e-06	5.171226e-09	5.199243e+01	3.403451e+02
1.430000e-06	7.380009e-06	5.190391e-09	5.243050e+01	3.417502e+02
1.440000e-06	7.439153e-06	5.210412e-09	5.285068e+01	3.430756e+02
1.450000e-06	7.495614e-06	5.230565e-09	5.325180e+01	3.443162e+02
1.460000e-06	7.549303e-06	5.248882e-09	5.363323e+01	3.454667e+02
1.470000e-06	7.599992e-06	5.264209e-09	5.399335e+01	3.465231e+02
1.480000e-06	7.647625e-06	5.278471e-09	5.433175e+01	3.474839e+02
1.490000e-06	7.692546e-06	5.293319e-09	5.465088e+01	3.483506e+02
1.500000e-06	7.734812e-06	5.305828e-09	5.495116e+01	3.491276e+02
1.510000e-06	7.774247e-06	5.316160e-09	5.523132e+01	3.498224e+02
1.520000e-06	7.810898e-06	5.326406e-09	5.549171e+01	3.504440e+02
1.530000e-06	7.844796e-06	5.335937e-09	5.573253e+01	3.510024e+02
1.540000e-06	7.875901e-06	5.344412e-09	5.595351e+01	3.515068e+02
1.550000e-06	7.904262e-06	5.352838e-09	5.615500e+01	3.519645e+02
1.560000e-06	7.929800e-06	5.363041e-09	5.633643e+01	3.523802e+02
1.570000e-06	7.952436e-06	5.371435e-09	5.649725e+01	3.527550e+02
1.580000e-06	7.972313e-06	5.377268e-09	5.663846e+01	3.530868e+02
1.590000e-06	7.989368e-06	5.382304e-09	5.675962e+01	3.533704e+02
1.600000e-06	8.003376e-06	5.385040e-09	5.685914e+01	3.535989e+02
1.610000e-06	8.014267e-06	5.386862e-09	5.693652e+01	3.537645e+02
1.620000e-06	8.022090e-06	5.387466e-09	5.699209e+01	3.538600e+02
1.630000e-06	8.027012e-06	5.387952e-09	5.702706e+01	3.538802e+02
1.640000e-06	8.029044e-06	5.389850e-09	5.704150e+01	3.538228e+02
1.650000e-06	8.028240e-06	5.389707e-09	5.703579e+01	3.536891e+02
1.660000e-06	8.024813e-06	5.389482e-09	5.701144e+01	3.534841e+02
1.670000e-06	8.018737e-06	5.385711e-09	5.696828e+01	3.532158e+02
1.680000e-06	8.010028e-06	5.382667e-09	5.690640e+01	3.528948e+02
1.690000e-06	7.998602e-06	5.380846e-09	5.682523e+01	3.525329e+02
1.700000e-06	7.984325e-06	5.374668e-09	5.672380e+01	3.521417e+02
1.710000e-06	7.967466e-06	5.362512e-09	5.660402e+01	3.517315e+02
1.720000e-06	7.948330e-06	5.336264e-09	5.646808e+01	3.513097e+02
1.730000e-06	7.926656e-06	5.328071e-09	5.631409e+01	3.508807e+02
1.740000e-06	7.901759e-06	5.296552e-09	5.613722e+01	3.504451e+02
1.750000e-06	7.873187e-06	5.287403e-09	5.593423e+01	3.499998e+02
1.760000e-06	7.841214e-06	5.305078e-09	5.570708e+01	3.495384e+02
1.770000e-06	7.806656e-06	5.312613e-09	5.546157e+01	3.490526e+02
1.780000e-06	7.769810e-06	5.295738e-09	5.519980e+01	3.485325e+02
1.790000e-06	7.730754e-06	5.313167e-09	5.492233e+01	3.479680e+02
1.800000e-06	7.689596e-06	5.326190e-09	5.462993e+01	3.473496e+02
1.810000e-06	7.645943e-06	5.246220e-09	5.431980e+01	3.466694e+02
1.820000e-06	7.599688e-06	5.297758e-09	5.399119e+01	3.459213e+02
1.830000e-06	7.550784e-06	5.269587e-09	5.364375e+01	3.451013e+02
1.840000e-06	7.498851e-06	5.234934e-09	5.327480e+01	3.442071e+02
1.850000e-06	7.443960e-06	5.243536e-09	5.288483e+01	3.432385e+02
1.860000e-06	7.386318e-06	5.173733e-09	5.247532e+01	3.421959e+02
1.870000e-06	7.326062e-06	5.217576e-09	5.204724e+01	3.410809e+02
1.880000e-06	7.263065e-06	5.204544e-09	5.159968e+01	3.398948e+02
1.890000e-06	7.197217e-06	5.190705e-09	5.113187e+01	3.386391e+02
1.900000e-06	7.128580e-06	5.164067e-09	5.064425e+01	3.373152e+02
1.910000e-06	7.057073e-06	5.131039e-09	5.013623e+01	3.359238e+02
1.920000e-06	6.982886e-06	5.125000e-09	4.960918e+01	3.344658e+02
1.930000e-06	6.905986e-06	5.069675e-09	4.906285e+01	3.329418e+02
1.940000e-06	6.826329e-06	5.090288e-09	4.849693e+01	3.313525e+02
1.950000e-06	6.744169e-06	5.052628e-09	4.791324e+01	3.296989e+02
1.960000e-06	6.659544e-06	5.008793e-09	4.731203e+01	3.279820e+02
1.970000e-06	6.572408e-06	4.985523e-09	4.669298e+01	3.262027e+02
1.980000e-06	6.482909e-06	4.947274e-09	4.605714e+01	3.243616e+02
1.990000e-06	6.391236e-06	4.933874e-09	4.540587e+01	3.224590e+02
2.000000e-06	6.297286e-06	4.884486e-09	4.473841e+01	3.204941e+02
2.010000e-06	6.201040e-06	4.870703e-09	4.405464e+01	3.184652e+02
2.020000e-06	6.102678e-06	4.834534e-09	4.335584e+01	3.163694e+02
2.030000e-06	6.002139e-06	4.797311e-09	4.264157e+01	3.142029e+02
2.040000e-06	5.899374e-06	4.753913e-09	4.191148e+01	3.119611e+02
2.050000e-06	5.794503e-06	4.723080e-09	4.116644e+01	3.096391e+02
2.060000e-06	5.687681e-06	4.695474e-09	4.040753e+01	3.072321e+02
2.070000e-06	5.578931e-06	4.646929e-09	3.963493e+01	3.047360e+02
2.080000e-06	5.468155e-06	4.618784e-09	3.884793e+01	3.021478e+02
2.090000e-06	5.355322e-06	4.584321e-09	3.804633e+01	2.994657e+02
2.100000e-06	5.240467e-06	4.542374e-09	3.723035e+01	2.966893e+02
2.110000e-06	5.123552e-06	4.487240e-09	3.639974e+01	2.938193e+02
2.120000e-06	5.004693e-06	4.445009e-09	3.555532e+01	2.908570e+02
2.130000e-06	4.883986e-06	4.394635e-09	3.469777e+01	2.878038e+02
2.140000e-06	4.761473e-06	4.348074e-09	3.382738e+01	2.846608e+02
2.150000e-06	4.637206e-06	4.303364e-09	3.294454e+01	2.814277e+02
2.160000e-06	4.511215e-06	4.262313e-09	3.204945e+01	2.781025e+02
2.170000e-06	4.383588e-06	4.214191e-09	3.114274e+01	2.746817e+02
2.180000e-06	4.254373e-06	4.154965e-09	3.022475e+01	2.711598e+02
2.190000e-06	4.123641e-06	4.098379e-09	2.929597e+01	2.675300e+02
2.200000e-06	3.991339e-06	4.039851e-09	2.835605e+01	2.637846e+02
2.210000e-06	3.857537e-06	3.982311e-09	2.740546e+01	2.599160e+02
2.220000e-06	3.722353e-06	3.919955e-09	2.644507e+01	2.559172e+02
2.230000e-06	3.585779e-06	3.856607e-09	2.547479e+01	2.517825e+02
2.240000e-06	3.447821e-06	3.787736e-09	2.449468e+01	2.475081e+02
2.250000e-06	3.308495e-06	3.718762e-09	2.350485e+01	2.430920e+02
2.260000e-06	3.167799e-06	3.651890e-09	2.250530e+01	2.385338e+02
2.270000e-06	3.025908e-06	3.585166e-09	2.149724e+01	2.338342e+02
2.280000e-06	2.882919e-06	3.514469e-09	2.048139e+01	2.289939e+02
2.290000e-06	2.738743e-06	3.439865e-09	1.945711e+01	2.240129e+02
2.300000e-06	2.593554e-06	3.360350e-09	1.842564e+01	2.188891e+02
2.310000e-06	2.447565e-06	3.279728e-09	1.738847e+01	2.136183e+02
2.320000e-06	2.300815e-06	3.198154e-09	1.634590e+01	2.081929e+02
2.330000e-06	2.153255e-06	3.110580e-09	1.529758e+01	2.026028e+02
2.340000e-06	2.004861e-06	3.016294e-09	1.424332e+01	1.968352e+02
2.350000e-06	1.855759e-06	2.920874e-09	1.318404e+01	1.908762e+02
2.360000e-06	1.706073e-06	2.828855e-09	1.212062e+01	1.847113e+02
2.370000e-06	1.555896e-06	2.733869e-09	1.105370e+01	1.783272e+02
2.380000e-06	1.405278e-06	2.633112e-09	9.983650e+00	1.717128e+02
2.390000e-06	1.254218e-06	2.527520e-09	8.910462e+00	1.648597e+02
2.400000e-06	1.102735e-06	2.419449e-09	7.834262e+00	1.577628e+02
2.410000e-06	9.509081e-07	2.309981e-09	6.755627e+00	1.504197e+02
2.420000e-06	7.988107e-07	2.197298e-09	5.675067e+00	1.428297e+02
2.430000e-06	6.463985e-07	2.079317e-09	4.592271e+00	1.349919e+02
2.440000e-06	4.936821e-07	1.953577e-09	3.507312e+00	1.269036e+02
2.450000e-06	3.407704e-07	1.823208e-09	2.420967e+00	1.185582e+02
2.460000e-06	1.877030e-07	1.693083e-09	1.333516e+00	1.099433e+02
2.470000e-06	3.451855e-08	1.561572e-09	2.452334e-01	1.010401e+02
2.480000e-06	-1.186947e-07	1.424134e-09	-8.432542e-01	9.182262e+01
2.490000e-06	-2.718656e-07	1.277909e-09	-1.931441e+00	8.225929e+01
2.500000e-06	-4.249058e-07	1.122749e-09	-3.018699e+00	7.231482e+01
2.510000e-06	-5.777502e-07	9.615452e-10	-4.104566e+00	6.195354e+01
2.520000e-06	-7.304350e-07	7.957656e-10	-5.189299e+00	5.114350e+01
2.530000e-06	-8.828958e-07	6.243926e-10	-6.272441e+00	3.986099e+01
2.540000e-06	-1.035001e-06	4.454145e-10	-7.353056e+00	2.809509e+01
2.550000e-06	-1.186725e-06	2.582759e-10	-8.430963e+00	1.585162e+01
2.560000e-06	-1.338016e-06	6.547488e-11	-9.505791e+00	3.156122e+00
2.570000e-06	-1.488884e-06	-1.333362e-10	-1.057762e+01	-9.944675e+00
2.580000e-06	-1.639343e-06	-3.405507e-10	-1.164654e+01	-2.338301e+01
2.590000e-06	-1.789237e-06	-5.545829e-10	-1.271144e+01	-3.707207e+01
2.600000e-06	-1.938392e-06	-7.709545e-10	-1.377110e+01	-5.090964e+01
2.610000e-06	-2.086763e-06	-9.867307e-10	-1.482519e+01	-6.478313e+01
2.620000e-06	-2.234368e-06	-1.201625e-09	-1.587383e+01	-7.857553e+01
2.630000e-06	-2.381121e-06	-1.414139e-09	-1.691643e+01	-9.217171e+01
2.640000e-06	-2.526922e-06	-1.621703e-09	-1.795225e+01	-1.054646e+02
2.650000e-06	-2.671749e-06	-1.821958e-09	-1.898116e+01	-1.183605e+02
2.660000e-06	-2.815518e-06	-2.010892e-09	-2.000255e+01	-1.307832e+02
2.670000e-06	-2.958249e-06	-2.185926e-09	-2.101657e+01	-1.426763e+02
2.680000e-06	-3.099803e-06	-2.352189e-09	-2.202223e+01	-1.540046e+02
2.690000e-06	-3.240117e-06	-2.515064e-09	-2.301907e+01	-1.647526e+02
2.700000e-06	-3.379211e-06	-2.673742e-09	-2.400725e+01	-1.749225e+02
2.710000e-06	-3.516970e-06	-2.824735e-09	-2.498595e+01	-1.845312e+02
2.720000e-06	-3.653434e-06	-2.965698e-09	-2.595544e+01	-1.936057e+02
2.730000e-06	-3.788592e-06	-3.097772e-09	-2.691566e+01	-2.021796e+02
2.740000e-06	-3.922351e-06	-3.221943e-09	-2.786593e+01	-2.102889e+02
2.750000e-06	-4.054698e-06	-3.340732e-09	-2.880618e+01	-2.179691e+02
2.760000e-06	-4.185647e-06	-3.453496e-09	-2.973649e+01	-2.252530e+02
2.770000e-06	-4.315142e-06	-3.558209e-09	-3.065647e+01	-2.321692e+02
2.780000e-06	-4.443201e-06	-3.656434e-09	-3.156626e+01	-2.387424e+02
2.790000e-06	-4.569718e-06	-3.750216e-09	-3.246508e+01	-2.449934e+02
2.800000e-06	-4.694575e-06	-3.840298e-09	-3.335212e+01	-2.509403e+02
2.810000e-06	-4.817804e-06	-3.926538e-09	-3.422758e+01	-2.565995e+02
2.820000e-06	-4.939342e-06	-4.008629e-09	-3.509104e+01	-2.619874e+02
2.830000e-06	-5.059101e-06	-4.085487e-09	-3.594185e+01	-2.671205e+02
2.840000e-06	-5.176911e-06	-4.159046e-09	-3.677882e+01	-2.720162e+02
2.850000e-06	-5.292599e-06	-4.230153e-09	-3.760071e+01	-2.766923e+02
2.860000e-06	-5.406061e-06	-4.300649e-09	-3.840679e+01	-2.811664e+02
2.870000e-06	-5.517284e-06	-4.369722e-09	-3.919697e+01	-2.854552e+02
2.880000e-06	-5.626487e-06	-4.433978e-09	-3.997278e+01	-2.895730e+02
2.890000e-06	-5.733850e-06	-4.494219e-09	-4.073554e+01	-2.935309e+02
2.900000e-06	-5.839279e-06	-4.552200e-09	-4.148455e+01	-2.973360e+02
2.910000e-06	-5.942547e-06	-4.609190e-09	-4.221820e+01	-3.009914e+02
2.920000e-06	-6.043524e-06	-4.664711e-09	-4.293558e+01	-3.044966e+02
2.930000e-06	-6.142296e-06	-4.716922e-09	-4.363730e+01	-3.078477e+02
2.940000e-06	-6.238989e-06	-4.765378e-09	-4.432424e+01	-3.110398e+02
2.950000e-06	-6.333414e-06	-4.811465e-09	-4.499508e+01	-3.140674e+02
2.960000e-06	-6.425469e-06	-4.856119e-09	-4.564907e+01	-3.169265e+02
2.970000e-06	-6.515237e-06	-4.899119e-09	-4.628682e+01	-3.196159e+02
2.980000e-06	-6.602778e-06	-4.938433e-09	-4.690875e+01	-3.221379e+02
2.990000e-06	-6.687989e-06	-4.971871e-09	-4.751411e+01	-3.244987e+02
3.000000e-06	-6.770772e-06	-5.004645e-09	-4.810224e+01	-3.267083e+02
3.010000e-06	-6.851146e-06	-5.038407e-09	-4.867325e+01	-3.287793e+02
3.020000e-06	-6.928961e-06	-5.070195e-09	-4.922607e+01	-3.307262e+02
3.030000e-06	-7.004063e-06	-5.100190e-09	-4.975963e+01	-3.325637e+02
3.040000e-06	-7.076495e-06	-5.127655e-09	-5.027422e+01	-3.343051e+02
3.050000e-06	-7.146327e-06	-5.153234e-09	-5.077033e+01	-3.359609e+02
3.060000e-06	-7.213634e-06	-5.176490e-09	-5.124850e+01	-3.375385e+02
3.070000e-06	-7.278470e-06	-5.198824e-09	-5.170913e+01	-3.390411e+02
3.080000e-06	-7.340711e-06	-5.220371e-09	-5.215131e+01	-3.404687e+02
3.090000e-06	-7.400309e-06	-5.239361e-09	-5.257472e+01	-3.418178e+02
3.100000e-06	-7.457263e-06	-5.257290e-09	-5.297934e+01	-3.430836e+02
3.110000e-06	-7.511468e-06	-5.275442e-09	-5.336444e+01	-3.442608e+02
3.120000e-06	-7.562730e-06	-5.293808e-09	-5.372862e+01	-3.453448e+02
3.130000e-06	-7.610876e-06	-5.311473e-09	-5.407067e+01	-3.463334e+02
3.140000e-06	-7.656236e-06	-5.325391e-09	-5.439292e+01	-3.472270e+02
3.150000e-06	-7.699226e-06	-5.336475e-09	-5.469834e+01	-3.480295e+02
3.160000e-06	-7.739647e-06	-5.347395e-09	-5.498551e+01	-3.487473e+02
3.170000e-06	-7.777204e-06	-5.356738e-09	-5.525233e+01	-3.493893e+02
3.180000e-06	-7.812020e-06	-5.364653e-09	-5.549967e+01	-3.499652e+02
3.190000e-06	-7.844082e-06	-5.370647e-09	-5.572746e+01	-3.504846e+02
3.200000e-06	-7.873242e-06	-5.377632e-09	-5.593462e+01	-3.509555e+02
3.210000e-06	-7.899572e-06	-5.384662e-09	-5.612168e+01	-3.513834e+02
3.220000e-06	-7.923069e-06	-5.390395e-09	-5.628861e+01	-3.517704e+02
3.230000e-06	-7.943720e-06	-5.394118e-09	-5.643532e+01	-3.521153e+02
3.240000e-06	-7.961607e-06	-5.395522e-09	-5.656240e+01	-3.524138e+02
3.250000e-06	-7.976535e-06	-5.396007e-09	-5.666845e+01	-3.526593e+02
3.260000e-06	-7.988291e-06	-5.395984e-09	-5.675198e+01	-3.528440e+02
3.270000e-06	-7.997029e-06	-5.396592e-09	-5.681406e+01	-3.529606e+02
3.280000e-06	-8.002861e-06	-5.396292e-09	-5.685549e+01	-3.530031e+02
3.290000e-06	-8.005910e-06	-5.394988e-09	-5.687715e+01	-3.529684e+02
3.300000e-06	-8.006251e-06	-5.393880e-09	-5.687957e+01	-3.528567e+02
