# Temperatura_=_71.63
# Concentracion g/m^3_=_10000.0
# C_Vs_to_Am_M_A/Vsm_=_65563218390.804596
# pendiente_HvsI_1/m_=_3716.3
# ordenada_HvsI_A/m_=_1297.0
# frecuencia_Hz_=_302624.0901316786

Tiempo_(s)	Campo_(V.s)	Magnetizacion_(V.s)	Campo_(kA/m)	Magnetizacion_(A/m)
0.000000e+00	-7.932729e-06	-1.079897e-08	-5.681696e+01	-7.077184e+02
1.000000e-08	-7.928363e-06	-1.079852e-08	-5.678569e+01	-7.072811e+02
2.000000e-08	-7.921512e-06	-1.078981e-08	-5.673662e+01	-7.067219e+02
3.000000e-08	-7.911889e-06	-1.077938e-08	-5.666770e+01	-7.060527e+02
4.000000e-08	-7.899328e-06	-1.076763e-08	-5.657774e+01	-7.052852e+02
5.000000e-08	-7.883838e-06	-1.075195e-08	-5.646679e+01	-7.044296e+02
6.000000e-08	-7.865657e-06	-1.073500e-08	-5.633657e+01	-7.034935e+02
7.000000e-08	-7.845217e-06	-1.072017e-08	-5.619017e+01	-7.024818e+02
8.000000e-08	-7.822274e-06	-1.073186e-08	-5.602584e+01	-7.013967e+02
9.000000e-08	-7.796214e-06	-1.076768e-08	-5.583920e+01	-7.002370e+02
1.000000e-07	-7.766951e-06	-1.071784e-08	-5.562960e+01	-6.989998e+02
1.100000e-07	-7.734852e-06	-1.064558e-08	-5.539970e+01	-6.976801e+02
1.200000e-07	-7.700084e-06	-1.061637e-08	-5.515068e+01	-6.962717e+02
1.300000e-07	-7.662785e-06	-1.058251e-08	-5.488353e+01	-6.947677e+02
1.400000e-07	-7.623233e-06	-1.053233e-08	-5.460024e+01	-6.931609e+02
1.500000e-07	-7.581448e-06	-1.052231e-08	-5.430097e+01	-6.914435e+02
1.600000e-07	-7.537086e-06	-1.055991e-08	-5.398323e+01	-6.896075e+02
1.700000e-07	-7.490012e-06	-1.046177e-08	-5.364607e+01	-6.876446e+02
1.800000e-07	-7.440179e-06	-1.041517e-08	-5.328915e+01	-6.855464e+02
1.900000e-07	-7.387375e-06	-1.042536e-08	-5.291095e+01	-6.833041e+02
2.000000e-07	-7.331706e-06	-1.033913e-08	-5.251223e+01	-6.809094e+02
2.100000e-07	-7.273346e-06	-1.033074e-08	-5.209424e+01	-6.783547e+02
2.200000e-07	-7.212399e-06	-1.029975e-08	-5.165771e+01	-6.756341e+02
2.300000e-07	-7.148853e-06	-1.024426e-08	-5.120257e+01	-6.727436e+02
2.400000e-07	-7.082532e-06	-1.019634e-08	-5.072756e+01	-6.696820e+02
2.500000e-07	-7.013531e-06	-1.012955e-08	-5.023335e+01	-6.664513e+02
2.600000e-07	-6.941851e-06	-1.009319e-08	-4.971995e+01	-6.630566e+02
2.700000e-07	-6.867407e-06	-1.003395e-08	-4.918676e+01	-6.595056e+02
2.800000e-07	-6.790193e-06	-9.978745e-09	-4.863373e+01	-6.558081e+02
2.900000e-07	-6.710167e-06	-9.919014e-09	-4.806055e+01	-6.519745e+02
3.000000e-07	-6.627668e-06	-9.880718e-09	-4.746966e+01	-6.480143e+02
3.100000e-07	-6.542997e-06	-9.823686e-09	-4.686322e+01	-6.439355e+02
3.200000e-07	-6.455989e-06	-9.730259e-09	-4.624004e+01	-6.397422e+02
3.300000e-07	-6.366604e-06	-9.681177e-09	-4.559983e+01	-6.354350e+02
3.400000e-07	-6.274949e-06	-9.616146e-09	-4.494337e+01	-6.310097e+02
3.500000e-07	-6.181075e-06	-9.544173e-09	-4.427101e+01	-6.264585e+02
3.600000e-07	-6.084884e-06	-9.476624e-09	-4.358206e+01	-6.217703e+02
3.700000e-07	-5.986390e-06	-9.409714e-09	-4.287660e+01	-6.169324e+02
3.800000e-07	-5.885776e-06	-9.328468e-09	-4.215598e+01	-6.119321e+02
3.900000e-07	-5.783103e-06	-9.234930e-09	-4.142059e+01	-6.067585e+02
4.000000e-07	-5.678384e-06	-9.158537e-09	-4.067056e+01	-6.014039e+02
4.100000e-07	-5.571618e-06	-9.078237e-09	-3.990587e+01	-5.958647e+02
4.200000e-07	-5.462902e-06	-8.996997e-09	-3.912720e+01	-5.901414e+02
4.300000e-07	-5.352330e-06	-8.904307e-09	-3.833525e+01	-5.842389e+02
4.400000e-07	-5.239734e-06	-8.816333e-09	-3.752879e+01	-5.781643e+02
4.500000e-07	-5.125023e-06	-8.720012e-09	-3.670720e+01	-5.719260e+02
4.600000e-07	-5.008390e-06	-8.614407e-09	-3.587183e+01	-5.655312e+02
4.700000e-07	-4.889945e-06	-8.515840e-09	-3.502348e+01	-5.589842e+02
4.800000e-07	-4.769661e-06	-8.423574e-09	-3.416197e+01	-5.522847e+02
4.900000e-07	-4.647610e-06	-8.324531e-09	-3.328780e+01	-5.454267e+02
5.000000e-07	-4.523901e-06	-8.211684e-09	-3.240176e+01	-5.383991e+02
5.100000e-07	-4.398600e-06	-8.097274e-09	-3.150430e+01	-5.311856e+02
5.200000e-07	-4.271662e-06	-7.979074e-09	-3.059513e+01	-5.237671e+02
5.300000e-07	-4.143085e-06	-7.857333e-09	-2.967422e+01	-5.161232e+02
5.400000e-07	-4.012985e-06	-7.731889e-09	-2.874240e+01	-5.082354e+02
5.500000e-07	-3.881414e-06	-7.611015e-09	-2.780004e+01	-5.000887e+02
5.600000e-07	-3.748397e-06	-7.488657e-09	-2.684732e+01	-4.916737e+02
5.700000e-07	-3.613952e-06	-7.359177e-09	-2.588438e+01	-4.829872e+02
5.800000e-07	-3.478076e-06	-7.223279e-09	-2.491119e+01	-4.740321e+02
5.900000e-07	-3.340780e-06	-7.083124e-09	-2.392783e+01	-4.648160e+02
6.000000e-07	-3.202170e-06	-6.938157e-09	-2.293505e+01	-4.553491e+02
6.100000e-07	-3.062312e-06	-6.786738e-09	-2.193334e+01	-4.456412e+02
6.200000e-07	-2.921184e-06	-6.635458e-09	-2.092253e+01	-4.356983e+02
6.300000e-07	-2.778740e-06	-6.480698e-09	-1.990231e+01	-4.255207e+02
6.400000e-07	-2.635168e-06	-6.318966e-09	-1.887399e+01	-4.151000e+02
6.500000e-07	-2.490683e-06	-6.151779e-09	-1.783914e+01	-4.044191e+02
6.600000e-07	-2.345391e-06	-5.982000e-09	-1.679850e+01	-3.934526e+02
6.700000e-07	-2.199352e-06	-5.808796e-09	-1.575252e+01	-3.821686e+02
6.800000e-07	-2.052524e-06	-5.630987e-09	-1.470089e+01	-3.705317e+02
6.900000e-07	-1.905004e-06	-5.449356e-09	-1.364430e+01	-3.585071e+02
7.000000e-07	-1.756892e-06	-5.261117e-09	-1.258347e+01	-3.460641e+02
7.100000e-07	-1.608272e-06	-5.063692e-09	-1.151901e+01	-3.331796e+02
7.200000e-07	-1.459151e-06	-4.858454e-09	-1.045095e+01	-3.198397e+02
7.300000e-07	-1.309513e-06	-4.649670e-09	-9.379188e+00	-3.060403e+02
7.400000e-07	-1.159441e-06	-4.434759e-09	-8.304323e+00	-2.917855e+02
7.500000e-07	-1.008947e-06	-4.214457e-09	-7.226431e+00	-2.770838e+02
7.600000e-07	-8.580786e-07	-3.989033e-09	-6.145857e+00	-2.619433e+02
7.700000e-07	-7.069447e-07	-3.754238e-09	-5.063383e+00	-2.463654e+02
7.800000e-07	-5.555727e-07	-3.508986e-09	-3.979205e+00	-2.303392e+02
7.900000e-07	-4.039807e-07	-3.255451e-09	-2.893450e+00	-2.138358e+02
8.000000e-07	-2.521555e-07	-2.993458e-09	-1.806026e+00	-1.968055e+02
8.100000e-07	-1.001797e-07	-2.720255e-09	-7.175220e-01	-1.791772e+02
8.200000e-07	5.182399e-08	-2.437233e-09	3.711814e-01	-1.608609e+02
8.300000e-07	2.038427e-07	-2.145182e-09	1.459992e+00	-1.417537e+02
8.400000e-07	3.557738e-07	-1.839709e-09	2.548175e+00	-1.217492e+02
8.500000e-07	5.076141e-07	-1.518375e-09	3.635708e+00	-1.007481e+02
8.600000e-07	6.593256e-07	-1.183547e-09	4.722319e+00	-7.867143e+01
8.700000e-07	8.108482e-07	-8.349796e-10	5.807577e+00	-5.547283e+01
8.800000e-07	9.621064e-07	-4.689455e-10	6.890941e+00	-3.114944e+01
8.900000e-07	1.113015e-06	-8.504576e-11	7.971803e+00	-5.750135e+00
9.000000e-07	1.263519e-06	3.129432e-10	9.049764e+00	2.062028e+01
9.100000e-07	1.413547e-06	7.244259e-10	1.012431e+01	4.780154e+01
9.200000e-07	1.563059e-06	1.150252e-09	1.119517e+01	7.558324e+01
9.300000e-07	1.711976e-06	1.584639e-09	1.226177e+01	1.037148e+02
9.400000e-07	1.860264e-06	2.019042e-09	1.332386e+01	1.319190e+02
9.500000e-07	2.007936e-06	2.447618e-09	1.438154e+01	1.599084e+02
9.600000e-07	2.154925e-06	2.868094e-09	1.543432e+01	1.874025e+02
9.700000e-07	2.301076e-06	3.276255e-09	1.648111e+01	2.141440e+02
9.800000e-07	2.446355e-06	3.664311e-09	1.752165e+01	2.399138e+02
9.900000e-07	2.590736e-06	4.033518e-09	1.855575e+01	2.645416e+02
1.000000e-06	2.734138e-06	4.384370e-09	1.958285e+01	2.879123e+02
1.010000e-06	2.876505e-06	4.715801e-09	2.060253e+01	3.099679e+02
1.020000e-06	3.017639e-06	5.028936e-09	2.161338e+01	3.307047e+02
1.030000e-06	3.157482e-06	5.326250e-09	2.261498e+01	3.501656e+02
1.040000e-06	3.296149e-06	5.605539e-09	2.360817e+01	3.684305e+02
1.050000e-06	3.433604e-06	5.865220e-09	2.459266e+01	3.856033e+02
1.060000e-06	3.569754e-06	6.110620e-09	2.556782e+01	4.018002e+02
1.070000e-06	3.704533e-06	6.347015e-09	2.653316e+01	4.171374e+02
1.080000e-06	3.837941e-06	6.572306e-09	2.748867e+01	4.317214e+02
1.090000e-06	3.969979e-06	6.785078e-09	2.843437e+01	4.456421e+02
1.100000e-06	4.100602e-06	6.988592e-09	2.936994e+01	4.589688e+02
1.110000e-06	4.229794e-06	7.183040e-09	3.029526e+01	4.717495e+02
1.120000e-06	4.357505e-06	7.368217e-09	3.120996e+01	4.840134e+02
1.130000e-06	4.483698e-06	7.543854e-09	3.211380e+01	4.957742e+02
1.140000e-06	4.608334e-06	7.711411e-09	3.300649e+01	5.070362e+02
1.150000e-06	4.731335e-06	7.872259e-09	3.388746e+01	5.177995e+02
1.160000e-06	4.852716e-06	8.028181e-09	3.475684e+01	5.280653e+02
1.170000e-06	4.972383e-06	8.177455e-09	3.561394e+01	5.378398e+02
1.180000e-06	5.090217e-06	8.318534e-09	3.645791e+01	5.471362e+02
1.190000e-06	5.206143e-06	8.452344e-09	3.728821e+01	5.559758e+02
1.200000e-06	5.320016e-06	8.581386e-09	3.810381e+01	5.643864e+02
1.210000e-06	5.431808e-06	8.707061e-09	3.890450e+01	5.724008e+02
1.220000e-06	5.541631e-06	8.828475e-09	3.969109e+01	5.800532e+02
1.230000e-06	5.649562e-06	8.945376e-09	4.046413e+01	5.873769e+02
1.240000e-06	5.755500e-06	9.055651e-09	4.122290e+01	5.944012e+02
1.250000e-06	5.859294e-06	9.160541e-09	4.196630e+01	6.011495e+02
1.260000e-06	5.960924e-06	9.260218e-09	4.269421e+01	6.076392e+02
1.270000e-06	6.060379e-06	9.352100e-09	4.340654e+01	6.138812e+02
1.280000e-06	6.157544e-06	9.438542e-09	4.410247e+01	6.198814e+02
1.290000e-06	6.252385e-06	9.522926e-09	4.478175e+01	6.256426e+02
1.300000e-06	6.344979e-06	9.607020e-09	4.544495e+01	6.311665e+02
1.310000e-06	6.435350e-06	9.688722e-09	4.609221e+01	6.364557e+02
1.320000e-06	6.523391e-06	9.767855e-09	4.672279e+01	6.415147e+02
1.330000e-06	6.609117e-06	9.844567e-09	4.733680e+01	6.463513e+02
1.340000e-06	6.692605e-06	9.917007e-09	4.793476e+01	6.509759e+02
1.350000e-06	6.773704e-06	9.984155e-09	4.851563e+01	6.554012e+02
1.360000e-06	6.852275e-06	1.004728e-08	4.907838e+01	6.596401e+02
1.370000e-06	6.928322e-06	1.010860e-08	4.962305e+01	6.637048e+02
1.380000e-06	7.001766e-06	1.016897e-08	5.014908e+01	6.676044e+02
1.390000e-06	7.072579e-06	1.022797e-08	5.065627e+01	6.713442e+02
1.400000e-06	7.140888e-06	1.028462e-08	5.114552e+01	6.749248e+02
1.410000e-06	7.206646e-06	1.033901e-08	5.161651e+01	6.783420e+02
1.420000e-06	7.269818e-06	1.038887e-08	5.206896e+01	6.815881e+02
1.430000e-06	7.330510e-06	1.043350e-08	5.250366e+01	6.846530e+02
1.440000e-06	7.388674e-06	1.047433e-08	5.292025e+01	6.875261e+02
1.450000e-06	7.444209e-06	1.051313e-08	5.331801e+01	6.901986e+02
1.460000e-06	7.496941e-06	1.054988e-08	5.369570e+01	6.926650e+02
1.470000e-06	7.546641e-06	1.058529e-08	5.405167e+01	6.949243e+02
1.480000e-06	7.593439e-06	1.061822e-08	5.438685e+01	6.969811e+02
1.490000e-06	7.637616e-06	1.064580e-08	5.470326e+01	6.988448e+02
1.500000e-06	7.679018e-06	1.067142e-08	5.499980e+01	7.005293e+02
1.510000e-06	7.717591e-06	1.069736e-08	5.527607e+01	7.020508e+02
1.520000e-06	7.753557e-06	1.072283e-08	5.553367e+01	7.034265e+02
1.530000e-06	7.786795e-06	1.074530e-08	5.577174e+01	7.046723e+02
1.540000e-06	7.817245e-06	1.076330e-08	5.598983e+01	7.058009e+02
1.550000e-06	7.845006e-06	1.077793e-08	5.618866e+01	7.068209e+02
1.560000e-06	7.869872e-06	1.078987e-08	5.636676e+01	7.077358e+02
1.570000e-06	7.891818e-06	1.080149e-08	5.652394e+01	7.085442e+02
1.580000e-06	7.911058e-06	1.081318e-08	5.666175e+01	7.092408e+02
1.590000e-06	7.927433e-06	1.082267e-08	5.677903e+01	7.098171e+02
1.600000e-06	7.940775e-06	1.082908e-08	5.687460e+01	7.102639e+02
1.610000e-06	7.951003e-06	1.083279e-08	5.694785e+01	7.105723e+02
1.620000e-06	7.958170e-06	1.083651e-08	5.699918e+01	7.107357e+02
1.630000e-06	7.962547e-06	1.084072e-08	5.703053e+01	7.107507e+02
1.640000e-06	7.964079e-06	1.084364e-08	5.704150e+01	7.106179e+02
1.650000e-06	7.962828e-06	1.084321e-08	5.703255e+01	7.103421e+02
1.660000e-06	7.959039e-06	1.083370e-08	5.700540e+01	7.099312e+02
1.670000e-06	7.952536e-06	1.082749e-08	5.695883e+01	7.093959e+02
1.680000e-06	7.943341e-06	1.082115e-08	5.689297e+01	7.087481e+02
1.690000e-06	7.931465e-06	1.081102e-08	5.680791e+01	7.079996e+02
1.700000e-06	7.916768e-06	1.079897e-08	5.670265e+01	7.071609e+02
1.710000e-06	7.899524e-06	1.078388e-08	5.657914e+01	7.062403e+02
1.720000e-06	7.880016e-06	1.076266e-08	5.643941e+01	7.052434e+02
1.730000e-06	7.857979e-06	1.068431e-08	5.628158e+01	7.041728e+02
1.740000e-06	7.832779e-06	1.063058e-08	5.610109e+01	7.030281e+02
1.750000e-06	7.803993e-06	1.067469e-08	5.589491e+01	7.018067e+02
1.760000e-06	7.771893e-06	1.068466e-08	5.566500e+01	7.005039e+02
1.770000e-06	7.737238e-06	1.066489e-08	5.541679e+01	6.991139e+02
1.780000e-06	7.700224e-06	1.067876e-08	5.515168e+01	6.976298e+02
1.790000e-06	7.660946e-06	1.067392e-08	5.487036e+01	6.960445e+02
1.800000e-06	7.619689e-06	1.055208e-08	5.457486e+01	6.943503e+02
1.810000e-06	7.576037e-06	1.056495e-08	5.426222e+01	6.925392e+02
1.820000e-06	7.529702e-06	1.058720e-08	5.393034e+01	6.906030e+02
1.830000e-06	7.480664e-06	1.052385e-08	5.357912e+01	6.885333e+02
1.840000e-06	7.428655e-06	1.055790e-08	5.320661e+01	6.863214e+02
1.850000e-06	7.373761e-06	1.043950e-08	5.281344e+01	6.839588e+02
1.860000e-06	7.316171e-06	1.041716e-08	5.240096e+01	6.814379e+02
1.870000e-06	7.255926e-06	1.037332e-08	5.196947e+01	6.787520e+02
1.880000e-06	7.192976e-06	1.030157e-08	5.151859e+01	6.758969e+02
1.890000e-06	7.127289e-06	1.034059e-08	5.104812e+01	6.728707e+02
1.900000e-06	7.058895e-06	1.023747e-08	5.055826e+01	6.696747e+02
1.910000e-06	6.987612e-06	1.020234e-08	5.004771e+01	6.663134e+02
1.920000e-06	6.913603e-06	1.013243e-08	4.951763e+01	6.627940e+02
1.930000e-06	6.836947e-06	1.007368e-08	4.896859e+01	6.591258e+02
1.940000e-06	6.757552e-06	1.002074e-08	4.839994e+01	6.553193e+02
1.950000e-06	6.675635e-06	9.928079e-09	4.781322e+01	6.513843e+02
1.960000e-06	6.591223e-06	9.923984e-09	4.720863e+01	6.473292e+02
1.970000e-06	6.504368e-06	9.829653e-09	4.658655e+01	6.431591e+02
1.980000e-06	6.415186e-06	9.779638e-09	4.594779e+01	6.388752e+02
1.990000e-06	6.323808e-06	9.715530e-09	4.529331e+01	6.344746e+02
2.000000e-06	6.230191e-06	9.630502e-09	4.462280e+01	6.299501e+02
2.010000e-06	6.134267e-06	9.545937e-09	4.393575e+01	6.252911e+02
2.020000e-06	6.036163e-06	9.457592e-09	4.323310e+01	6.204851e+02
2.030000e-06	5.935913e-06	9.413122e-09	4.251507e+01	6.155195e+02
2.040000e-06	5.833534e-06	9.332141e-09	4.178180e+01	6.103826e+02
2.050000e-06	5.729087e-06	9.256966e-09	4.103371e+01	6.050661e+02
2.060000e-06	5.622720e-06	9.153985e-09	4.027187e+01	5.995653e+02
2.070000e-06	5.514400e-06	9.063215e-09	3.949605e+01	5.938800e+02
2.080000e-06	5.404122e-06	8.964398e-09	3.870620e+01	5.880141e+02
2.090000e-06	5.291933e-06	8.880809e-09	3.790267e+01	5.819745e+02
2.100000e-06	5.177780e-06	8.804990e-09	3.708506e+01	5.757695e+02
2.110000e-06	5.061571e-06	8.711324e-09	3.625273e+01	5.694065e+02
2.120000e-06	4.943355e-06	8.606544e-09	3.540603e+01	5.628908e+02
2.130000e-06	4.823278e-06	8.494249e-09	3.454600e+01	5.562230e+02
2.140000e-06	4.701407e-06	8.391336e-09	3.367311e+01	5.493986e+02
2.150000e-06	4.577811e-06	8.279486e-09	3.278788e+01	5.424074e+02
2.160000e-06	4.452446e-06	8.173882e-09	3.188996e+01	5.352341e+02
2.170000e-06	4.325462e-06	8.061480e-09	3.098046e+01	5.278600e+02
2.180000e-06	4.196977e-06	7.949372e-09	3.006021e+01	5.202649e+02
2.190000e-06	4.067003e-06	7.826105e-09	2.912929e+01	5.124296e+02
2.200000e-06	3.935553e-06	7.701999e-09	2.818780e+01	5.043382e+02
2.210000e-06	3.802514e-06	7.572928e-09	2.723493e+01	4.959799e+02
2.220000e-06	3.667993e-06	7.441021e-09	2.627144e+01	4.873503e+02
2.230000e-06	3.532280e-06	7.307248e-09	2.529942e+01	4.784511e+02
2.240000e-06	3.395265e-06	7.172803e-09	2.431807e+01	4.692889e+02
2.250000e-06	3.256857e-06	7.035108e-09	2.332674e+01	4.598737e+02
2.260000e-06	3.117205e-06	6.885780e-09	2.232651e+01	4.502155e+02
2.270000e-06	2.976282e-06	6.730600e-09	2.131717e+01	4.403216e+02
2.280000e-06	2.834180e-06	6.571213e-09	2.029939e+01	4.301934e+02
2.290000e-06	2.691052e-06	6.414926e-09	1.927425e+01	4.198248e+02
2.300000e-06	2.547077e-06	6.257538e-09	1.824305e+01	4.092004e+02
2.310000e-06	2.402212e-06	6.098188e-09	1.720548e+01	3.982964e+02
2.320000e-06	2.256375e-06	5.928224e-09	1.616095e+01	3.870821e+02
2.330000e-06	2.109778e-06	5.747150e-09	1.511096e+01	3.755226e+02
2.340000e-06	1.962487e-06	5.559391e-09	1.405601e+01	3.635827e+02
2.350000e-06	1.814540e-06	5.370590e-09	1.299637e+01	3.512304e+02
2.360000e-06	1.666009e-06	5.177428e-09	1.193253e+01	3.384408e+02
2.370000e-06	1.516923e-06	4.974335e-09	1.086473e+01	3.251980e+02
2.380000e-06	1.367332e-06	4.766278e-09	9.793305e+00	3.114958e+02
2.390000e-06	1.217243e-06	4.552864e-09	8.718317e+00	2.973367e+02
2.400000e-06	1.066653e-06	4.330685e-09	7.639742e+00	2.827288e+02
2.410000e-06	9.157330e-07	4.099283e-09	6.558799e+00	2.676807e+02
2.420000e-06	7.645937e-07	3.862220e-09	5.476286e+00	2.521958e+02
2.430000e-06	6.132301e-07	3.619754e-09	4.392167e+00	2.362662e+02
2.440000e-06	4.616797e-07	3.370619e-09	3.306710e+00	2.198673e+02
2.450000e-06	3.099975e-07	3.113334e-09	2.220310e+00	2.029540e+02
2.460000e-06	1.582494e-07	2.844212e-09	1.133437e+00	1.854596e+02
2.470000e-06	6.484898e-09	2.560780e-09	4.644710e-02	1.672979e+02
2.480000e-06	-1.453000e-07	2.265663e-09	-1.040689e+00	1.483680e+02
2.490000e-06	-2.970997e-07	1.961461e-09	-2.127932e+00	1.285633e+02
2.500000e-06	-4.488369e-07	1.645043e-09	-3.214726e+00	1.077821e+02
2.510000e-06	-6.004518e-07	1.313277e-09	-4.300645e+00	8.593997e+01
2.520000e-06	-7.519113e-07	9.660689e-10	-5.385450e+00	6.298247e+01
2.530000e-06	-9.031780e-07	6.029355e-10	-6.468875e+00	3.889665e+01
2.540000e-06	-1.054173e-06	2.243731e-10	-7.550354e+00	1.371982e+01
2.550000e-06	-1.204805e-06	-1.683358e-10	-8.629235e+00	-1.245535e+01
2.560000e-06	-1.354995e-06	-5.770497e-10	-9.704947e+00	-3.948017e+01
2.570000e-06	-1.504679e-06	-1.001986e-09	-1.077704e+01	-6.715431e+01
2.580000e-06	-1.653805e-06	-1.439668e-09	-1.184513e+01	-9.523474e+01
2.590000e-06	-1.802347e-06	-1.880347e-09	-1.290904e+01	-1.234487e+02
2.600000e-06	-1.950199e-06	-2.317481e-09	-1.396801e+01	-1.515095e+02
2.610000e-06	-2.097222e-06	-2.746968e-09	-1.502103e+01	-1.791335e+02
2.620000e-06	-2.243401e-06	-3.162033e-09	-1.606802e+01	-2.060574e+02
2.630000e-06	-2.388768e-06	-3.557287e-09	-1.710919e+01	-2.320528e+02
2.640000e-06	-2.533238e-06	-3.931943e-09	-1.814393e+01	-2.569381e+02
2.650000e-06	-2.676756e-06	-4.287099e-09	-1.917186e+01	-2.805862e+02
2.660000e-06	-2.819229e-06	-4.622721e-09	-2.019230e+01	-3.029269e+02
2.670000e-06	-2.960535e-06	-4.941670e-09	-2.120438e+01	-3.239453e+02
2.680000e-06	-3.100690e-06	-5.244372e-09	-2.220822e+01	-3.436752e+02
2.690000e-06	-3.239642e-06	-5.529709e-09	-2.320344e+01	-3.621894e+02
2.700000e-06	-3.377333e-06	-5.799734e-09	-2.418963e+01	-3.795879e+02
2.710000e-06	-3.513731e-06	-6.056829e-09	-2.516656e+01	-3.959852e+02
2.720000e-06	-3.648872e-06	-6.301423e-09	-2.613449e+01	-4.114984e+02
2.730000e-06	-3.782740e-06	-6.530829e-09	-2.709330e+01	-4.262368e+02
2.740000e-06	-3.915243e-06	-6.745747e-09	-2.804233e+01	-4.402942e+02
2.750000e-06	-4.046296e-06	-6.951067e-09	-2.898098e+01	-4.537446e+02
2.760000e-06	-4.175859e-06	-7.148653e-09	-2.990896e+01	-4.666405e+02
2.770000e-06	-4.303969e-06	-7.337179e-09	-3.082652e+01	-4.790147e+02
2.780000e-06	-4.430624e-06	-7.515597e-09	-3.173367e+01	-4.908839e+02
2.790000e-06	-4.555798e-06	-7.686170e-09	-3.263021e+01	-5.022539e+02
2.800000e-06	-4.679362e-06	-7.850967e-09	-3.351521e+01	-5.131253e+02
2.810000e-06	-4.801244e-06	-8.009341e-09	-3.438818e+01	-5.234986e+02
2.820000e-06	-4.921405e-06	-8.159527e-09	-3.524882e+01	-5.333787e+02
2.830000e-06	-5.039707e-06	-8.304065e-09	-3.609613e+01	-5.427772e+02
2.840000e-06	-5.155989e-06	-8.443048e-09	-3.692898e+01	-5.517137e+02
2.850000e-06	-5.270092e-06	-8.573597e-09	-3.774623e+01	-5.602148e+02
2.860000e-06	-5.382095e-06	-8.695141e-09	-3.854844e+01	-5.683124e+02
2.870000e-06	-5.492134e-06	-8.810501e-09	-3.933658e+01	-5.760408e+02
2.880000e-06	-5.600251e-06	-8.924676e-09	-4.011094e+01	-5.834335e+02
2.890000e-06	-5.706458e-06	-9.034877e-09	-4.087164e+01	-5.905209e+02
2.900000e-06	-5.810629e-06	-9.139545e-09	-4.161774e+01	-5.973279e+02
2.910000e-06	-5.912609e-06	-9.238198e-09	-4.234816e+01	-6.038731e+02
2.920000e-06	-6.012381e-06	-9.332299e-09	-4.306276e+01	-6.101686e+02
2.930000e-06	-6.110014e-06	-9.422989e-09	-4.376205e+01	-6.162215e+02
2.940000e-06	-6.205490e-06	-9.509551e-09	-4.444588e+01	-6.220350e+02
2.950000e-06	-6.298646e-06	-9.592385e-09	-4.511309e+01	-6.276108e+02
2.960000e-06	-6.389522e-06	-9.670172e-09	-4.576398e+01	-6.329511e+02
2.970000e-06	-6.478195e-06	-9.745289e-09	-4.639908e+01	-6.380601e+02
2.980000e-06	-6.564465e-06	-9.819777e-09	-4.701698e+01	-6.429448e+02
2.990000e-06	-6.648261e-06	-9.894051e-09	-4.761715e+01	-6.476150e+02
3.000000e-06	-6.729741e-06	-9.966763e-09	-4.820075e+01	-6.520831e+02
3.010000e-06	-6.808820e-06	-1.003632e-08	-4.876713e+01	-6.563621e+02
3.020000e-06	-6.885202e-06	-1.010160e-08	-4.931421e+01	-6.604644e+02
3.030000e-06	-6.958988e-06	-1.016312e-08	-4.984269e+01	-6.644000e+02
3.040000e-06	-7.030320e-06	-1.021987e-08	-5.035359e+01	-6.681750e+02
3.050000e-06	-7.099097e-06	-1.027130e-08	-5.084620e+01	-6.717911e+02
3.060000e-06	-7.165341e-06	-1.032128e-08	-5.132067e+01	-6.752451e+02
3.070000e-06	-7.229121e-06	-1.036979e-08	-5.177748e+01	-6.785299e+02
3.080000e-06	-7.290263e-06	-1.041528e-08	-5.221540e+01	-6.816357e+02
3.090000e-06	-7.348758e-06	-1.045760e-08	-5.263436e+01	-6.845519e+02
3.100000e-06	-7.404629e-06	-1.049831e-08	-5.303453e+01	-6.872692e+02
3.110000e-06	-7.457658e-06	-1.053635e-08	-5.341434e+01	-6.897812e+02
3.120000e-06	-7.507675e-06	-1.057083e-08	-5.377258e+01	-6.920859e+02
3.130000e-06	-7.554674e-06	-1.060308e-08	-5.410920e+01	-6.941866e+02
3.140000e-06	-7.599072e-06	-1.063188e-08	-5.442720e+01	-6.960919e+02
3.150000e-06	-7.641062e-06	-1.065767e-08	-5.472794e+01	-6.978146e+02
3.160000e-06	-7.680435e-06	-1.068181e-08	-5.500994e+01	-6.993708e+02
3.170000e-06	-7.717054e-06	-1.070301e-08	-5.527223e+01	-7.007776e+02
3.180000e-06	-7.750961e-06	-1.072075e-08	-5.551508e+01	-7.020511e+02
3.190000e-06	-7.782084e-06	-1.073845e-08	-5.573799e+01	-7.032052e+02
3.200000e-06	-7.810329e-06	-1.075740e-08	-5.594029e+01	-7.042491e+02
3.210000e-06	-7.835841e-06	-1.077482e-08	-5.612302e+01	-7.051877e+02
3.220000e-06	-7.858528e-06	-1.078754e-08	-5.628551e+01	-7.060205e+02
3.230000e-06	-7.878335e-06	-1.079435e-08	-5.642737e+01	-7.067428e+02
3.240000e-06	-7.895326e-06	-1.079669e-08	-5.654907e+01	-7.073469e+02
3.250000e-06	-7.909289e-06	-1.079735e-08	-5.664907e+01	-7.078234e+02
3.260000e-06	-7.920168e-06	-1.079779e-08	-5.672700e+01	-7.081633e+02
3.270000e-06	-7.928131e-06	-1.079900e-08	-5.678403e+01	-7.083594e+02
3.280000e-06	-7.933232e-06	-1.079940e-08	-5.682056e+01	-7.084075e+02
3.290000e-06	-7.935585e-06	-1.079711e-08	-5.683742e+01	-7.083073e+02
3.300000e-06	-7.935193e-06	-1.079577e-08	-5.683461e+01	-7.080627e+02
