# Temperatura_=_58.54
# Concentracion g/m^3_=_10000.0
# C_Vs_to_Am_M_A/Vsm_=_65563218390.804596
# pendiente_HvsI_1/m_=_3716.3
# ordenada_HvsI_A/m_=_1297.0
# frecuencia_Hz_=_302622.43704541825

Tiempo_(s)	Campo_(V.s)	Magnetizacion_(V.s)	Campo_(kA/m)	Magnetizacion_(A/m)
0.000000e+00	-7.886995e-06	-9.556166e-09	-5.683782e+01	-6.265631e+02
1.000000e-08	-7.884642e-06	-9.565041e-09	-5.682087e+01	-6.262624e+02
2.000000e-08	-7.879627e-06	-9.563122e-09	-5.678472e+01	-6.258458e+02
3.000000e-08	-7.872127e-06	-9.556569e-09	-5.673068e+01	-6.253274e+02
4.000000e-08	-7.861860e-06	-9.546945e-09	-5.665669e+01	-6.247230e+02
5.000000e-08	-7.848671e-06	-9.529938e-09	-5.656164e+01	-6.240474e+02
6.000000e-08	-7.832546e-06	-9.509375e-09	-5.644544e+01	-6.233137e+02
7.000000e-08	-7.813847e-06	-9.491784e-09	-5.631068e+01	-6.225308e+02
8.000000e-08	-7.792946e-06	-9.479445e-09	-5.616006e+01	-6.217031e+02
9.000000e-08	-7.769417e-06	-9.555433e-09	-5.599050e+01	-6.208299e+02
1.000000e-07	-7.742690e-06	-9.561853e-09	-5.579789e+01	-6.199057e+02
1.100000e-07	-7.712826e-06	-9.464321e-09	-5.558267e+01	-6.189210e+02
1.200000e-07	-7.680198e-06	-9.421487e-09	-5.534754e+01	-6.178634e+02
1.300000e-07	-7.644882e-06	-9.402149e-09	-5.509303e+01	-6.167191e+02
1.400000e-07	-7.607083e-06	-9.347565e-09	-5.482063e+01	-6.154742e+02
1.500000e-07	-7.567177e-06	-9.275724e-09	-5.453305e+01	-6.141161e+02
1.600000e-07	-7.525073e-06	-9.395778e-09	-5.422962e+01	-6.126343e+02
1.700000e-07	-7.480353e-06	-9.368681e-09	-5.390735e+01	-6.110211e+02
1.800000e-07	-7.432959e-06	-9.198285e-09	-5.356581e+01	-6.092717e+02
1.900000e-07	-7.382731e-06	-9.309484e-09	-5.320383e+01	-6.073842e+02
2.000000e-07	-7.329479e-06	-9.207762e-09	-5.282007e+01	-6.053589e+02
2.100000e-07	-7.273460e-06	-9.121715e-09	-5.241637e+01	-6.031981e+02
2.200000e-07	-7.214772e-06	-9.167864e-09	-5.199343e+01	-6.009052e+02
2.300000e-07	-7.153492e-06	-9.107244e-09	-5.155182e+01	-5.984843e+02
2.400000e-07	-7.089628e-06	-9.108493e-09	-5.109158e+01	-5.959397e+02
2.500000e-07	-7.022978e-06	-9.009261e-09	-5.061127e+01	-5.932757e+02
2.600000e-07	-6.953661e-06	-8.990829e-09	-5.011173e+01	-5.904962e+02
2.700000e-07	-6.881736e-06	-8.948625e-09	-4.959340e+01	-5.876051e+02
2.800000e-07	-6.807073e-06	-8.886977e-09	-4.905534e+01	-5.846055e+02
2.900000e-07	-6.729651e-06	-8.840336e-09	-4.849740e+01	-5.815002e+02
3.000000e-07	-6.649450e-06	-8.809844e-09	-4.791942e+01	-5.782912e+02
3.100000e-07	-6.566753e-06	-8.812070e-09	-4.732347e+01	-5.749794e+02
3.200000e-07	-6.481880e-06	-8.691495e-09	-4.671183e+01	-5.715644e+02
3.300000e-07	-6.394793e-06	-8.639202e-09	-4.608423e+01	-5.680444e+02
3.400000e-07	-6.305386e-06	-8.604175e-09	-4.543992e+01	-5.644158e+02
3.500000e-07	-6.213621e-06	-8.526075e-09	-4.477862e+01	-5.606731e+02
3.600000e-07	-6.119628e-06	-8.459616e-09	-4.410125e+01	-5.568093e+02
3.700000e-07	-6.023425e-06	-8.423904e-09	-4.340796e+01	-5.528165e+02
3.800000e-07	-5.925008e-06	-8.381664e-09	-4.269872e+01	-5.486861e+02
3.900000e-07	-5.824477e-06	-8.281868e-09	-4.197424e+01	-5.444101e+02
4.000000e-07	-5.721869e-06	-8.211095e-09	-4.123479e+01	-5.399818e+02
4.100000e-07	-5.617261e-06	-8.152913e-09	-4.048093e+01	-5.353963e+02
4.200000e-07	-5.510686e-06	-8.089988e-09	-3.971290e+01	-5.306513e+02
4.300000e-07	-5.402133e-06	-8.003263e-09	-3.893060e+01	-5.257468e+02
4.400000e-07	-5.291733e-06	-7.933989e-09	-3.813501e+01	-5.206855e+02
4.500000e-07	-5.179360e-06	-7.869150e-09	-3.732518e+01	-5.154713e+02
4.600000e-07	-5.064868e-06	-7.774970e-09	-3.650010e+01	-5.101089e+02
4.700000e-07	-4.948389e-06	-7.672342e-09	-3.566069e+01	-5.046022e+02
4.800000e-07	-4.830093e-06	-7.592648e-09	-3.480819e+01	-4.989529e+02
4.900000e-07	-4.709983e-06	-7.520543e-09	-3.394261e+01	-4.931601e+02
5.000000e-07	-4.588219e-06	-7.426626e-09	-3.306512e+01	-4.872186e+02
5.100000e-07	-4.464835e-06	-7.331482e-09	-3.217594e+01	-4.811197e+02
5.200000e-07	-4.339733e-06	-7.231926e-09	-3.127440e+01	-4.748512e+02
5.300000e-07	-4.213124e-06	-7.131151e-09	-3.036198e+01	-4.683981e+02
5.400000e-07	-4.084924e-06	-7.019101e-09	-2.943811e+01	-4.617446e+02
5.500000e-07	-3.955292e-06	-6.913093e-09	-2.850391e+01	-4.548755e+02
5.600000e-07	-3.824225e-06	-6.808335e-09	-2.755937e+01	-4.477778e+02
5.700000e-07	-3.691581e-06	-6.702239e-09	-2.660347e+01	-4.404420e+02
5.800000e-07	-3.557594e-06	-6.588333e-09	-2.563789e+01	-4.328630e+02
5.900000e-07	-3.422246e-06	-6.466349e-09	-2.466250e+01	-4.250401e+02
6.000000e-07	-3.285495e-06	-6.342808e-09	-2.367700e+01	-4.169763e+02
6.100000e-07	-3.147571e-06	-6.214412e-09	-2.268305e+01	-4.086769e+02
6.200000e-07	-3.008408e-06	-6.083992e-09	-2.168016e+01	-4.001473e+02
6.300000e-07	-2.867766e-06	-5.949845e-09	-2.066663e+01	-3.913911e+02
6.400000e-07	-2.725860e-06	-5.816187e-09	-1.964398e+01	-3.824078e+02
6.500000e-07	-2.582977e-06	-5.673876e-09	-1.861429e+01	-3.731910e+02
6.600000e-07	-2.439145e-06	-5.526551e-09	-1.757776e+01	-3.637280e+02
6.700000e-07	-2.294414e-06	-5.371977e-09	-1.653475e+01	-3.539993e+02
6.800000e-07	-2.148848e-06	-5.217841e-09	-1.548573e+01	-3.439802e+02
6.900000e-07	-2.002549e-06	-5.062045e-09	-1.443142e+01	-3.336425e+02
7.000000e-07	-1.855620e-06	-4.900320e-09	-1.337257e+01	-3.229575e+02
7.100000e-07	-1.708081e-06	-4.732603e-09	-1.230933e+01	-3.118983e+02
7.200000e-07	-1.560012e-06	-4.552986e-09	-1.124226e+01	-3.004431e+02
7.300000e-07	-1.411449e-06	-4.370193e-09	-1.017164e+01	-2.885765e+02
7.400000e-07	-1.262462e-06	-4.181602e-09	-9.097966e+00	-2.762905e+02
7.500000e-07	-1.113151e-06	-3.991388e-09	-8.021950e+00	-2.635836e+02
7.600000e-07	-9.635593e-07	-3.797524e-09	-6.943914e+00	-2.504584e+02
7.700000e-07	-8.136855e-07	-3.596404e-09	-5.863845e+00	-2.369187e+02
7.800000e-07	-6.634966e-07	-3.384760e-09	-4.781505e+00	-2.229643e+02
7.900000e-07	-5.130255e-07	-3.166424e-09	-3.697131e+00	-2.085867e+02
8.000000e-07	-3.623272e-07	-2.942091e-09	-2.611120e+00	-1.937653e+02
8.100000e-07	-2.114743e-07	-2.704549e-09	-1.523995e+00	-1.784638e+02
8.200000e-07	-6.051133e-08	-2.459574e-09	-4.360764e-01	-1.626297e+02
8.300000e-07	9.051011e-08	-2.207948e-09	6.522633e-01	-1.461955e+02
8.400000e-07	2.415522e-07	-1.948189e-09	1.740752e+00	-1.290828e+02
8.500000e-07	3.925259e-07	-1.675580e-09	2.828748e+00	-1.112089e+02
8.600000e-07	5.433165e-07	-1.391818e-09	3.915424e+00	-9.249528e+01
8.700000e-07	6.939344e-07	-1.097661e-09	5.000855e+00	-7.287787e+01
8.800000e-07	8.443505e-07	-7.885438e-10	6.084833e+00	-5.231689e+01
8.900000e-07	9.944634e-07	-4.643194e-10	7.166626e+00	-3.080637e+01
9.000000e-07	1.144247e-06	-1.269463e-10	8.246042e+00	-8.381473e+00
9.100000e-07	1.293696e-06	2.226802e-10	9.323051e+00	1.487710e+01
9.200000e-07	1.442729e-06	5.888643e-10	1.039706e+01	3.884239e+01
9.300000e-07	1.591220e-06	9.680033e-10	1.146717e+01	6.334447e+01
9.400000e-07	1.739126e-06	1.352874e-09	1.253305e+01	8.817764e+01
9.500000e-07	1.886461e-06	1.735787e-09	1.359483e+01	1.131110e+02
9.600000e-07	2.033185e-06	2.115042e-09	1.465220e+01	1.379014e+02
9.700000e-07	2.179164e-06	2.487916e-09	1.570420e+01	1.623079e+02
9.800000e-07	2.324270e-06	2.850740e-09	1.674991e+01	1.861060e+02
9.900000e-07	2.468522e-06	3.199253e-09	1.778947e+01	2.091001e+02
1.000000e-06	2.611858e-06	3.532514e-09	1.882242e+01	2.311340e+02
1.010000e-06	2.754138e-06	3.849324e-09	1.984776e+01	2.520978e+02
1.020000e-06	2.895304e-06	4.148369e-09	2.086508e+01	2.719296e+02
1.030000e-06	3.035184e-06	4.429051e-09	2.187313e+01	2.906152e+02
1.040000e-06	3.173789e-06	4.692919e-09	2.287199e+01	3.081820e+02
1.050000e-06	3.311206e-06	4.942526e-09	2.386229e+01	3.246909e+02
1.060000e-06	3.447358e-06	5.176670e-09	2.484347e+01	3.402267e+02
1.070000e-06	3.582188e-06	5.399532e-09	2.581513e+01	3.548866e+02
1.080000e-06	3.715800e-06	5.615474e-09	2.677801e+01	3.687697e+02
1.090000e-06	3.848181e-06	5.820511e-09	2.773201e+01	3.819685e+02
1.100000e-06	3.979096e-06	6.013136e-09	2.867546e+01	3.945613e+02
1.110000e-06	4.108527e-06	6.196991e-09	2.960820e+01	4.066091e+02
1.120000e-06	4.236542e-06	6.372491e-09	3.053075e+01	4.181537e+02
1.130000e-06	4.363073e-06	6.539779e-09	3.144260e+01	4.292198e+02
1.140000e-06	4.488158e-06	6.698583e-09	3.234402e+01	4.398177e+02
1.150000e-06	4.611683e-06	6.848954e-09	3.323421e+01	4.499492e+02
1.160000e-06	4.733530e-06	6.992611e-09	3.411230e+01	4.596121e+02
1.170000e-06	4.853775e-06	7.130333e-09	3.497885e+01	4.688054e+02
1.180000e-06	4.972289e-06	7.261964e-09	3.583293e+01	4.775335e+02
1.190000e-06	5.088911e-06	7.389842e-09	3.667336e+01	4.858085e+02
1.200000e-06	5.203520e-06	7.511370e-09	3.749930e+01	4.936513e+02
1.210000e-06	5.316070e-06	7.627807e-09	3.831039e+01	5.010905e+02
1.220000e-06	5.426639e-06	7.737573e-09	3.910721e+01	5.081605e+02
1.230000e-06	5.535368e-06	7.841842e-09	3.989076e+01	5.148986e+02
1.240000e-06	5.642192e-06	7.939644e-09	4.066060e+01	5.213412e+02
1.250000e-06	5.746912e-06	8.031345e-09	4.141527e+01	5.275215e+02
1.260000e-06	5.849506e-06	8.122887e-09	4.215461e+01	5.334665e+02
1.270000e-06	5.950008e-06	8.211757e-09	4.287888e+01	5.391954e+02
1.280000e-06	6.048315e-06	8.294758e-09	4.358733e+01	5.447202e+02
1.290000e-06	6.144248e-06	8.372042e-09	4.427868e+01	5.500457e+02
1.300000e-06	6.237956e-06	8.447293e-09	4.495399e+01	5.551714e+02
1.310000e-06	6.329537e-06	8.521149e-09	4.561397e+01	5.600939e+02
1.320000e-06	6.418805e-06	8.591837e-09	4.625728e+01	5.648091e+02
1.330000e-06	6.505709e-06	8.660378e-09	4.688355e+01	5.693143e+02
1.340000e-06	6.590419e-06	8.726653e-09	4.749402e+01	5.736095e+02
1.350000e-06	6.672858e-06	8.789946e-09	4.808811e+01	5.776987e+02
1.360000e-06	6.752720e-06	8.848589e-09	4.866365e+01	5.815889e+02
1.370000e-06	6.830080e-06	8.901847e-09	4.922114e+01	5.852900e+02
1.380000e-06	6.904904e-06	8.952814e-09	4.976036e+01	5.888131e+02
1.390000e-06	6.977122e-06	9.004732e-09	5.028080e+01	5.921689e+02
1.400000e-06	7.046921e-06	9.057413e-09	5.078381e+01	5.953660e+02
1.410000e-06	7.114273e-06	9.108187e-09	5.126918e+01	5.984102e+02
1.420000e-06	7.179015e-06	9.153585e-09	5.173575e+01	6.013034e+02
1.430000e-06	7.241211e-06	9.194160e-09	5.218396e+01	6.040438e+02
1.440000e-06	7.301004e-06	9.230275e-09	5.261487e+01	6.066271e+02
1.450000e-06	7.358279e-06	9.264202e-09	5.302762e+01	6.090474e+02
1.460000e-06	7.412906e-06	9.297787e-09	5.342129e+01	6.112990e+02
1.470000e-06	7.464601e-06	9.328758e-09	5.379383e+01	6.133779e+02
1.480000e-06	7.513135e-06	9.357675e-09	5.414359e+01	6.152834e+02
1.490000e-06	7.558892e-06	9.383771e-09	5.447335e+01	6.170189e+02
1.500000e-06	7.602092e-06	9.407885e-09	5.478467e+01	6.185920e+02
1.510000e-06	7.642535e-06	9.430969e-09	5.507612e+01	6.200140e+02
1.520000e-06	7.680226e-06	9.452424e-09	5.534774e+01	6.212990e+02
1.530000e-06	7.715273e-06	9.471567e-09	5.560031e+01	6.224621e+02
1.540000e-06	7.747578e-06	9.489444e-09	5.583311e+01	6.235173e+02
1.550000e-06	7.777157e-06	9.506115e-09	5.604628e+01	6.244765e+02
1.560000e-06	7.804002e-06	9.520280e-09	5.623973e+01	6.253472e+02
1.570000e-06	7.827913e-06	9.532422e-09	5.641205e+01	6.261325e+02
1.580000e-06	7.849000e-06	9.543118e-09	5.656401e+01	6.268301e+02
1.590000e-06	7.867360e-06	9.552722e-09	5.669632e+01	6.274339e+02
1.600000e-06	7.882813e-06	9.560671e-09	5.680769e+01	6.279344e+02
1.610000e-06	7.895237e-06	9.565611e-09	5.689722e+01	6.283209e+02
1.620000e-06	7.904526e-06	9.568673e-09	5.696416e+01	6.285832e+02
1.630000e-06	7.910865e-06	9.571948e-09	5.700985e+01	6.287134e+02
1.640000e-06	7.914477e-06	9.575433e-09	5.703587e+01	6.287077e+02
1.650000e-06	7.915258e-06	9.581374e-09	5.704150e+01	6.285667e+02
1.660000e-06	7.913324e-06	9.574352e-09	5.702757e+01	6.282963e+02
1.670000e-06	7.908824e-06	9.566784e-09	5.699514e+01	6.279068e+02
1.680000e-06	7.901660e-06	9.563799e-09	5.694351e+01	6.274118e+02
1.690000e-06	7.891897e-06	9.556958e-09	5.687315e+01	6.268268e+02
1.700000e-06	7.879427e-06	9.548471e-09	5.678328e+01	6.261671e+02
1.710000e-06	7.864142e-06	9.544002e-09	5.667313e+01	6.254462e+02
1.720000e-06	7.846389e-06	9.544130e-09	5.654520e+01	6.246744e+02
1.730000e-06	7.826446e-06	9.505652e-09	5.640148e+01	6.238571e+02
1.740000e-06	7.803847e-06	9.372559e-09	5.623862e+01	6.229950e+02
1.750000e-06	7.777929e-06	9.397275e-09	5.605184e+01	6.220837e+02
1.760000e-06	7.748409e-06	9.455143e-09	5.583910e+01	6.211146e+02
1.770000e-06	7.715703e-06	9.430691e-09	5.560340e+01	6.200758e+02
1.780000e-06	7.680613e-06	9.445178e-09	5.535053e+01	6.189539e+02
1.790000e-06	7.643227e-06	9.532795e-09	5.508110e+01	6.177348e+02
1.800000e-06	7.603668e-06	9.388076e-09	5.479602e+01	6.164055e+02
1.810000e-06	7.562057e-06	9.298930e-09	5.449615e+01	6.149548e+02
1.820000e-06	7.517982e-06	9.449997e-09	5.417852e+01	6.133744e+02
1.830000e-06	7.471336e-06	9.274992e-09	5.384237e+01	6.116587e+02
1.840000e-06	7.421916e-06	9.373781e-09	5.348622e+01	6.098051e+02
1.850000e-06	7.369492e-06	9.335053e-09	5.310843e+01	6.078135e+02
1.860000e-06	7.314272e-06	9.212002e-09	5.271048e+01	6.056857e+02
1.870000e-06	7.256316e-06	9.277539e-09	5.229282e+01	6.034248e+02
1.880000e-06	7.195749e-06	9.082530e-09	5.185634e+01	6.010349e+02
1.890000e-06	7.132480e-06	9.181021e-09	5.140040e+01	5.985201e+02
1.900000e-06	7.066463e-06	9.128010e-09	5.092464e+01	5.958849e+02
1.910000e-06	6.997744e-06	9.033551e-09	5.042941e+01	5.931334e+02
1.920000e-06	6.926157e-06	9.064082e-09	4.991352e+01	5.902692e+02
1.930000e-06	6.851982e-06	8.952832e-09	4.937898e+01	5.872959e+02
1.940000e-06	6.775102e-06	8.953579e-09	4.882494e+01	5.842161e+02
1.950000e-06	6.695451e-06	8.809710e-09	4.825093e+01	5.810323e+02
1.960000e-06	6.613408e-06	8.829506e-09	4.765969e+01	5.777455e+02
1.970000e-06	6.529005e-06	8.802519e-09	4.705144e+01	5.743558e+02
1.980000e-06	6.442127e-06	8.699433e-09	4.642535e+01	5.708617e+02
1.990000e-06	6.352855e-06	8.712067e-09	4.578201e+01	5.672601e+02
2.000000e-06	6.261458e-06	8.620971e-09	4.512335e+01	5.635458e+02
2.010000e-06	6.167889e-06	8.557373e-09	4.444904e+01	5.597124e+02
2.020000e-06	6.071985e-06	8.439971e-09	4.375791e+01	5.557520e+02
2.030000e-06	5.973854e-06	8.419328e-09	4.305073e+01	5.516562e+02
2.040000e-06	5.873623e-06	8.375410e-09	4.232841e+01	5.474167e+02
2.050000e-06	5.771387e-06	8.307952e-09	4.159164e+01	5.430264e+02
2.060000e-06	5.667121e-06	8.238734e-09	4.084025e+01	5.384799e+02
2.070000e-06	5.560891e-06	8.152032e-09	4.007470e+01	5.337741e+02
2.080000e-06	5.452738e-06	8.071085e-09	3.929529e+01	5.289088e+02
2.090000e-06	5.342649e-06	7.966186e-09	3.850193e+01	5.238857e+02
2.100000e-06	5.230578e-06	7.920098e-09	3.769429e+01	5.187087e+02
2.110000e-06	5.116563e-06	7.849860e-09	3.687264e+01	5.133823e+02
2.120000e-06	5.000611e-06	7.769552e-09	3.603702e+01	5.079107e+02
2.130000e-06	4.882703e-06	7.667393e-09	3.518732e+01	5.022965e+02
2.140000e-06	4.762877e-06	7.586476e-09	3.432379e+01	4.965392e+02
2.150000e-06	4.641254e-06	7.494833e-09	3.344731e+01	4.906349e+02
2.160000e-06	4.517972e-06	7.398967e-09	3.255888e+01	4.845758e+02
2.170000e-06	4.392990e-06	7.307063e-09	3.165819e+01	4.783504e+02
2.180000e-06	4.266463e-06	7.215289e-09	3.074637e+01	4.719442e+02
2.190000e-06	4.138309e-06	7.117238e-09	2.982283e+01	4.653417e+02
2.200000e-06	4.008681e-06	7.006589e-09	2.888866e+01	4.585273e+02
2.210000e-06	3.877676e-06	6.897533e-09	2.794457e+01	4.514871e+02
2.220000e-06	3.745154e-06	6.780123e-09	2.698954e+01	4.442108e+02
2.230000e-06	3.611234e-06	6.670000e-09	2.602445e+01	4.366922e+02
2.240000e-06	3.476017e-06	6.556865e-09	2.505000e+01	4.289296e+02
2.250000e-06	3.339398e-06	6.447367e-09	2.406545e+01	4.209249e+02
2.260000e-06	3.201533e-06	6.324300e-09	2.307193e+01	4.126833e+02
2.270000e-06	3.062493e-06	6.192739e-09	2.206993e+01	4.042102e+02
2.280000e-06	2.922151e-06	6.049552e-09	2.105855e+01	3.955098e+02
2.290000e-06	2.780658e-06	5.907268e-09	2.003888e+01	3.865830e+02
2.300000e-06	2.638180e-06	5.770541e-09	1.901211e+01	3.774249e+02
2.310000e-06	2.494770e-06	5.636877e-09	1.797862e+01	3.680244e+02
2.320000e-06	2.350402e-06	5.497493e-09	1.693823e+01	3.583636e+02
2.330000e-06	2.205212e-06	5.343065e-09	1.589191e+01	3.484190e+02
2.340000e-06	2.059367e-06	5.182051e-09	1.484088e+01	3.381631e+02
2.350000e-06	1.912882e-06	5.016991e-09	1.378523e+01	3.275669e+02
2.360000e-06	1.765744e-06	4.849770e-09	1.272488e+01	3.166029e+02
2.370000e-06	1.617952e-06	4.678257e-09	1.165981e+01	3.052478e+02
2.380000e-06	1.469542e-06	4.501981e-09	1.059029e+01	2.934844e+02
2.390000e-06	1.320655e-06	4.320586e-09	9.517336e+00	2.813030e+02
2.400000e-06	1.171372e-06	4.128276e-09	8.441520e+00	2.687006e+02
2.410000e-06	1.021732e-06	3.924817e-09	7.363139e+00	2.556790e+02
2.420000e-06	8.717921e-07	3.716742e-09	6.282591e+00	2.422421e+02
2.430000e-06	7.216162e-07	3.504424e-09	5.200345e+00	2.283911e+02
2.440000e-06	5.712524e-07	3.289393e-09	4.116745e+00	2.141201e+02
2.450000e-06	4.206901e-07	3.068785e-09	3.031714e+00	1.994118e+02
2.460000e-06	2.699743e-07	2.839768e-09	1.945577e+00	1.842340e+02
2.470000e-06	1.191666e-07	2.597785e-09	8.587772e-01	1.685382e+02
2.480000e-06	-3.169924e-08	2.341693e-09	-2.284414e-01	1.522604e+02
2.490000e-06	-1.825822e-07	2.074893e-09	-1.315783e+00	1.353244e+02
2.500000e-06	-3.334097e-07	1.798931e-09	-2.402726e+00	1.176478e+02
2.510000e-06	-4.841214e-07	1.515116e-09	-3.488833e+00	9.915027e+01
2.520000e-06	-6.347112e-07	1.221054e-09	-4.574062e+00	7.976304e+01
2.530000e-06	-7.851778e-07	9.150289e-10	-5.658403e+00	5.943935e+01
2.540000e-06	-9.354508e-07	5.930417e-10	-6.741350e+00	3.816399e+01
2.550000e-06	-1.085437e-06	2.563879e-10	-7.822229e+00	1.596132e+01
2.560000e-06	-1.235051e-06	-9.033498e-11	-8.900423e+00	-7.099581e+00
2.570000e-06	-1.384233e-06	-4.500787e-10	-9.975506e+00	-3.090317e+01
2.580000e-06	-1.532935e-06	-8.235978e-10	-1.104714e+01	-5.528972e+01
2.590000e-06	-1.681086e-06	-1.206593e-09	-1.211479e+01	-8.006162e+01
2.600000e-06	-1.828583e-06	-1.592161e-09	-1.317773e+01	-1.049931e+02
2.610000e-06	-1.975274e-06	-1.977527e-09	-1.423486e+01	-1.298428e+02
2.620000e-06	-2.121154e-06	-2.359317e-09	-1.528615e+01	-1.543679e+02
2.630000e-06	-2.266372e-06	-2.729617e-09	-1.633266e+01	-1.783383e+02
2.640000e-06	-2.410778e-06	-3.081803e-09	-1.737333e+01	-2.015503e+02
2.650000e-06	-2.554145e-06	-3.416537e-09	-1.840651e+01	-2.238372e+02
2.660000e-06	-2.696462e-06	-3.735256e-09	-1.943212e+01	-2.450768e+02
2.670000e-06	-2.837736e-06	-4.038781e-09	-2.045021e+01	-2.651954e+02
2.680000e-06	-2.977927e-06	-4.327328e-09	-2.146051e+01	-2.841671e+02
2.690000e-06	-3.116878e-06	-4.600083e-09	-2.246186e+01	-3.020096e+02
2.700000e-06	-3.254585e-06	-4.856814e-09	-2.345424e+01	-3.187764e+02
2.710000e-06	-3.391078e-06	-5.099843e-09	-2.443789e+01	-3.345473e+02
2.720000e-06	-3.526263e-06	-5.332254e-09	-2.541210e+01	-3.494174e+02
2.730000e-06	-3.660200e-06	-5.554472e-09	-2.637732e+01	-3.634863e+02
2.740000e-06	-3.792836e-06	-5.764857e-09	-2.733317e+01	-3.768488e+02
2.750000e-06	-3.924052e-06	-5.962682e-09	-2.827878e+01	-3.895873e+02
2.760000e-06	-4.053951e-06	-6.149303e-09	-2.921490e+01	-4.017673e+02
2.770000e-06	-4.182466e-06	-6.326138e-09	-3.014105e+01	-4.134354e+02
2.780000e-06	-4.309483e-06	-6.494854e-09	-3.105639e+01	-4.246203e+02
2.790000e-06	-4.435089e-06	-6.654068e-09	-3.196158e+01	-4.353355e+02
2.800000e-06	-4.559158e-06	-6.805974e-09	-3.285569e+01	-4.455844e+02
2.810000e-06	-4.681591e-06	-6.954411e-09	-3.373800e+01	-4.553652e+02
2.820000e-06	-4.802340e-06	-7.097793e-09	-3.460819e+01	-4.646764e+02
2.830000e-06	-4.921274e-06	-7.233594e-09	-3.546529e+01	-4.735206e+02
2.840000e-06	-5.038310e-06	-7.362679e-09	-3.630871e+01	-4.819079e+02
2.850000e-06	-5.153297e-06	-7.487043e-09	-3.713736e+01	-4.898570e+02
2.860000e-06	-5.266179e-06	-7.605374e-09	-3.795085e+01	-4.973947e+02
2.870000e-06	-5.376983e-06	-7.714172e-09	-3.874936e+01	-5.045542e+02
2.880000e-06	-5.485821e-06	-7.817161e-09	-3.953370e+01	-5.113723e+02
2.890000e-06	-5.592832e-06	-7.918244e-09	-4.030489e+01	-5.178862e+02
2.900000e-06	-5.697897e-06	-8.014859e-09	-4.106204e+01	-5.241299e+02
2.910000e-06	-5.800794e-06	-8.106239e-09	-4.180356e+01	-5.301322e+02
2.920000e-06	-5.901493e-06	-8.193054e-09	-4.252926e+01	-5.359144e+02
2.930000e-06	-6.000073e-06	-8.277657e-09	-4.323968e+01	-5.414901e+02
2.940000e-06	-6.096542e-06	-8.360073e-09	-4.393488e+01	-5.468659e+02
2.950000e-06	-6.190740e-06	-8.438640e-09	-4.461372e+01	-5.520424e+02
2.960000e-06	-6.282622e-06	-8.514407e-09	-4.527587e+01	-5.570168e+02
2.970000e-06	-6.372358e-06	-8.586352e-09	-4.592256e+01	-5.617848e+02
2.980000e-06	-6.459876e-06	-8.654654e-09	-4.655326e+01	-5.663432e+02
2.990000e-06	-6.544979e-06	-8.721977e-09	-4.716655e+01	-5.706914e+02
3.000000e-06	-6.627708e-06	-8.788216e-09	-4.776274e+01	-5.748321e+02
3.010000e-06	-6.708169e-06	-8.851450e-09	-4.834259e+01	-5.787718e+02
3.020000e-06	-6.786123e-06	-8.911525e-09	-4.890436e+01	-5.825198e+02
3.030000e-06	-6.861392e-06	-8.968701e-09	-4.944679e+01	-5.860870e+02
3.040000e-06	-6.934136e-06	-9.022104e-09	-4.997102e+01	-5.894843e+02
3.050000e-06	-7.004346e-06	-9.068699e-09	-5.047700e+01	-5.927211e+02
3.060000e-06	-7.071995e-06	-9.112413e-09	-5.096451e+01	-5.958038e+02
3.070000e-06	-7.137217e-06	-9.155434e-09	-5.143453e+01	-5.987354e+02
3.080000e-06	-7.199931e-06	-9.196725e-09	-5.188648e+01	-6.015149e+02
3.090000e-06	-7.260012e-06	-9.235573e-09	-5.231946e+01	-6.041387e+02
3.100000e-06	-7.317547e-06	-9.273854e-09	-5.273408e+01	-6.066010e+02
3.110000e-06	-7.372451e-06	-9.311388e-09	-5.312975e+01	-6.088958e+02
3.120000e-06	-7.424460e-06	-9.343586e-09	-5.350456e+01	-6.110187e+02
3.130000e-06	-7.473360e-06	-9.373199e-09	-5.385696e+01	-6.129681e+02
3.140000e-06	-7.519397e-06	-9.399778e-09	-5.418872e+01	-6.147461e+02
3.150000e-06	-7.563033e-06	-9.421923e-09	-5.450319e+01	-6.163595e+02
3.160000e-06	-7.604203e-06	-9.444091e-09	-5.479988e+01	-6.178187e+02
3.170000e-06	-7.642648e-06	-9.465471e-09	-5.507693e+01	-6.191372e+02
3.180000e-06	-7.678405e-06	-9.484104e-09	-5.533461e+01	-6.203300e+02
3.190000e-06	-7.711538e-06	-9.499695e-09	-5.557339e+01	-6.214116e+02
3.200000e-06	-7.741822e-06	-9.515216e-09	-5.579163e+01	-6.223945e+02
3.210000e-06	-7.769204e-06	-9.530043e-09	-5.598896e+01	-6.232875e+02
3.220000e-06	-7.793863e-06	-9.545672e-09	-5.616667e+01	-6.240947e+02
3.230000e-06	-7.815664e-06	-9.558144e-09	-5.632378e+01	-6.248153e+02
3.240000e-06	-7.834626e-06	-9.563651e-09	-5.646043e+01	-6.254440e+02
3.250000e-06	-7.850884e-06	-9.564717e-09	-5.657759e+01	-6.259719e+02
3.260000e-06	-7.864074e-06	-9.564808e-09	-5.667265e+01	-6.263886e+02
3.270000e-06	-7.874119e-06	-9.564663e-09	-5.674504e+01	-6.266834e+02
3.280000e-06	-7.881281e-06	-9.562807e-09	-5.679664e+01	-6.268478e+02
3.290000e-06	-7.885624e-06	-9.561322e-09	-5.682795e+01	-6.268768e+02
3.300000e-06	-7.887272e-06	-9.558070e-09	-5.683982e+01	-6.267699e+02
