# Temperatura_=_28.26
# Concentracion g/m^3_=_10000.0
# C_Vs_to_Am_M_A/Vsm_=_65563218390.804596
# pendiente_HvsI_1/m_=_3716.3
# ordenada_HvsI_A/m_=_1297.0
# frecuencia_Hz_=_302614.35256596777

Tiempo_(s)	Campo_(V.s)	Magnetizacion_(V.s)	Campo_(kA/m)	Magnetizacion_(A/m)
0.000000e+00	-7.883585e-06	-8.083431e-09	-5.684074e+01	-5.297177e+02
1.000000e-08	-7.881357e-06	-8.088123e-09	-5.682468e+01	-5.295271e+02
2.000000e-08	-7.876397e-06	-8.083661e-09	-5.678892e+01	-5.292274e+02
3.000000e-08	-7.868976e-06	-8.074798e-09	-5.673541e+01	-5.288298e+02
4.000000e-08	-7.858863e-06	-8.066953e-09	-5.666250e+01	-5.283501e+02
5.000000e-08	-7.845835e-06	-8.057446e-09	-5.656857e+01	-5.278061e+02
6.000000e-08	-7.829817e-06	-8.046215e-09	-5.645308e+01	-5.272165e+02
7.000000e-08	-7.811203e-06	-8.037844e-09	-5.631887e+01	-5.265973e+02
8.000000e-08	-7.790459e-06	-8.029674e-09	-5.616931e+01	-5.259608e+02
9.000000e-08	-7.767114e-06	-8.067122e-09	-5.600099e+01	-5.253136e+02
1.000000e-07	-7.740576e-06	-8.090219e-09	-5.580965e+01	-5.246556e+02
1.100000e-07	-7.710895e-06	-8.032569e-09	-5.559565e+01	-5.239806e+02
1.200000e-07	-7.678414e-06	-7.986781e-09	-5.536146e+01	-5.232769e+02
1.300000e-07	-7.643263e-06	-7.963228e-09	-5.510802e+01	-5.225287e+02
1.400000e-07	-7.605664e-06	-7.920479e-09	-5.483693e+01	-5.217178e+02
1.500000e-07	-7.565946e-06	-7.874781e-09	-5.455056e+01	-5.208263e+02
1.600000e-07	-7.524027e-06	-7.934104e-09	-5.424833e+01	-5.198378e+02
1.700000e-07	-7.479539e-06	-7.971411e-09	-5.392757e+01	-5.187391e+02
1.800000e-07	-7.432419e-06	-7.861481e-09	-5.358783e+01	-5.175217e+02
1.900000e-07	-7.382442e-06	-7.885952e-09	-5.322749e+01	-5.161815e+02
2.000000e-07	-7.329372e-06	-7.842243e-09	-5.284486e+01	-5.147189e+02
2.100000e-07	-7.273530e-06	-7.746375e-09	-5.244224e+01	-5.131385e+02
2.200000e-07	-7.215071e-06	-7.771263e-09	-5.202075e+01	-5.114469e+02
2.300000e-07	-7.154004e-06	-7.749451e-09	-5.158045e+01	-5.096527e+02
2.400000e-07	-7.090361e-06	-7.736565e-09	-5.112159e+01	-5.077641e+02
2.500000e-07	-7.023948e-06	-7.674758e-09	-5.064275e+01	-5.057886e+02
2.600000e-07	-6.954826e-06	-7.665080e-09	-5.014438e+01	-5.037318e+02
2.700000e-07	-6.883052e-06	-7.659522e-09	-4.962689e+01	-5.015973e+02
2.800000e-07	-6.808523e-06	-7.612119e-09	-4.908953e+01	-4.993861e+02
2.900000e-07	-6.731263e-06	-7.583279e-09	-4.853249e+01	-4.970976e+02
3.000000e-07	-6.651226e-06	-7.552265e-09	-4.795542e+01	-4.947294e+02
3.100000e-07	-6.568682e-06	-7.525966e-09	-4.736028e+01	-4.922781e+02
3.200000e-07	-6.483984e-06	-7.450714e-09	-4.674960e+01	-4.897400e+02
3.300000e-07	-6.397077e-06	-7.405283e-09	-4.612300e+01	-4.871111e+02
3.400000e-07	-6.307835e-06	-7.383913e-09	-4.547957e+01	-4.843877e+02
3.500000e-07	-6.216324e-06	-7.329230e-09	-4.481977e+01	-4.815663e+02
3.600000e-07	-6.122619e-06	-7.285202e-09	-4.414416e+01	-4.786434e+02
3.700000e-07	-6.026653e-06	-7.254446e-09	-4.345224e+01	-4.756160e+02
3.800000e-07	-5.928414e-06	-7.215045e-09	-4.274394e+01	-4.724806e+02
3.900000e-07	-5.828051e-06	-7.150090e-09	-4.202032e+01	-4.692339e+02
4.000000e-07	-5.725656e-06	-7.094640e-09	-4.128205e+01	-4.658722e+02
4.100000e-07	-5.621221e-06	-7.046764e-09	-4.052907e+01	-4.623918e+02
4.200000e-07	-5.514784e-06	-6.991789e-09	-3.976166e+01	-4.587892e+02
4.300000e-07	-5.406391e-06	-6.939935e-09	-3.898014e+01	-4.550610e+02
4.400000e-07	-5.296135e-06	-6.889785e-09	-3.818520e+01	-4.512045e+02
4.500000e-07	-5.183921e-06	-6.830525e-09	-3.737613e+01	-4.472173e+02
4.600000e-07	-5.069626e-06	-6.754847e-09	-3.655206e+01	-4.430976e+02
4.700000e-07	-4.953366e-06	-6.681121e-09	-3.571383e+01	-4.388437e+02
4.800000e-07	-4.835247e-06	-6.618772e-09	-3.486219e+01	-4.344535e+02
4.900000e-07	-4.715340e-06	-6.559340e-09	-3.399766e+01	-4.299246e+02
5.000000e-07	-4.593723e-06	-6.492893e-09	-3.312080e+01	-4.252532e+02
5.100000e-07	-4.470393e-06	-6.416725e-09	-3.223159e+01	-4.204341e+02
5.200000e-07	-4.345392e-06	-6.334145e-09	-3.133033e+01	-4.154603e+02
5.300000e-07	-4.218799e-06	-6.251880e-09	-3.041759e+01	-4.103234e+02
5.400000e-07	-4.090736e-06	-6.169580e-09	-2.949426e+01	-4.050138e+02
5.500000e-07	-3.961308e-06	-6.085566e-09	-2.856108e+01	-3.995213e+02
5.600000e-07	-3.830346e-06	-6.000812e-09	-2.761684e+01	-3.938359e+02
5.700000e-07	-3.697832e-06	-5.915151e-09	-2.666141e+01	-3.879486e+02
5.800000e-07	-3.563880e-06	-5.818751e-09	-2.569562e+01	-3.818524e+02
5.900000e-07	-3.428601e-06	-5.716421e-09	-2.472026e+01	-3.755424e+02
6.000000e-07	-3.292078e-06	-5.615637e-09	-2.373592e+01	-3.690160e+02
6.100000e-07	-3.154283e-06	-5.513269e-09	-2.274242e+01	-3.622727e+02
6.200000e-07	-3.015105e-06	-5.404523e-09	-2.173895e+01	-3.553130e+02
6.300000e-07	-2.874591e-06	-5.295780e-09	-2.072584e+01	-3.481374e+02
6.400000e-07	-2.732921e-06	-5.191326e-09	-1.970439e+01	-3.407450e+02
6.500000e-07	-2.590173e-06	-5.078882e-09	-1.867518e+01	-3.331321e+02
6.600000e-07	-2.446471e-06	-4.956040e-09	-1.763909e+01	-3.252915e+02
6.700000e-07	-2.301855e-06	-4.826639e-09	-1.659640e+01	-3.172110e+02
6.800000e-07	-2.156304e-06	-4.696105e-09	-1.554698e+01	-3.088742e+02
6.900000e-07	-2.010019e-06	-4.562657e-09	-1.449226e+01	-3.002611e+02
7.000000e-07	-1.863188e-06	-4.428064e-09	-1.343361e+01	-2.913487e+02
7.100000e-07	-1.715797e-06	-4.289231e-09	-1.237091e+01	-2.821138e+02
7.200000e-07	-1.567848e-06	-4.139532e-09	-1.130420e+01	-2.725339e+02
7.300000e-07	-1.419430e-06	-3.982477e-09	-1.023411e+01	-2.625901e+02
7.400000e-07	-1.270648e-06	-3.822463e-09	-9.161384e+00	-2.522679e+02
7.500000e-07	-1.121531e-06	-3.661970e-09	-8.086250e+00	-2.415579e+02
7.600000e-07	-9.720280e-07	-3.497461e-09	-7.008334e+00	-2.304560e+02
7.700000e-07	-8.221701e-07	-3.326214e-09	-5.927856e+00	-2.189613e+02
7.800000e-07	-6.719757e-07	-3.144712e-09	-4.844953e+00	-2.070744e+02
7.900000e-07	-5.214983e-07	-2.955465e-09	-3.760009e+00	-1.947944e+02
8.000000e-07	-3.708465e-07	-2.761204e-09	-2.673808e+00	-1.821151e+02
8.100000e-07	-2.200637e-07	-2.561623e-09	-1.586662e+00	-1.690227e+02
8.200000e-07	-6.920607e-08	-2.354276e-09	-4.989766e-01	-1.554932e+02
8.300000e-07	8.173860e-08	-2.139353e-09	5.893363e-01	-1.414917e+02
8.400000e-07	2.327159e-07	-1.918324e-09	1.677885e+00	-1.269732e+02
8.500000e-07	3.836207e-07	-1.687524e-09	2.765910e+00	-1.118854e+02
8.600000e-07	5.344527e-07	-1.448523e-09	3.853410e+00	-9.617311e+01
8.700000e-07	6.851858e-07	-1.201891e-09	4.940198e+00	-7.978486e+01
8.800000e-07	8.356690e-07	-9.449201e-10	6.025184e+00	-6.267975e+01
8.900000e-07	9.858265e-07	-6.746137e-10	7.107821e+00	-4.483507e+01
9.000000e-07	1.135588e-06	-3.930000e-10	8.187603e+00	-2.625320e+01
9.100000e-07	1.284903e-06	-1.032405e-10	9.264165e+00	-6.967148e+00
9.200000e-07	1.433797e-06	1.987880e-10	1.033769e+01	1.295613e+01
9.300000e-07	1.582309e-06	5.129148e-10	1.140847e+01	3.341510e+01
9.400000e-07	1.730374e-06	8.337379e-10	1.247602e+01	5.427609e+01
9.500000e-07	1.877756e-06	1.157609e-09	1.353864e+01	7.537861e+01
9.600000e-07	2.024388e-06	1.483111e-09	1.459586e+01	9.654334e+01
9.700000e-07	2.170249e-06	1.807557e-09	1.564752e+01	1.175820e+02
9.800000e-07	2.315256e-06	2.127009e-09	1.669302e+01	1.383080e+02
9.900000e-07	2.459397e-06	2.435349e-09	1.773228e+01	1.585477e+02
1.000000e-06	2.602602e-06	2.733737e-09	1.876479e+01	1.781493e+02
1.010000e-06	2.744844e-06	3.018584e-09	1.979036e+01	1.969912e+02
1.020000e-06	2.886077e-06	3.287775e-09	2.080865e+01	2.149867e+02
1.030000e-06	3.026148e-06	3.543539e-09	2.181856e+01	2.320855e+02
1.040000e-06	3.164913e-06	3.787327e-09	2.281906e+01	2.482728e+02
1.050000e-06	3.302367e-06	4.018919e-09	2.381011e+01	2.635648e+02
1.060000e-06	3.438558e-06	4.236229e-09	2.479205e+01	2.780024e+02
1.070000e-06	3.573480e-06	4.443217e-09	2.576483e+01	2.916430e+02
1.080000e-06	3.707103e-06	4.641728e-09	2.672826e+01	3.045527e+02
1.090000e-06	3.839436e-06	4.830541e-09	2.768238e+01	3.167983e+02
1.100000e-06	3.970399e-06	5.009844e-09	2.862662e+01	3.284406e+02
1.110000e-06	4.099862e-06	5.181364e-09	2.956005e+01	3.395301e+02
1.120000e-06	4.227886e-06	5.343053e-09	3.048311e+01	3.501046e+02
1.130000e-06	4.354447e-06	5.494697e-09	3.139562e+01	3.601891e+02
1.140000e-06	4.479563e-06	5.638545e-09	3.229770e+01	3.697980e+02
1.150000e-06	4.603218e-06	5.775130e-09	3.318925e+01	3.789378e+02
1.160000e-06	4.725143e-06	5.905796e-09	3.406834e+01	3.876120e+02
1.170000e-06	4.845370e-06	6.030108e-09	3.493518e+01	3.958251e+02
1.180000e-06	4.963889e-06	6.146348e-09	3.578970e+01	4.035860e+02
1.190000e-06	5.080544e-06	6.257039e-09	3.663078e+01	4.109108e+02
1.200000e-06	5.195201e-06	6.361458e-09	3.745746e+01	4.178236e+02
1.210000e-06	5.307837e-06	6.459776e-09	3.826957e+01	4.243560e+02
1.220000e-06	5.418548e-06	6.553902e-09	3.906780e+01	4.305455e+02
1.230000e-06	5.527406e-06	6.645606e-09	3.985267e+01	4.364319e+02
1.240000e-06	5.634330e-06	6.732689e-09	4.062359e+01	4.420545e+02
1.250000e-06	5.739118e-06	6.815118e-09	4.137911e+01	4.474483e+02
1.260000e-06	5.841789e-06	6.895729e-09	4.211937e+01	4.526411e+02
1.270000e-06	5.942369e-06	6.973284e-09	4.284455e+01	4.576518e+02
1.280000e-06	6.040671e-06	7.045500e-09	4.355331e+01	4.624898e+02
1.290000e-06	6.136621e-06	7.112969e-09	4.424511e+01	4.671554e+02
1.300000e-06	6.230397e-06	7.178516e-09	4.492124e+01	4.716418e+02
1.310000e-06	6.321999e-06	7.242550e-09	4.558169e+01	4.759379e+02
1.320000e-06	6.411322e-06	7.303384e-09	4.622571e+01	4.800312e+02
1.330000e-06	6.498320e-06	7.360433e-09	4.685297e+01	4.839109e+02
1.340000e-06	6.583075e-06	7.415187e-09	4.746405e+01	4.875705e+02
1.350000e-06	6.665534e-06	7.468649e-09	4.805858e+01	4.910094e+02
1.360000e-06	6.745540e-06	7.518331e-09	4.863543e+01	4.942336e+02
1.370000e-06	6.823058e-06	7.563119e-09	4.919433e+01	4.972548e+02
1.380000e-06	6.897978e-06	7.605835e-09	4.973450e+01	5.000897e+02
1.390000e-06	6.970287e-06	7.647560e-09	5.025585e+01	5.027570e+02
1.400000e-06	7.040102e-06	7.687998e-09	5.075922e+01	5.052755e+02
1.410000e-06	7.107476e-06	7.727978e-09	5.124499e+01	5.076615e+02
1.420000e-06	7.172328e-06	7.764665e-09	5.171257e+01	5.099271e+02
1.430000e-06	7.234638e-06	7.795815e-09	5.216182e+01	5.120786e+02
1.440000e-06	7.294565e-06	7.823755e-09	5.259390e+01	5.141172e+02
1.450000e-06	7.351907e-06	7.850291e-09	5.300734e+01	5.160389e+02
1.460000e-06	7.406530e-06	7.877500e-09	5.340117e+01	5.178366e+02
1.470000e-06	7.458293e-06	7.903312e-09	5.377438e+01	5.195019e+02
1.480000e-06	7.506963e-06	7.926423e-09	5.412530e+01	5.210274e+02
1.490000e-06	7.552807e-06	7.947200e-09	5.445583e+01	5.224088e+02
1.500000e-06	7.596036e-06	7.965748e-09	5.476751e+01	5.236463e+02
1.510000e-06	7.636537e-06	7.983416e-09	5.505952e+01	5.247454e+02
1.520000e-06	7.674363e-06	8.000530e-09	5.533225e+01	5.257165e+02
1.530000e-06	7.709610e-06	8.015632e-09	5.558638e+01	5.265741e+02
1.540000e-06	7.742075e-06	8.028609e-09	5.582045e+01	5.273352e+02
1.550000e-06	7.771761e-06	8.040184e-09	5.603449e+01	5.280166e+02
1.560000e-06	7.798702e-06	8.050076e-09	5.622874e+01	5.286332e+02
1.570000e-06	7.822687e-06	8.059642e-09	5.640167e+01	5.291958e+02
1.580000e-06	7.843867e-06	8.068569e-09	5.655438e+01	5.297097e+02
1.590000e-06	7.862401e-06	8.075961e-09	5.668801e+01	5.301744e+02
1.600000e-06	7.878059e-06	8.083085e-09	5.680090e+01	5.305835e+02
1.610000e-06	7.890680e-06	8.089080e-09	5.689190e+01	5.309263e+02
1.620000e-06	7.900186e-06	8.092261e-09	5.696043e+01	5.311896e+02
1.630000e-06	7.906717e-06	8.094107e-09	5.700753e+01	5.313595e+02
1.640000e-06	7.910484e-06	8.095149e-09	5.703468e+01	5.314245e+02
1.650000e-06	7.911429e-06	8.096867e-09	5.704150e+01	5.313768e+02
1.660000e-06	7.909636e-06	8.094064e-09	5.702857e+01	5.312142e+02
1.670000e-06	7.905328e-06	8.088478e-09	5.699751e+01	5.309406e+02
1.680000e-06	7.898337e-06	8.086437e-09	5.694711e+01	5.305659e+02
1.690000e-06	7.888670e-06	8.082193e-09	5.687741e+01	5.301047e+02
1.700000e-06	7.876336e-06	8.075547e-09	5.678848e+01	5.295747e+02
1.710000e-06	7.861191e-06	8.070968e-09	5.667928e+01	5.289945e+02
1.720000e-06	7.843584e-06	8.066934e-09	5.655233e+01	5.283811e+02
1.730000e-06	7.823807e-06	8.049615e-09	5.640974e+01	5.277478e+02
1.740000e-06	7.801426e-06	7.957952e-09	5.624837e+01	5.271026e+02
1.750000e-06	7.775759e-06	7.944583e-09	5.606332e+01	5.264473e+02
1.760000e-06	7.746495e-06	7.987137e-09	5.585232e+01	5.257772e+02
1.770000e-06	7.713999e-06	7.983567e-09	5.561803e+01	5.250818e+02
1.780000e-06	7.679073e-06	7.993155e-09	5.536621e+01	5.243460e+02
1.790000e-06	7.641869e-06	8.044095e-09	5.509797e+01	5.235522e+02
1.800000e-06	7.602461e-06	8.000808e-09	5.481384e+01	5.226822e+02
1.810000e-06	7.561038e-06	7.894180e-09	5.451517e+01	5.217190e+02
1.820000e-06	7.517118e-06	7.967346e-09	5.419851e+01	5.206485e+02
1.830000e-06	7.470569e-06	7.912630e-09	5.386289e+01	5.194610e+02
1.840000e-06	7.421321e-06	7.932499e-09	5.350781e+01	5.181513e+02
1.850000e-06	7.369045e-06	7.972136e-09	5.313090e+01	5.167187e+02
1.860000e-06	7.313952e-06	7.863321e-09	5.273368e+01	5.151668e+02
1.870000e-06	7.256159e-06	7.879027e-09	5.231699e+01	5.135020e+02
1.880000e-06	7.195803e-06	7.773061e-09	5.188183e+01	5.117323e+02
1.890000e-06	7.132770e-06	7.786172e-09	5.142736e+01	5.098662e+02
1.900000e-06	7.066893e-06	7.798975e-09	5.095239e+01	5.079115e+02
1.910000e-06	6.998320e-06	7.707461e-09	5.045797e+01	5.058744e+02
1.920000e-06	6.926967e-06	7.723528e-09	4.994352e+01	5.037587e+02
1.930000e-06	6.852975e-06	7.634895e-09	4.941003e+01	5.015664e+02
1.940000e-06	6.776287e-06	7.619474e-09	4.885711e+01	4.992971e+02
1.950000e-06	6.696852e-06	7.567700e-09	4.828438e+01	4.969487e+02
1.960000e-06	6.614983e-06	7.545355e-09	4.769411e+01	4.945183e+02
1.970000e-06	6.530734e-06	7.547485e-09	4.708667e+01	4.920019e+02
1.980000e-06	6.444015e-06	7.456449e-09	4.646143e+01	4.893958e+02
1.990000e-06	6.354897e-06	7.453599e-09	4.581888e+01	4.866961e+02
2.000000e-06	6.263635e-06	7.389733e-09	4.516088e+01	4.838991e+02
2.010000e-06	6.170184e-06	7.338727e-09	4.448710e+01	4.810016e+02
2.020000e-06	6.074429e-06	7.272308e-09	4.379671e+01	4.780003e+02
2.030000e-06	5.976518e-06	7.236230e-09	4.309077e+01	4.748919e+02
2.040000e-06	5.876577e-06	7.210103e-09	4.237019e+01	4.716730e+02
2.050000e-06	5.774528e-06	7.159938e-09	4.163442e+01	4.683401e+02
2.060000e-06	5.670324e-06	7.121460e-09	4.088310e+01	4.648894e+02
2.070000e-06	5.564196e-06	7.040260e-09	4.011792e+01	4.613173e+02
2.080000e-06	5.456229e-06	6.970705e-09	3.933948e+01	4.576205e+02
2.090000e-06	5.346370e-06	6.897041e-09	3.854740e+01	4.537960e+02
2.100000e-06	5.234525e-06	6.859003e-09	3.774099e+01	4.498414e+02
2.110000e-06	5.120716e-06	6.807611e-09	3.692042e+01	4.457547e+02
2.120000e-06	5.004977e-06	6.747263e-09	3.608594e+01	4.415341e+02
2.130000e-06	4.887219e-06	6.671958e-09	3.523691e+01	4.371779e+02
2.140000e-06	4.767527e-06	6.596258e-09	3.437393e+01	4.326837e+02
2.150000e-06	4.646059e-06	6.526480e-09	3.349814e+01	4.280480e+02
2.160000e-06	4.522958e-06	6.458102e-09	3.261058e+01	4.232661e+02
2.170000e-06	4.398297e-06	6.390824e-09	3.171178e+01	4.183314e+02
2.180000e-06	4.271993e-06	6.310503e-09	3.080112e+01	4.132358e+02
2.190000e-06	4.143984e-06	6.230760e-09	2.987817e+01	4.079700e+02
2.200000e-06	4.014451e-06	6.139649e-09	2.894424e+01	4.025239e+02
2.210000e-06	3.883463e-06	6.049414e-09	2.799981e+01	3.968872e+02
2.220000e-06	3.751068e-06	5.959609e-09	2.704525e+01	3.910509e+02
2.230000e-06	3.617326e-06	5.878462e-09	2.608096e+01	3.850071e+02
2.240000e-06	3.482149e-06	5.790704e-09	2.510634e+01	3.787506e+02
2.250000e-06	3.345591e-06	5.699163e-09	2.412175e+01	3.722781e+02
2.260000e-06	3.207829e-06	5.599173e-09	2.312849e+01	3.655887e+02
2.270000e-06	3.068922e-06	5.489128e-09	2.212696e+01	3.586827e+02
2.280000e-06	2.928815e-06	5.366819e-09	2.111679e+01	3.515607e+02
2.290000e-06	2.787484e-06	5.245867e-09	2.009780e+01	3.442224e+02
2.300000e-06	2.645014e-06	5.134865e-09	1.907058e+01	3.366649e+02
2.310000e-06	2.501551e-06	5.024823e-09	1.803621e+01	3.288818e+02
2.320000e-06	2.357228e-06	4.911753e-09	1.699564e+01	3.208623e+02
2.330000e-06	2.212190e-06	4.788675e-09	1.594992e+01	3.125911e+02
2.340000e-06	2.066447e-06	4.657066e-09	1.489911e+01	3.040488e+02
2.350000e-06	1.919932e-06	4.516613e-09	1.384273e+01	2.952131e+02
2.360000e-06	1.772792e-06	4.374776e-09	1.278185e+01	2.860607e+02
2.370000e-06	1.625174e-06	4.232738e-09	1.171752e+01	2.765686e+02
2.380000e-06	1.477059e-06	4.084532e-09	1.064962e+01	2.667171e+02
2.390000e-06	1.328488e-06	3.928888e-09	9.578417e+00	2.564902e+02
2.400000e-06	1.179496e-06	3.765808e-09	8.504182e+00	2.458774e+02
2.410000e-06	1.030127e-06	3.596719e-09	7.427227e+00	2.348733e+02
2.420000e-06	8.804441e-07	3.425062e-09	6.348012e+00	2.234765e+02
2.430000e-06	7.304986e-07	3.249059e-09	5.266904e+00	2.116873e+02
2.440000e-06	5.803282e-07	3.067268e-09	4.184173e+00	1.995056e+02
2.450000e-06	4.298915e-07	2.877024e-09	3.099523e+00	1.869267e+02
2.460000e-06	2.792229e-07	2.679792e-09	2.013201e+00	1.739391e+02
2.470000e-06	1.283386e-07	2.472117e-09	9.253230e-01	1.605215e+02
2.480000e-06	-2.267862e-08	2.253114e-09	-1.635131e-01	1.466415e+02
2.490000e-06	-1.736678e-07	2.027713e-09	-1.252147e+00	1.322566e+02
2.500000e-06	-3.246074e-07	1.795474e-09	-2.340424e+00	1.173159e+02
2.510000e-06	-4.754588e-07	1.557808e-09	-3.428064e+00	1.017645e+02
2.520000e-06	-6.260925e-07	1.313196e-09	-4.514134e+00	8.554935e+01
2.530000e-06	-7.764688e-07	1.058531e-09	-5.598349e+00	6.862611e+01
2.540000e-06	-9.265804e-07	7.912016e-10	-6.680656e+00	5.096687e+01
2.550000e-06	-1.076352e-06	5.095801e-10	-7.760512e+00	3.256715e+01
2.560000e-06	-1.225738e-06	2.166944e-10	-8.837583e+00	1.345191e+01
2.570000e-06	-1.374720e-06	-8.541532e-11	-9.911751e+00	-6.320566e+00
2.580000e-06	-1.523243e-06	-3.950700e-10	-1.098260e+01	-2.665728e+01
2.590000e-06	-1.671243e-06	-7.105842e-10	-1.204968e+01	-4.743220e+01
2.600000e-06	-1.818722e-06	-1.030384e-09	-1.311301e+01	-6.849088e+01
2.610000e-06	-1.965538e-06	-1.354654e-09	-1.417155e+01	-8.965787e+01
2.620000e-06	-2.111538e-06	-1.681320e-09	-1.522422e+01	-1.107461e+02
2.630000e-06	-2.256778e-06	-2.002374e-09	-1.627140e+01	-1.315676e+02
2.640000e-06	-2.401294e-06	-2.311910e-09	-1.731336e+01	-1.519444e+02
2.650000e-06	-2.544836e-06	-2.611512e-09	-1.834830e+01	-1.717185e+02
2.660000e-06	-2.687157e-06	-2.902301e-09	-1.937444e+01	-1.907602e+02
2.670000e-06	-2.828292e-06	-3.181001e-09	-2.039202e+01	-2.089737e+02
2.680000e-06	-2.968336e-06	-3.443804e-09	-2.140174e+01	-2.262998e+02
2.690000e-06	-3.107254e-06	-3.690942e-09	-2.240334e+01	-2.427149e+02
2.700000e-06	-3.244946e-06	-3.926978e-09	-2.339610e+01	-2.582281e+02
2.710000e-06	-3.381497e-06	-4.152740e-09	-2.438063e+01	-2.728746e+02
2.720000e-06	-3.516809e-06	-4.367961e-09	-2.535624e+01	-2.867088e+02
2.730000e-06	-3.650708e-06	-4.573428e-09	-2.632165e+01	-2.997952e+02
2.740000e-06	-3.783336e-06	-4.768235e-09	-2.727790e+01	-3.122011e+02
2.750000e-06	-3.914699e-06	-4.950571e-09	-2.822503e+01	-3.239893e+02
2.760000e-06	-4.044637e-06	-5.120888e-09	-2.916188e+01	-3.352133e+02
2.770000e-06	-4.173210e-06	-5.283056e-09	-3.008889e+01	-3.459140e+02
2.780000e-06	-4.300317e-06	-5.438181e-09	-3.100534e+01	-3.561197e+02
2.790000e-06	-4.425842e-06	-5.583878e-09	-3.191037e+01	-3.658469e+02
2.800000e-06	-4.549933e-06	-5.721695e-09	-3.280507e+01	-3.751039e+02
2.810000e-06	-4.672379e-06	-5.854499e-09	-3.368791e+01	-3.838946e+02
2.820000e-06	-4.793122e-06	-5.983573e-09	-3.455846e+01	-3.922226e+02
2.830000e-06	-4.912102e-06	-6.108214e-09	-3.541632e+01	-4.000957e+02
2.840000e-06	-5.029122e-06	-6.225116e-09	-3.626003e+01	-4.075279e+02
2.850000e-06	-5.144188e-06	-6.334589e-09	-3.708965e+01	-4.145413e+02
2.860000e-06	-5.257125e-06	-6.437033e-09	-3.790393e+01	-4.211658e+02
2.870000e-06	-5.367941e-06	-6.530032e-09	-3.870292e+01	-4.274377e+02
2.880000e-06	-5.476828e-06	-6.618470e-09	-3.948800e+01	-4.333964e+02
2.890000e-06	-5.583852e-06	-6.706137e-09	-4.025964e+01	-4.390818e+02
2.900000e-06	-5.689010e-06	-6.791240e-09	-4.101783e+01	-4.445302e+02
2.910000e-06	-5.792052e-06	-6.872365e-09	-4.176076e+01	-4.497714e+02
2.920000e-06	-5.892847e-06	-6.949483e-09	-4.248749e+01	-4.548267e+02
2.930000e-06	-5.991522e-06	-7.025808e-09	-4.319894e+01	-4.597078e+02
2.940000e-06	-6.088148e-06	-7.100421e-09	-4.389562e+01	-4.644172e+02
2.950000e-06	-6.182569e-06	-7.171272e-09	-4.457640e+01	-4.689496e+02
2.960000e-06	-6.274664e-06	-7.237123e-09	-4.524041e+01	-4.732948e+02
2.970000e-06	-6.364580e-06	-7.297972e-09	-4.588870e+01	-4.774402e+02
2.980000e-06	-6.452237e-06	-7.355472e-09	-4.652070e+01	-4.813745e+02
2.990000e-06	-6.537481e-06	-7.412440e-09	-4.713532e+01	-4.850898e+02
3.000000e-06	-6.620357e-06	-7.469422e-09	-4.773285e+01	-4.885839e+02
3.010000e-06	-6.700981e-06	-7.521714e-09	-4.831415e+01	-4.918611e+02
3.020000e-06	-6.779109e-06	-7.568266e-09	-4.887746e+01	-4.949320e+02
3.030000e-06	-6.854472e-06	-7.613200e-09	-4.942083e+01	-4.978121e+02
3.040000e-06	-6.927319e-06	-7.657411e-09	-4.994606e+01	-5.005198e+02
3.050000e-06	-6.997680e-06	-7.696854e-09	-5.045336e+01	-5.030742e+02
3.060000e-06	-7.065450e-06	-7.731849e-09	-5.094198e+01	-5.054923e+02
3.070000e-06	-7.130764e-06	-7.764964e-09	-5.141289e+01	-5.077874e+02
3.080000e-06	-7.193558e-06	-7.797031e-09	-5.186564e+01	-5.099675e+02
3.090000e-06	-7.253739e-06	-7.828537e-09	-5.229955e+01	-5.120349e+02
3.100000e-06	-7.311373e-06	-7.858513e-09	-5.271509e+01	-5.139867e+02
3.110000e-06	-7.366384e-06	-7.887186e-09	-5.311172e+01	-5.158165e+02
3.120000e-06	-7.418539e-06	-7.912540e-09	-5.348775e+01	-5.175160e+02
3.130000e-06	-7.467520e-06	-7.935890e-09	-5.384091e+01	-5.190773e+02
3.140000e-06	-7.513609e-06	-7.956333e-09	-5.417321e+01	-5.204952e+02
3.150000e-06	-7.557356e-06	-7.973735e-09	-5.448863e+01	-5.217687e+02
3.160000e-06	-7.598683e-06	-7.990675e-09	-5.478660e+01	-5.229019e+02
3.170000e-06	-7.637331e-06	-8.005859e-09	-5.506525e+01	-5.239041e+02
3.180000e-06	-7.673208e-06	-8.019782e-09	-5.532393e+01	-5.247889e+02
3.190000e-06	-7.706384e-06	-8.031633e-09	-5.556312e+01	-5.255728e+02
3.200000e-06	-7.736754e-06	-8.044948e-09	-5.578209e+01	-5.262729e+02
3.210000e-06	-7.764289e-06	-8.057101e-09	-5.598062e+01	-5.269049e+02
3.220000e-06	-7.789113e-06	-8.066014e-09	-5.615960e+01	-5.274805e+02
3.230000e-06	-7.811048e-06	-8.071333e-09	-5.631775e+01	-5.280067e+02
3.240000e-06	-7.830145e-06	-8.073680e-09	-5.645544e+01	-5.284844e+02
3.250000e-06	-7.846494e-06	-8.075621e-09	-5.657332e+01	-5.289086e+02
3.260000e-06	-7.859758e-06	-8.077563e-09	-5.666895e+01	-5.292695e+02
3.270000e-06	-7.869959e-06	-8.078833e-09	-5.674250e+01	-5.295543e+02
3.280000e-06	-7.877317e-06	-8.080246e-09	-5.679555e+01	-5.297491e+02
3.290000e-06	-7.881872e-06	-8.082563e-09	-5.682839e+01	-5.298415e+02
3.300000e-06	-7.883708e-06	-8.083114e-09	-5.684163e+01	-5.298227e+02
