# Temperatura_=_71.18
# Concentracion g/m^3_=_10000.0
# C_Vs_to_Am_M_A/Vsm_=_65563218390.804596
# pendiente_HvsI_1/m_=_3716.3
# ordenada_HvsI_A/m_=_1297.0
# frecuencia_Hz_=_302624.30747425323

Tiempo_(s)	Campo_(V.s)	Magnetizacion_(V.s)	Campo_(kA/m)	Magnetizacion_(A/m)
0.000000e+00	-7.919210e-06	-1.072928e-08	-5.683482e+01	-7.035556e+02
1.000000e-08	-7.917189e-06	-1.073089e-08	-5.682031e+01	-7.032261e+02
2.000000e-08	-7.912420e-06	-1.072785e-08	-5.678609e+01	-7.027589e+02
3.000000e-08	-7.905149e-06	-1.071995e-08	-5.673391e+01	-7.021672e+02
4.000000e-08	-7.895144e-06	-1.070853e-08	-5.666210e+01	-7.014658e+02
5.000000e-08	-7.882235e-06	-1.069196e-08	-5.656946e+01	-7.006694e+02
6.000000e-08	-7.866398e-06	-1.067364e-08	-5.645580e+01	-6.997906e+02
7.000000e-08	-7.847922e-06	-1.065984e-08	-5.632320e+01	-6.988389e+02
8.000000e-08	-7.827235e-06	-1.065187e-08	-5.617473e+01	-6.978195e+02
9.000000e-08	-7.803958e-06	-1.067420e-08	-5.600767e+01	-6.967332e+02
1.000000e-07	-7.777518e-06	-1.068429e-08	-5.581792e+01	-6.955766e+02
1.100000e-07	-7.747955e-06	-1.062661e-08	-5.560576e+01	-6.943429e+02
1.200000e-07	-7.715612e-06	-1.057036e-08	-5.537363e+01	-6.930229e+02
1.300000e-07	-7.680546e-06	-1.053791e-08	-5.512197e+01	-6.916061e+02
1.400000e-07	-7.642953e-06	-1.049375e-08	-5.485217e+01	-6.900819e+02
1.500000e-07	-7.603192e-06	-1.044416e-08	-5.456681e+01	-6.884401e+02
1.600000e-07	-7.561264e-06	-1.047333e-08	-5.426590e+01	-6.866721e+02
1.700000e-07	-7.516764e-06	-1.048520e-08	-5.394653e+01	-6.847707e+02
1.800000e-07	-7.469568e-06	-1.038526e-08	-5.360782e+01	-6.827302e+02
1.900000e-07	-7.419547e-06	-1.038497e-08	-5.324883e+01	-6.805464e+02
2.000000e-07	-7.366503e-06	-1.033136e-08	-5.286814e+01	-6.782160e+02
2.100000e-07	-7.310655e-06	-1.024262e-08	-5.246732e+01	-6.757366e+02
2.200000e-07	-7.252095e-06	-1.023301e-08	-5.204705e+01	-6.731065e+02
2.300000e-07	-7.190921e-06	-1.018947e-08	-5.160801e+01	-6.703245e+02
2.400000e-07	-7.127120e-06	-1.017239e-08	-5.115013e+01	-6.673905e+02
2.500000e-07	-7.060540e-06	-1.011479e-08	-5.067229e+01	-6.643052e+02
2.600000e-07	-6.991312e-06	-1.007041e-08	-5.017546e+01	-6.610705e+02
2.700000e-07	-6.919436e-06	-1.003062e-08	-4.965961e+01	-6.576898e+02
2.800000e-07	-6.844827e-06	-9.963147e-09	-4.912415e+01	-6.541676e+02
2.900000e-07	-6.767409e-06	-9.901076e-09	-4.856854e+01	-6.505096e+02
3.000000e-07	-6.687189e-06	-9.853885e-09	-4.799282e+01	-6.467217e+02
3.100000e-07	-6.604493e-06	-9.817476e-09	-4.739932e+01	-6.428097e+02
3.200000e-07	-6.519600e-06	-9.729208e-09	-4.679006e+01	-6.387780e+02
3.300000e-07	-6.432497e-06	-9.658702e-09	-4.616494e+01	-6.346291e+02
3.400000e-07	-6.343062e-06	-9.608392e-09	-4.552308e+01	-6.303629e+02
3.500000e-07	-6.251276e-06	-9.524843e-09	-4.486434e+01	-6.259762e+02
3.600000e-07	-6.157220e-06	-9.450267e-09	-4.418932e+01	-6.214630e+02
3.700000e-07	-6.060911e-06	-9.394787e-09	-4.349812e+01	-6.168148e+02
3.800000e-07	-5.962342e-06	-9.332285e-09	-4.279071e+01	-6.120216e+02
3.900000e-07	-5.861632e-06	-9.242836e-09	-4.206793e+01	-6.070728e+02
4.000000e-07	-5.758867e-06	-9.160271e-09	-4.133041e+01	-6.019589e+02
4.100000e-07	-5.654084e-06	-9.088143e-09	-4.057840e+01	-5.966719e+02
4.200000e-07	-5.547316e-06	-9.001860e-09	-3.981214e+01	-5.912070e+02
4.300000e-07	-5.438578e-06	-8.910435e-09	-3.903174e+01	-5.855622e+02
4.400000e-07	-5.327882e-06	-8.832430e-09	-3.823730e+01	-5.797385e+02
4.500000e-07	-5.215215e-06	-8.755512e-09	-3.742871e+01	-5.737391e+02
4.600000e-07	-5.100505e-06	-8.653202e-09	-3.660545e+01	-5.675685e+02
4.700000e-07	-4.983842e-06	-8.546007e-09	-3.576818e+01	-5.612306e+02
4.800000e-07	-4.865335e-06	-8.452675e-09	-3.491768e+01	-5.547276e+02
4.900000e-07	-4.744999e-06	-8.356027e-09	-3.405405e+01	-5.480586e+02
5.000000e-07	-4.622927e-06	-8.249379e-09	-3.317796e+01	-5.412189e+02
5.100000e-07	-4.499163e-06	-8.142286e-09	-3.228973e+01	-5.341996e+02
5.200000e-07	-4.373838e-06	-8.031977e-09	-3.139029e+01	-5.269884e+02
5.300000e-07	-4.246934e-06	-7.913393e-09	-3.047952e+01	-5.195704e+02
5.400000e-07	-4.118442e-06	-7.790836e-09	-2.955735e+01	-5.119299e+02
5.500000e-07	-3.988502e-06	-7.670514e-09	-2.862480e+01	-5.040521e+02
5.600000e-07	-3.856969e-06	-7.546989e-09	-2.768081e+01	-4.959250e+02
5.700000e-07	-3.723911e-06	-7.418933e-09	-2.672587e+01	-4.875403e+02
5.800000e-07	-3.589451e-06	-7.288766e-09	-2.576088e+01	-4.788945e+02
5.900000e-07	-3.453603e-06	-7.155438e-09	-2.478592e+01	-4.699887e+02
6.000000e-07	-3.316497e-06	-7.016538e-09	-2.380193e+01	-4.608271e+02
6.100000e-07	-3.178143e-06	-6.874311e-09	-2.280899e+01	-4.514158e+02
6.200000e-07	-3.038401e-06	-6.728407e-09	-2.180608e+01	-4.417603e+02
6.300000e-07	-2.897221e-06	-6.577359e-09	-2.079286e+01	-4.318629e+02
6.400000e-07	-2.754856e-06	-6.422908e-09	-1.977113e+01	-4.217207e+02
6.500000e-07	-2.611503e-06	-6.264879e-09	-1.874231e+01	-4.113241e+02
6.600000e-07	-2.467219e-06	-6.101019e-09	-1.770681e+01	-4.006561e+02
6.700000e-07	-2.322034e-06	-5.927634e-09	-1.666484e+01	-3.896932e+02
6.800000e-07	-2.175997e-06	-5.750146e-09	-1.561676e+01	-3.784064e+02
6.900000e-07	-2.029270e-06	-5.569850e-09	-1.456372e+01	-3.667649e+02
7.000000e-07	-1.881870e-06	-5.386677e-09	-1.350586e+01	-3.547381e+02
7.100000e-07	-1.733848e-06	-5.199798e-09	-1.244353e+01	-3.422998e+02
7.200000e-07	-1.585350e-06	-5.004174e-09	-1.137779e+01	-3.294301e+02
7.300000e-07	-1.436432e-06	-4.801453e-09	-1.030903e+01	-3.161171e+02
7.400000e-07	-1.287105e-06	-4.593411e-09	-9.237332e+00	-3.023571e+02
7.500000e-07	-1.137335e-06	-4.381691e-09	-8.162463e+00	-2.881528e+02
7.600000e-07	-9.871690e-07	-4.164121e-09	-7.084743e+00	-2.735099e+02
7.700000e-07	-8.366251e-07	-3.937039e-09	-6.004316e+00	-2.584323e+02
7.800000e-07	-6.857418e-07	-3.700270e-09	-4.921452e+00	-2.429169e+02
7.900000e-07	-5.345992e-07	-3.455364e-09	-3.836727e+00	-2.269479e+02
8.000000e-07	-3.832417e-07	-3.204142e-09	-2.750460e+00	-2.104926e+02
8.100000e-07	-2.316881e-07	-2.944406e-09	-1.662786e+00	-1.934987e+02
8.200000e-07	-8.004742e-08	-2.673685e-09	-5.744867e-01	-1.758940e+02
8.300000e-07	7.159797e-08	-2.391882e-09	5.138464e-01	-1.575895e+02
8.400000e-07	2.232458e-07	-2.098153e-09	1.602197e+00	-1.384852e+02
8.500000e-07	3.748151e-07	-1.790684e-09	2.689984e+00	-1.184790e+02
8.600000e-07	5.262867e-07	-1.469753e-09	3.777070e+00	-9.747755e+01
8.700000e-07	6.776595e-07	-1.136036e-09	4.863447e+00	-7.540833e+01
8.800000e-07	8.288618e-07	-7.878575e-10	5.948600e+00	-5.223150e+01
8.900000e-07	9.797564e-07	-4.224461e-10	7.031544e+00	-2.795030e+01
9.000000e-07	1.130288e-06	-4.070861e-11	8.111883e+00	-2.618628e+00
9.100000e-07	1.280408e-06	3.561650e-10	9.189273e+00	2.365515e+01
9.200000e-07	1.430004e-06	7.684119e-10	1.026289e+01	5.070891e+01
9.300000e-07	1.579092e-06	1.193194e-09	1.133287e+01	7.833221e+01
9.400000e-07	1.727718e-06	1.624983e-09	1.239954e+01	1.062761e+02
9.500000e-07	1.875722e-06	2.056005e-09	1.346173e+01	1.342665e+02
9.600000e-07	2.023030e-06	2.481640e-09	1.451894e+01	1.620203e+02
9.700000e-07	2.169709e-06	2.899269e-09	1.557163e+01	1.892619e+02
9.800000e-07	2.315593e-06	3.303669e-09	1.661862e+01	2.157396e+02
9.900000e-07	2.460516e-06	3.687451e-09	1.765870e+01	2.412397e+02
1.000000e-06	2.604510e-06	4.050944e-09	1.869213e+01	2.655969e+02
1.010000e-06	2.747503e-06	4.396154e-09	1.971836e+01	2.887008e+02
1.020000e-06	2.889396e-06	4.723329e-09	2.073670e+01	3.104974e+02
1.030000e-06	3.030153e-06	5.032167e-09	2.174689e+01	3.309859e+02
1.040000e-06	3.169685e-06	5.324392e-09	2.274829e+01	3.502117e+02
1.050000e-06	3.307897e-06	5.600336e-09	2.374022e+01	3.682560e+02
1.060000e-06	3.444792e-06	5.858981e-09	2.472269e+01	3.852237e+02
1.070000e-06	3.580416e-06	6.104738e-09	2.569603e+01	4.012308e+02
1.080000e-06	3.714732e-06	6.340355e-09	2.665999e+01	4.163930e+02
1.090000e-06	3.847761e-06	6.564612e-09	2.761473e+01	4.308159e+02
1.100000e-06	3.979370e-06	6.774983e-09	2.855926e+01	4.445876e+02
1.110000e-06	4.109486e-06	6.972561e-09	2.949308e+01	4.577759e+02
1.120000e-06	4.238153e-06	7.161591e-09	3.041650e+01	4.704269e+02
1.130000e-06	4.365311e-06	7.344332e-09	3.132909e+01	4.825677e+02
1.140000e-06	4.491014e-06	7.519743e-09	3.223124e+01	4.942103e+02
1.150000e-06	4.615244e-06	7.686498e-09	3.312282e+01	5.053574e+02
1.160000e-06	4.737864e-06	7.846809e-09	3.400284e+01	5.160081e+02
1.170000e-06	4.858775e-06	8.000686e-09	3.487060e+01	5.261628e+02
1.180000e-06	4.977909e-06	8.148540e-09	3.572560e+01	5.358275e+02
1.190000e-06	5.095266e-06	8.290624e-09	3.656785e+01	5.450158e+02
1.200000e-06	5.210724e-06	8.425724e-09	3.739648e+01	5.537494e+02
1.210000e-06	5.324092e-06	8.554325e-09	3.821010e+01	5.620571e+02
1.220000e-06	5.435422e-06	8.677420e-09	3.900910e+01	5.699724e+02
1.230000e-06	5.544874e-06	8.796903e-09	3.979461e+01	5.775305e+02
1.240000e-06	5.652400e-06	8.909479e-09	4.056631e+01	5.847648e+02
1.250000e-06	5.757831e-06	9.015656e-09	4.132297e+01	5.917046e+02
1.260000e-06	5.861098e-06	9.118380e-09	4.206410e+01	5.983730e+02
1.270000e-06	5.962256e-06	9.217452e-09	4.279010e+01	6.047863e+02
1.280000e-06	6.061252e-06	9.309711e-09	4.350057e+01	6.109542e+02
1.290000e-06	6.157880e-06	9.396778e-09	4.419406e+01	6.168814e+02
1.300000e-06	6.252215e-06	9.481334e-09	4.487108e+01	6.225692e+02
1.310000e-06	6.344463e-06	9.561669e-09	4.553313e+01	6.280185e+02
1.320000e-06	6.434494e-06	9.638558e-09	4.617927e+01	6.332312e+02
1.330000e-06	6.522106e-06	9.712144e-09	4.680804e+01	6.382121e+02
1.340000e-06	6.607414e-06	9.784537e-09	4.742028e+01	6.429698e+02
1.350000e-06	6.690476e-06	9.856707e-09	4.801641e+01	6.475161e+02
1.360000e-06	6.771071e-06	9.925188e-09	4.859482e+01	6.518652e+02
1.370000e-06	6.849095e-06	9.989096e-09	4.915479e+01	6.560323e+02
1.380000e-06	6.924533e-06	1.004961e-08	4.969619e+01	6.600309e+02
1.390000e-06	6.997370e-06	1.010803e-08	5.021893e+01	6.638717e+02
1.400000e-06	7.067677e-06	1.016519e-08	5.072351e+01	6.675603e+02
1.410000e-06	7.135557e-06	1.022182e-08	5.121068e+01	6.710968e+02
1.420000e-06	7.200843e-06	1.027492e-08	5.167922e+01	6.744758e+02
1.430000e-06	7.263516e-06	1.032239e-08	5.212901e+01	6.776874e+02
1.440000e-06	7.323827e-06	1.036609e-08	5.256186e+01	6.807185e+02
1.450000e-06	7.381655e-06	1.040808e-08	5.297688e+01	6.835555e+02
1.460000e-06	7.436804e-06	1.044819e-08	5.337268e+01	6.861868e+02
1.470000e-06	7.489081e-06	1.048425e-08	5.374786e+01	6.886044e+02
1.480000e-06	7.538184e-06	1.051875e-08	5.410026e+01	6.908061e+02
1.490000e-06	7.584360e-06	1.055094e-08	5.443166e+01	6.927960e+02
1.500000e-06	7.628040e-06	1.057792e-08	5.474514e+01	6.945849e+02
1.510000e-06	7.668990e-06	1.060237e-08	5.503903e+01	6.961889e+02
1.520000e-06	7.707138e-06	1.062678e-08	5.531281e+01	6.976275e+02
1.530000e-06	7.742702e-06	1.064973e-08	5.556806e+01	6.989217e+02
1.540000e-06	7.775526e-06	1.066975e-08	5.580363e+01	7.000915e+02
1.550000e-06	7.805543e-06	1.068681e-08	5.601905e+01	7.011531e+02
1.560000e-06	7.832845e-06	1.070137e-08	5.621499e+01	7.021178e+02
1.570000e-06	7.857212e-06	1.071356e-08	5.638987e+01	7.029906e+02
1.580000e-06	7.878718e-06	1.072453e-08	5.654422e+01	7.037702e+02
1.590000e-06	7.897524e-06	1.073445e-08	5.667918e+01	7.044497e+02
1.600000e-06	7.913424e-06	1.074305e-08	5.679329e+01	7.050183e+02
1.610000e-06	7.926302e-06	1.075006e-08	5.688572e+01	7.054632e+02
1.620000e-06	7.936076e-06	1.075383e-08	5.695586e+01	7.057718e+02
1.630000e-06	7.942844e-06	1.075619e-08	5.700444e+01	7.059340e+02
1.640000e-06	7.946834e-06	1.075910e-08	5.703307e+01	7.059436e+02
1.650000e-06	7.948008e-06	1.076202e-08	5.704150e+01	7.057993e+02
1.660000e-06	7.946443e-06	1.076002e-08	5.703027e+01	7.055054e+02
1.670000e-06	7.942270e-06	1.075175e-08	5.700032e+01	7.050708e+02
1.680000e-06	7.935378e-06	1.074583e-08	5.695086e+01	7.045082e+02
1.690000e-06	7.925874e-06	1.073829e-08	5.688265e+01	7.038321e+02
1.700000e-06	7.913693e-06	1.072717e-08	5.679523e+01	7.030575e+02
1.710000e-06	7.898699e-06	1.071615e-08	5.668762e+01	7.021977e+02
1.720000e-06	7.881208e-06	1.070276e-08	5.656209e+01	7.012629e+02
1.730000e-06	7.861484e-06	1.067477e-08	5.642053e+01	7.002595e+02
1.740000e-06	7.839163e-06	1.059262e-08	5.626034e+01	6.991894e+02
1.750000e-06	7.813634e-06	1.056872e-08	5.607712e+01	6.980502e+02
1.760000e-06	7.784489e-06	1.059910e-08	5.586795e+01	6.968359e+02
1.770000e-06	7.752048e-06	1.059505e-08	5.563513e+01	6.955378e+02
1.780000e-06	7.717151e-06	1.059020e-08	5.538468e+01	6.941455e+02
1.790000e-06	7.679933e-06	1.061143e-08	5.511757e+01	6.926484e+02
1.800000e-06	7.640485e-06	1.056347e-08	5.483445e+01	6.910363e+02
1.810000e-06	7.599006e-06	1.047575e-08	5.453677e+01	6.892999e+02
1.820000e-06	7.555066e-06	1.050889e-08	5.422142e+01	6.874318e+02
1.830000e-06	7.508497e-06	1.045126e-08	5.388721e+01	6.854259e+02
1.840000e-06	7.459245e-06	1.044892e-08	5.353373e+01	6.832775e+02
1.850000e-06	7.407001e-06	1.045641e-08	5.315878e+01	6.809834e+02
1.860000e-06	7.351850e-06	1.036713e-08	5.276298e+01	6.785407e+02
1.870000e-06	7.293961e-06	1.037019e-08	5.234752e+01	6.759477e+02
1.880000e-06	7.233489e-06	1.025961e-08	5.191352e+01	6.732031e+02
1.890000e-06	7.170280e-06	1.022025e-08	5.145988e+01	6.703065e+02
1.900000e-06	7.104254e-06	1.019674e-08	5.098602e+01	6.672582e+02
1.910000e-06	7.035569e-06	1.011430e-08	5.049308e+01	6.640599e+02
1.920000e-06	6.964060e-06	1.011621e-08	4.997987e+01	6.607146e+02
1.930000e-06	6.889843e-06	1.004213e-08	4.944723e+01	6.572267e+02
1.940000e-06	6.812955e-06	9.995354e-09	4.889542e+01	6.536014e+02
1.950000e-06	6.733334e-06	9.905837e-09	4.832399e+01	6.498447e+02
1.960000e-06	6.651238e-06	9.848545e-09	4.773480e+01	6.459626e+02
1.970000e-06	6.566721e-06	9.822011e-09	4.712824e+01	6.419598e+02
1.980000e-06	6.479732e-06	9.731709e-09	4.650393e+01	6.378394e+02
1.990000e-06	6.390378e-06	9.702724e-09	4.586265e+01	6.336021e+02
2.000000e-06	6.298871e-06	9.625308e-09	4.520593e+01	6.292453e+02
2.010000e-06	6.205189e-06	9.544440e-09	4.453359e+01	6.247638e+02
2.020000e-06	6.109198e-06	9.454421e-09	4.384467e+01	6.201496e+02
2.030000e-06	6.010975e-06	9.391923e-09	4.313975e+01	6.153929e+02
2.040000e-06	5.910655e-06	9.333313e-09	4.241976e+01	6.104834e+02
2.050000e-06	5.808245e-06	9.249592e-09	4.168478e+01	6.054108e+02
2.060000e-06	5.703761e-06	9.179858e-09	4.093492e+01	6.001671e+02
2.070000e-06	5.597359e-06	9.091187e-09	4.017129e+01	5.947463e+02
2.080000e-06	5.489014e-06	8.998809e-09	3.939372e+01	5.891458e+02
2.090000e-06	5.378707e-06	8.890367e-09	3.860206e+01	5.833659e+02
2.100000e-06	5.266449e-06	8.809460e-09	3.779640e+01	5.774094e+02
2.110000e-06	5.152149e-06	8.722812e-09	3.697609e+01	5.712805e+02
2.120000e-06	5.035843e-06	8.629651e-09	3.614138e+01	5.649835e+02
2.130000e-06	4.917610e-06	8.532622e-09	3.529285e+01	5.585211e+02
2.140000e-06	4.797508e-06	8.435659e-09	3.443090e+01	5.518932e+02
2.150000e-06	4.675664e-06	8.328112e-09	3.355644e+01	5.450961e+02
2.160000e-06	4.552115e-06	8.212040e-09	3.266975e+01	5.381221e+02
2.170000e-06	4.426899e-06	8.104569e-09	3.177110e+01	5.309595e+02
2.180000e-06	4.300045e-06	7.995358e-09	3.086069e+01	5.235940e+02
2.190000e-06	4.171557e-06	7.884037e-09	2.993855e+01	5.160099e+02
2.200000e-06	4.041636e-06	7.762429e-09	2.900614e+01	5.081921e+02
2.210000e-06	3.910206e-06	7.639550e-09	2.806288e+01	5.001276e+02
2.220000e-06	3.777315e-06	7.508486e-09	2.710914e+01	4.918071e+02
2.230000e-06	3.643043e-06	7.379402e-09	2.614550e+01	4.832260e+02
2.240000e-06	3.507381e-06	7.249790e-09	2.517188e+01	4.743842e+02
2.250000e-06	3.370415e-06	7.116832e-09	2.418890e+01	4.652853e+02
2.260000e-06	3.232142e-06	6.974418e-09	2.319654e+01	4.559352e+02
2.270000e-06	3.092616e-06	6.825805e-09	2.219518e+01	4.463397e+02
2.280000e-06	2.951852e-06	6.672588e-09	2.118494e+01	4.365022e+02
2.290000e-06	2.809908e-06	6.515349e-09	2.016623e+01	4.264211e+02
2.300000e-06	2.666825e-06	6.358110e-09	1.913935e+01	4.160888e+02
2.310000e-06	2.522753e-06	6.197851e-09	1.810537e+01	4.054900e+02
2.320000e-06	2.377886e-06	6.034573e-09	1.706568e+01	3.946026e+02
2.330000e-06	2.232295e-06	5.865040e-09	1.602080e+01	3.833990e+02
2.340000e-06	2.085977e-06	5.691318e-09	1.497070e+01	3.718484e+02
2.350000e-06	1.938900e-06	5.509190e-09	1.391515e+01	3.599200e+02
2.360000e-06	1.791105e-06	5.318294e-09	1.285445e+01	3.475861e+02
2.370000e-06	1.642731e-06	5.122017e-09	1.178960e+01	3.348250e+02
2.380000e-06	1.493878e-06	4.919937e-09	1.072131e+01	3.216228e+02
2.390000e-06	1.344582e-06	4.713106e-09	9.649833e+00	3.079738e+02
2.400000e-06	1.194877e-06	4.499137e-09	8.575426e+00	2.938795e+02
2.410000e-06	1.044813e-06	4.276351e-09	7.498444e+00	2.793450e+02
2.420000e-06	8.944146e-07	4.046168e-09	6.419061e+00	2.643754e+02
2.430000e-06	7.437688e-07	3.810513e-09	5.337902e+00	2.489696e+02
2.440000e-06	5.928857e-07	3.570987e-09	4.255039e+00	2.331157e+02
2.450000e-06	4.417367e-07	3.324385e-09	3.170269e+00	2.167854e+02
2.460000e-06	2.903659e-07	3.067351e-09	2.083906e+00	1.999315e+02
2.470000e-06	1.387907e-07	2.797035e-09	9.960771e-01	1.824866e+02
2.480000e-06	-1.290261e-08	2.513410e-09	-9.259983e-02	1.643655e+02
2.490000e-06	-1.645956e-07	2.219577e-09	-1.181275e+00	1.454701e+02
2.500000e-06	-3.161779e-07	1.915413e-09	-2.269155e+00	1.256980e+02
2.510000e-06	-4.676002e-07	1.600590e-09	-3.355887e+00	1.049525e+02
2.520000e-06	-6.188910e-07	1.271834e-09	-4.441675e+00	8.315479e+01
2.530000e-06	-7.700663e-07	9.264703e-10	-5.526635e+00	6.025572e+01
2.540000e-06	-9.209689e-07	5.639880e-10	-6.609637e+00	3.624697e+01
2.550000e-06	-1.071461e-06	1.865724e-10	-7.689696e+00	1.116925e+01
2.560000e-06	-1.221609e-06	-2.047792e-10	-8.767280e+00	-1.488282e+01
2.570000e-06	-1.371393e-06	-6.129361e-10	-9.842254e+00	-4.176023e+01
2.580000e-06	-1.520673e-06	-1.036833e-09	-1.091361e+01	-6.926386e+01
2.590000e-06	-1.669371e-06	-1.470893e-09	-1.198079e+01	-9.715322e+01
2.600000e-06	-1.817503e-06	-1.906238e-09	-1.304391e+01	-1.251592e+02
2.610000e-06	-1.964963e-06	-2.337627e-09	-1.410220e+01	-1.529992e+02
2.620000e-06	-2.111595e-06	-2.761242e-09	-1.515456e+01	-1.803943e+02
2.630000e-06	-2.257430e-06	-3.172249e-09	-1.620119e+01	-2.070854e+02
2.640000e-06	-2.402528e-06	-3.564756e-09	-1.724253e+01	-2.328480e+02
2.650000e-06	-2.546758e-06	-3.938026e-09	-1.827765e+01	-2.575042e+02
2.660000e-06	-2.689903e-06	-4.290935e-09	-1.930497e+01	-2.809293e+02
2.670000e-06	-2.831940e-06	-4.622971e-09	-2.032435e+01	-3.030555e+02
2.680000e-06	-2.972827e-06	-4.938080e-09	-2.133547e+01	-3.238691e+02
2.690000e-06	-3.112493e-06	-5.237005e-09	-2.233783e+01	-3.434048e+02
2.700000e-06	-3.250938e-06	-5.518777e-09	-2.333143e+01	-3.617360e+02
2.710000e-06	-3.388209e-06	-5.783233e-09	-2.431660e+01	-3.789629e+02
2.720000e-06	-3.524208e-06	-6.034341e-09	-2.529264e+01	-3.951997e+02
2.730000e-06	-3.658853e-06	-6.275641e-09	-2.625896e+01	-4.105635e+02
2.740000e-06	-3.792179e-06	-6.505626e-09	-2.721582e+01	-4.251628e+02
2.750000e-06	-3.924150e-06	-6.722493e-09	-2.816295e+01	-4.390908e+02
2.760000e-06	-4.054731e-06	-6.927267e-09	-2.910011e+01	-4.524205e+02
2.770000e-06	-4.183958e-06	-7.121634e-09	-3.002755e+01	-4.652032e+02
2.780000e-06	-4.311713e-06	-7.306996e-09	-3.094443e+01	-4.774706e+02
2.790000e-06	-4.437940e-06	-7.482618e-09	-3.185034e+01	-4.892379e+02
2.800000e-06	-4.562711e-06	-7.649911e-09	-3.274580e+01	-5.005096e+02
2.810000e-06	-4.685839e-06	-7.811996e-09	-3.362947e+01	-5.112851e+02
2.820000e-06	-4.807302e-06	-7.968610e-09	-3.450119e+01	-5.215642e+02
2.830000e-06	-4.927015e-06	-8.118391e-09	-3.536035e+01	-5.313512e+02
2.840000e-06	-5.044737e-06	-8.261895e-09	-3.620522e+01	-5.406575e+02
2.850000e-06	-5.160438e-06	-8.399068e-09	-3.703558e+01	-5.495029e+02
2.860000e-06	-5.273993e-06	-8.528887e-09	-3.785055e+01	-5.579148e+02
2.870000e-06	-5.385419e-06	-8.649121e-09	-3.865023e+01	-5.659256e+02
2.880000e-06	-5.494901e-06	-8.762699e-09	-3.943597e+01	-5.735704e+02
2.890000e-06	-5.602519e-06	-8.874870e-09	-4.020832e+01	-5.808833e+02
2.900000e-06	-5.708250e-06	-8.983728e-09	-4.096714e+01	-5.878950e+02
2.910000e-06	-5.811906e-06	-9.087509e-09	-4.171106e+01	-5.946301e+02
2.920000e-06	-5.913320e-06	-9.185436e-09	-4.243889e+01	-6.011067e+02
2.930000e-06	-6.012553e-06	-9.279656e-09	-4.315107e+01	-6.073361e+02
2.940000e-06	-6.109721e-06	-9.370118e-09	-4.384842e+01	-6.133239e+02
2.950000e-06	-6.204697e-06	-9.455340e-09	-4.453005e+01	-6.190721e+02
2.960000e-06	-6.297322e-06	-9.537246e-09	-4.519481e+01	-6.245816e+02
2.970000e-06	-6.387688e-06	-9.616141e-09	-4.584335e+01	-6.298538e+02
2.980000e-06	-6.475845e-06	-9.692654e-09	-4.647604e+01	-6.348927e+02
2.990000e-06	-6.561601e-06	-9.768370e-09	-4.709149e+01	-6.397058e+02
3.000000e-06	-6.644906e-06	-9.842976e-09	-4.768936e+01	-6.443044e+02
3.010000e-06	-6.725899e-06	-9.912898e-09	-4.827063e+01	-6.487021e+02
3.020000e-06	-6.804408e-06	-9.978400e-09	-4.883408e+01	-6.529139e+02
3.030000e-06	-6.880222e-06	-1.004294e-08	-4.937818e+01	-6.569542e+02
3.040000e-06	-6.953561e-06	-1.010501e-08	-4.990452e+01	-6.608344e+02
3.050000e-06	-7.024442e-06	-1.016094e-08	-5.041322e+01	-6.645614e+02
3.060000e-06	-7.092732e-06	-1.021202e-08	-5.090333e+01	-6.681369e+02
3.070000e-06	-7.158545e-06	-1.026135e-08	-5.137565e+01	-6.715568e+02
3.080000e-06	-7.221845e-06	-1.030883e-08	-5.182995e+01	-6.748120e+02
3.090000e-06	-7.282510e-06	-1.035296e-08	-5.226533e+01	-6.778901e+02
3.100000e-06	-7.340588e-06	-1.039410e-08	-5.268214e+01	-6.807776e+02
3.110000e-06	-7.396067e-06	-1.043575e-08	-5.308031e+01	-6.834619e+02
3.120000e-06	-7.448719e-06	-1.047505e-08	-5.345819e+01	-6.859341e+02
3.130000e-06	-7.498216e-06	-1.051068e-08	-5.381342e+01	-6.881902e+02
3.140000e-06	-7.544671e-06	-1.054149e-08	-5.414682e+01	-6.902330e+02
3.150000e-06	-7.588657e-06	-1.056705e-08	-5.446250e+01	-6.920715e+02
3.160000e-06	-7.630283e-06	-1.059152e-08	-5.476124e+01	-6.937206e+02
3.170000e-06	-7.669227e-06	-1.061550e-08	-5.504073e+01	-6.951993e+02
3.180000e-06	-7.705414e-06	-1.063763e-08	-5.530044e+01	-6.965284e+02
3.190000e-06	-7.738970e-06	-1.065603e-08	-5.554127e+01	-6.977282e+02
3.200000e-06	-7.769709e-06	-1.067337e-08	-5.576188e+01	-6.988162e+02
3.210000e-06	-7.797541e-06	-1.068821e-08	-5.596162e+01	-6.998051e+02
3.220000e-06	-7.822600e-06	-1.070195e-08	-5.614147e+01	-7.007014e+02
3.230000e-06	-7.844796e-06	-1.071382e-08	-5.630076e+01	-7.015054e+02
3.240000e-06	-7.864157e-06	-1.072166e-08	-5.643971e+01	-7.022115e+02
3.250000e-06	-7.880784e-06	-1.072639e-08	-5.655904e+01	-7.028097e+02
3.260000e-06	-7.894398e-06	-1.073037e-08	-5.665675e+01	-7.032874e+02
3.270000e-06	-7.904870e-06	-1.073316e-08	-5.673191e+01	-7.036319e+02
3.280000e-06	-7.912431e-06	-1.073402e-08	-5.678617e+01	-7.038321e+02
3.290000e-06	-7.917169e-06	-1.073343e-08	-5.682017e+01	-7.038808e+02
3.300000e-06	-7.919162e-06	-1.073105e-08	-5.683448e+01	-7.037755e+02
