# Temperatura_=_26.56
# Concentracion g/m^3_=_10000.0
# C_Vs_to_Am_M_A/Vsm_=_65563218390.804596
# pendiente_HvsI_1/m_=_3716.3
# ordenada_HvsI_A/m_=_1297.0
# frecuencia_Hz_=_302613.6485135014

Tiempo_(s)	Campo_(V.s)	Magnetizacion_(V.s)	Campo_(kA/m)	Magnetizacion_(A/m)
0.000000e+00	-7.869551e-06	-8.037573e-09	-5.683621e+01	-5.268234e+02
1.000000e-08	-7.867355e-06	-8.044072e-09	-5.682035e+01	-5.266229e+02
2.000000e-08	-7.862459e-06	-8.040280e-09	-5.678499e+01	-5.263015e+02
3.000000e-08	-7.855066e-06	-8.031918e-09	-5.673159e+01	-5.258717e+02
4.000000e-08	-7.844967e-06	-8.026886e-09	-5.665865e+01	-5.253524e+02
5.000000e-08	-7.832064e-06	-8.018793e-09	-5.656547e+01	-5.247670e+02
6.000000e-08	-7.816203e-06	-8.002719e-09	-5.645091e+01	-5.241396e+02
7.000000e-08	-7.797689e-06	-7.987091e-09	-5.631720e+01	-5.234925e+02
8.000000e-08	-7.777021e-06	-7.967301e-09	-5.616793e+01	-5.228427e+02
9.000000e-08	-7.753822e-06	-8.012544e-09	-5.600038e+01	-5.221997e+02
1.000000e-07	-7.727466e-06	-8.060621e-09	-5.581003e+01	-5.215639e+02
1.100000e-07	-7.697935e-06	-7.996684e-09	-5.559675e+01	-5.209268e+02
1.200000e-07	-7.665602e-06	-7.946959e-09	-5.536323e+01	-5.202712e+02
1.300000e-07	-7.630591e-06	-7.922452e-09	-5.511037e+01	-5.195739e+02
1.400000e-07	-7.593118e-06	-7.859907e-09	-5.483973e+01	-5.188084e+02
1.500000e-07	-7.553527e-06	-7.785813e-09	-5.455379e+01	-5.179475e+02
1.600000e-07	-7.511765e-06	-7.863081e-09	-5.425218e+01	-5.169674e+02
1.700000e-07	-7.467430e-06	-7.974628e-09	-5.393197e+01	-5.158494e+02
1.800000e-07	-7.420435e-06	-7.810142e-09	-5.359256e+01	-5.145824e+02
1.900000e-07	-7.370645e-06	-7.827067e-09	-5.323297e+01	-5.131634e+02
2.000000e-07	-7.317814e-06	-7.806008e-09	-5.285141e+01	-5.115974e+02
2.100000e-07	-7.262230e-06	-7.682582e-09	-5.244996e+01	-5.098961e+02
2.200000e-07	-7.203979e-06	-7.739521e-09	-5.202926e+01	-5.080758e+02
2.300000e-07	-7.143030e-06	-7.705443e-09	-5.158906e+01	-5.061547e+02
2.400000e-07	-7.079539e-06	-7.694861e-09	-5.113051e+01	-5.041506e+02
2.500000e-07	-7.013311e-06	-7.613355e-09	-5.065220e+01	-5.020785e+02
2.600000e-07	-6.944405e-06	-7.600957e-09	-5.015454e+01	-4.999486e+02
2.700000e-07	-6.872897e-06	-7.622489e-09	-4.963808e+01	-4.977657e+02
2.800000e-07	-6.798660e-06	-7.568197e-09	-4.910192e+01	-4.955286e+02
2.900000e-07	-6.721675e-06	-7.512946e-09	-4.854591e+01	-4.932313e+02
3.000000e-07	-6.641839e-06	-7.464321e-09	-4.796931e+01	-4.908638e+02
3.100000e-07	-6.559457e-06	-7.466792e-09	-4.737432e+01	-4.884144e+02
3.200000e-07	-6.474942e-06	-7.406453e-09	-4.676393e+01	-4.858709e+02
3.300000e-07	-6.388207e-06	-7.353292e-09	-4.613751e+01	-4.832227e+02
3.400000e-07	-6.299178e-06	-7.333075e-09	-4.549451e+01	-4.804618e+02
3.500000e-07	-6.207878e-06	-7.259329e-09	-4.483512e+01	-4.775835e+02
3.600000e-07	-6.114367e-06	-7.210954e-09	-4.415975e+01	-4.745865e+02
3.700000e-07	-6.018659e-06	-7.186177e-09	-4.346852e+01	-4.714722e+02
3.800000e-07	-5.920705e-06	-7.159461e-09	-4.276107e+01	-4.682441e+02
3.900000e-07	-5.820519e-06	-7.100774e-09	-4.203750e+01	-4.649062e+02
4.000000e-07	-5.718255e-06	-7.027752e-09	-4.129892e+01	-4.614621e+02
4.100000e-07	-5.614013e-06	-6.961128e-09	-4.054605e+01	-4.579135e+02
4.200000e-07	-5.507784e-06	-6.901933e-09	-3.977883e+01	-4.542602e+02
4.300000e-07	-5.399623e-06	-6.872175e-09	-3.899766e+01	-4.504990e+02
4.400000e-07	-5.289621e-06	-6.825411e-09	-3.820320e+01	-4.466243e+02
4.500000e-07	-5.177696e-06	-6.752194e-09	-3.739484e+01	-4.426287e+02
4.600000e-07	-5.063698e-06	-6.672369e-09	-3.657152e+01	-4.385034e+02
4.700000e-07	-4.947690e-06	-6.602267e-09	-3.573367e+01	-4.342394e+02
4.800000e-07	-4.829797e-06	-6.536083e-09	-3.488221e+01	-4.298279e+02
4.900000e-07	-4.710077e-06	-6.476816e-09	-3.401756e+01	-4.252616e+02
5.000000e-07	-4.588701e-06	-6.419854e-09	-3.314095e+01	-4.205342e+02
5.100000e-07	-4.465686e-06	-6.338158e-09	-3.225250e+01	-4.156412e+02
5.200000e-07	-4.340981e-06	-6.243916e-09	-3.135184e+01	-4.105792e+02
5.300000e-07	-4.214719e-06	-6.167486e-09	-3.043994e+01	-4.053455e+02
5.400000e-07	-4.086893e-06	-6.097661e-09	-2.951674e+01	-3.999378e+02
5.500000e-07	-3.957643e-06	-6.004027e-09	-2.858326e+01	-3.943537e+02
5.600000e-07	-3.826938e-06	-5.904803e-09	-2.763927e+01	-3.885899e+02
5.700000e-07	-3.694706e-06	-5.827235e-09	-2.668425e+01	-3.826426e+02
5.800000e-07	-3.561078e-06	-5.740540e-09	-2.571915e+01	-3.765072e+02
5.900000e-07	-3.426032e-06	-5.633318e-09	-2.474381e+01	-3.701782e+02
6.000000e-07	-3.289583e-06	-5.528786e-09	-2.375834e+01	-3.636501e+02
6.100000e-07	-3.152004e-06	-5.429438e-09	-2.276470e+01	-3.569172e+02
6.200000e-07	-3.013366e-06	-5.315347e-09	-2.176342e+01	-3.499737e+02
6.300000e-07	-2.873310e-06	-5.200033e-09	-2.075189e+01	-3.428139e+02
6.400000e-07	-2.731866e-06	-5.102757e-09	-1.973034e+01	-3.354319e+02
6.500000e-07	-2.589346e-06	-5.000493e-09	-1.870102e+01	-3.278213e+02
6.600000e-07	-2.445903e-06	-4.875859e-09	-1.766503e+01	-3.199743e+02
6.700000e-07	-2.301568e-06	-4.739693e-09	-1.662260e+01	-3.118817e+02
6.800000e-07	-2.156323e-06	-4.610211e-09	-1.557360e+01	-3.035324e+02
6.900000e-07	-2.010273e-06	-4.476024e-09	-1.451878e+01	-2.949131e+02
7.000000e-07	-1.863631e-06	-4.338110e-09	-1.345969e+01	-2.860088e+02
7.100000e-07	-1.716525e-06	-4.199663e-09	-1.239725e+01	-2.768032e+02
7.200000e-07	-1.568874e-06	-4.053532e-09	-1.133087e+01	-2.672798e+02
7.300000e-07	-1.420672e-06	-3.899790e-09	-1.026051e+01	-2.574231e+02
7.400000e-07	-1.272029e-06	-3.741889e-09	-9.186966e+00	-2.472191e+02
7.500000e-07	-1.123021e-06	-3.584857e-09	-8.110788e+00	-2.366569e+02
7.600000e-07	-9.737225e-07	-3.423194e-09	-7.032510e+00	-2.257284e+02
7.700000e-07	-8.241972e-07	-3.254276e-09	-5.952594e+00	-2.144285e+02
7.800000e-07	-6.744400e-07	-3.074408e-09	-4.871004e+00	-2.027539e+02
7.900000e-07	-5.244218e-07	-2.887676e-09	-3.787528e+00	-1.907018e+02
8.000000e-07	-3.742088e-07	-2.696805e-09	-2.702646e+00	-1.782678e+02
8.100000e-07	-2.238651e-07	-2.501865e-09	-1.616820e+00	-1.654434e+02
8.200000e-07	-7.337642e-08	-2.299291e-09	-5.299461e-01	-1.522144e+02
8.300000e-07	7.722956e-08	-2.090088e-09	5.577746e-01	-1.385593e+02
8.400000e-07	2.278865e-07	-1.877903e-09	1.645863e+00	-1.244489e+02
8.500000e-07	3.784656e-07	-1.657231e-09	2.733390e+00	-1.098474e+02
8.600000e-07	5.289221e-07	-1.427706e-09	3.820031e+00	-9.471458e+01
8.700000e-07	6.792070e-07	-1.189643e-09	4.905432e+00	-7.900988e+01
8.800000e-07	8.292154e-07	-9.433704e-10	5.988838e+00	-6.269743e+01
8.900000e-07	9.789476e-07	-6.861386e-10	7.070247e+00	-4.575194e+01
9.000000e-07	1.128469e-06	-4.196720e-10	8.150132e+00	-2.816475e+01
9.100000e-07	1.277668e-06	-1.478300e-10	9.227690e+00	-9.949371e+00
9.200000e-07	1.426403e-06	1.324541e-10	1.030190e+01	8.854186e+00
9.300000e-07	1.574672e-06	4.269335e-10	1.137275e+01	2.817699e+01
9.400000e-07	1.722377e-06	7.334450e-10	1.243951e+01	4.792108e+01
9.500000e-07	1.869443e-06	1.042991e-09	1.350167e+01	6.796191e+01
9.600000e-07	2.015893e-06	1.354211e-09	1.455938e+01	8.815332e+01
9.700000e-07	2.161676e-06	1.664332e-09	1.561226e+01	1.083347e+02
9.800000e-07	2.306617e-06	1.970129e-09	1.665907e+01	1.283397e+02
9.900000e-07	2.450608e-06	2.266339e-09	1.769901e+01	1.480057e+02
1.000000e-06	2.593672e-06	2.557031e-09	1.873226e+01	1.671829e+02
1.010000e-06	2.735712e-06	2.838303e-09	1.975811e+01	1.857431e+02
1.020000e-06	2.876639e-06	3.106479e-09	2.077593e+01	2.035855e+02
1.030000e-06	3.016408e-06	3.363091e-09	2.178538e+01	2.206406e+02
1.040000e-06	3.154917e-06	3.608580e-09	2.278574e+01	2.368716e+02
1.050000e-06	3.292190e-06	3.843153e-09	2.377716e+01	2.522725e+02
1.060000e-06	3.428236e-06	4.064457e-09	2.475973e+01	2.668634e+02
1.070000e-06	3.562973e-06	4.274911e-09	2.573284e+01	2.806853e+02
1.080000e-06	3.696459e-06	4.475769e-09	2.669692e+01	2.937917e+02
1.090000e-06	3.828625e-06	4.664656e-09	2.765146e+01	3.062421e+02
1.100000e-06	3.959328e-06	4.844131e-09	2.859543e+01	3.180944e+02
1.110000e-06	4.088646e-06	5.018248e-09	2.952940e+01	3.293998e+02
1.120000e-06	4.216507e-06	5.183933e-09	3.045285e+01	3.401989e+02
1.130000e-06	4.342838e-06	5.339864e-09	3.136525e+01	3.505204e+02
1.140000e-06	4.467767e-06	5.488781e-09	3.226753e+01	3.603814e+02
1.150000e-06	4.591183e-06	5.631877e-09	3.315888e+01	3.697898e+02
1.160000e-06	4.712927e-06	5.768275e-09	3.403815e+01	3.787480e+02
1.170000e-06	4.832994e-06	5.897064e-09	3.490530e+01	3.872567e+02
1.180000e-06	4.951330e-06	6.017422e-09	3.575996e+01	3.953191e+02
1.190000e-06	5.067815e-06	6.132309e-09	3.660125e+01	4.029441e+02
1.200000e-06	5.182372e-06	6.241565e-09	3.742862e+01	4.101484e+02
1.210000e-06	5.294954e-06	6.346928e-09	3.824172e+01	4.169567e+02
1.220000e-06	5.405550e-06	6.446257e-09	3.904047e+01	4.234010e+02
1.230000e-06	5.514340e-06	6.540678e-09	3.982618e+01	4.295183e+02
1.240000e-06	5.621227e-06	6.628878e-09	4.059815e+01	4.353474e+02
1.250000e-06	5.725936e-06	6.712268e-09	4.135439e+01	4.409252e+02
1.260000e-06	5.828488e-06	6.795123e-09	4.209506e+01	4.462838e+02
1.270000e-06	5.928938e-06	6.875825e-09	4.282053e+01	4.514475e+02
1.280000e-06	6.027165e-06	6.952050e-09	4.352996e+01	4.564315e+02
1.290000e-06	6.123085e-06	7.023469e-09	4.422272e+01	4.612418e+02
1.300000e-06	6.216789e-06	7.092384e-09	4.489948e+01	4.658760e+02
1.310000e-06	6.308339e-06	7.159107e-09	4.556068e+01	4.703255e+02
1.320000e-06	6.397600e-06	7.222067e-09	4.620535e+01	4.745788e+02
1.330000e-06	6.484527e-06	7.281206e-09	4.683316e+01	4.786243e+02
1.340000e-06	6.569227e-06	7.337178e-09	4.744489e+01	4.824532e+02
1.350000e-06	6.651613e-06	7.391237e-09	4.803991e+01	4.860618e+02
1.360000e-06	6.731527e-06	7.442109e-09	4.861707e+01	4.894529e+02
1.370000e-06	6.808993e-06	7.489422e-09	4.917655e+01	4.926357e+02
1.380000e-06	6.883868e-06	7.535632e-09	4.971732e+01	4.956249e+02
1.390000e-06	6.956118e-06	7.580214e-09	5.023913e+01	4.984386e+02
1.400000e-06	7.025958e-06	7.622400e-09	5.074354e+01	5.010958e+02
1.410000e-06	7.093353e-06	7.663969e-09	5.123028e+01	5.036142e+02
1.420000e-06	7.158140e-06	7.703128e-09	5.169819e+01	5.060073e+02
1.430000e-06	7.220404e-06	7.737567e-09	5.214788e+01	5.082830e+02
1.440000e-06	7.280261e-06	7.767799e-09	5.258018e+01	5.104433e+02
1.450000e-06	7.337543e-06	7.795891e-09	5.299389e+01	5.124842e+02
1.460000e-06	7.392221e-06	7.824268e-09	5.338879e+01	5.143973e+02
1.470000e-06	7.444001e-06	7.850298e-09	5.376276e+01	5.161720e+02
1.480000e-06	7.492676e-06	7.874891e-09	5.411431e+01	5.177981e+02
1.490000e-06	7.538577e-06	7.897842e-09	5.444582e+01	5.192679e+02
1.500000e-06	7.581855e-06	7.917563e-09	5.475838e+01	5.205789e+02
1.510000e-06	7.622399e-06	7.935162e-09	5.505121e+01	5.217345e+02
1.520000e-06	7.660234e-06	7.952425e-09	5.532446e+01	5.227447e+02
1.530000e-06	7.695423e-06	7.969997e-09	5.557860e+01	5.236248e+02
1.540000e-06	7.727840e-06	7.984467e-09	5.581273e+01	5.243942e+02
1.550000e-06	7.757563e-06	7.995494e-09	5.602740e+01	5.250736e+02
1.560000e-06	7.784562e-06	8.003794e-09	5.622239e+01	5.256823e+02
1.570000e-06	7.808607e-06	8.010957e-09	5.639606e+01	5.262358e+02
1.580000e-06	7.829905e-06	8.019550e-09	5.654987e+01	5.267435e+02
1.590000e-06	7.848552e-06	8.028220e-09	5.668455e+01	5.272074e+02
1.600000e-06	7.864272e-06	8.036714e-09	5.679809e+01	5.276225e+02
1.610000e-06	7.876965e-06	8.043009e-09	5.688976e+01	5.279773e+02
1.620000e-06	7.886521e-06	8.045670e-09	5.695877e+01	5.282562e+02
1.630000e-06	7.893067e-06	8.046790e-09	5.700605e+01	5.284419e+02
1.640000e-06	7.896908e-06	8.047347e-09	5.703379e+01	5.285185e+02
1.650000e-06	7.897975e-06	8.049877e-09	5.704150e+01	5.284746e+02
1.660000e-06	7.896306e-06	8.046687e-09	5.702945e+01	5.283051e+02
1.670000e-06	7.892057e-06	8.037942e-09	5.699876e+01	5.280127e+02
1.680000e-06	7.885082e-06	8.034841e-09	5.694838e+01	5.276081e+02
1.690000e-06	7.875493e-06	8.030643e-09	5.687912e+01	5.271088e+02
1.700000e-06	7.863200e-06	8.025092e-09	5.679034e+01	5.265373e+02
1.710000e-06	7.848085e-06	8.025520e-09	5.668117e+01	5.259179e+02
1.720000e-06	7.830518e-06	8.028486e-09	5.655430e+01	5.252736e+02
1.730000e-06	7.810801e-06	8.025984e-09	5.641190e+01	5.246229e+02
1.740000e-06	7.788555e-06	7.904264e-09	5.625123e+01	5.239774e+02
1.750000e-06	7.762988e-06	7.879627e-09	5.606658e+01	5.233400e+02
1.760000e-06	7.733800e-06	7.935684e-09	5.585577e+01	5.227042e+02
1.770000e-06	7.701423e-06	7.919982e-09	5.562194e+01	5.220548e+02
1.780000e-06	7.666647e-06	7.923555e-09	5.537077e+01	5.213701e+02
1.790000e-06	7.629521e-06	8.027019e-09	5.510264e+01	5.206239e+02
1.800000e-06	7.590227e-06	8.018052e-09	5.481885e+01	5.197890e+02
1.810000e-06	7.549007e-06	7.829799e-09	5.452114e+01	5.188403e+02
1.820000e-06	7.505288e-06	7.946299e-09	5.420540e+01	5.177578e+02
1.830000e-06	7.458946e-06	7.867845e-09	5.387070e+01	5.165283e+02
1.840000e-06	7.409921e-06	7.857910e-09	5.351663e+01	5.151468e+02
1.850000e-06	7.357864e-06	7.953936e-09	5.314066e+01	5.136164e+02
1.860000e-06	7.302944e-06	7.805300e-09	5.274401e+01	5.119473e+02
1.870000e-06	7.245322e-06	7.851419e-09	5.232785e+01	5.101547e+02
1.880000e-06	7.185167e-06	7.684859e-09	5.189339e+01	5.082567e+02
1.890000e-06	7.122365e-06	7.685153e-09	5.143981e+01	5.062715e+02
1.900000e-06	7.056748e-06	7.758328e-09	5.096591e+01	5.042149e+02
1.910000e-06	6.988437e-06	7.644547e-09	5.047254e+01	5.020985e+02
1.920000e-06	6.917335e-06	7.680678e-09	4.995902e+01	4.999284e+02
1.930000e-06	6.843609e-06	7.559957e-09	4.942655e+01	4.977049e+02
1.940000e-06	6.767171e-06	7.561762e-09	4.887450e+01	4.954231e+02
1.950000e-06	6.687949e-06	7.519002e-09	4.830234e+01	4.930740e+02
1.960000e-06	6.606285e-06	7.489652e-09	4.771253e+01	4.906459e+02
1.970000e-06	6.522232e-06	7.506492e-09	4.710548e+01	4.881267e+02
1.980000e-06	6.435706e-06	7.373254e-09	4.648056e+01	4.855052e+02
1.990000e-06	6.346792e-06	7.378741e-09	4.583840e+01	4.827727e+02
2.000000e-06	6.255723e-06	7.313256e-09	4.518067e+01	4.799237e+02
2.010000e-06	6.162491e-06	7.303486e-09	4.450732e+01	4.769560e+02
2.020000e-06	6.066950e-06	7.234285e-09	4.381729e+01	4.738704e+02
2.030000e-06	5.969226e-06	7.163550e-09	4.311151e+01	4.706701e+02
2.040000e-06	5.869451e-06	7.118821e-09	4.239090e+01	4.673590e+02
2.050000e-06	5.767589e-06	7.068862e-09	4.165522e+01	4.639408e+02
2.060000e-06	5.663596e-06	7.074841e-09	4.090416e+01	4.604180e+02
2.070000e-06	5.557688e-06	6.991249e-09	4.013926e+01	4.567907e+02
2.080000e-06	5.449942e-06	6.918324e-09	3.936108e+01	4.530566e+02
2.090000e-06	5.340343e-06	6.825558e-09	3.856953e+01	4.492106e+02
2.100000e-06	5.228776e-06	6.776546e-09	3.776375e+01	4.452457e+02
2.110000e-06	5.115130e-06	6.734116e-09	3.694297e+01	4.411533e+02
2.120000e-06	4.999505e-06	6.707302e-09	3.610789e+01	4.369245e+02
2.130000e-06	4.881976e-06	6.636469e-09	3.525907e+01	4.325503e+02
2.140000e-06	4.762536e-06	6.526330e-09	3.439643e+01	4.280230e+02
2.150000e-06	4.641286e-06	6.434384e-09	3.352073e+01	4.233361e+02
2.160000e-06	4.518387e-06	6.377131e-09	3.263312e+01	4.184846e+02
2.170000e-06	4.393842e-06	6.333341e-09	3.173362e+01	4.134647e+02
2.180000e-06	4.267773e-06	6.247092e-09	3.082311e+01	4.082738e+02
2.190000e-06	4.140037e-06	6.161992e-09	2.990056e+01	4.029096e+02
2.200000e-06	4.010756e-06	6.063509e-09	2.896686e+01	3.973695e+02
2.210000e-06	3.880098e-06	5.969901e-09	2.802321e+01	3.916506e+02
2.220000e-06	3.747982e-06	5.885264e-09	2.706903e+01	3.857493e+02
2.230000e-06	3.614511e-06	5.816963e-09	2.610506e+01	3.796611e+02
2.240000e-06	3.479687e-06	5.720125e-09	2.513132e+01	3.733807e+02
2.250000e-06	3.343441e-06	5.604629e-09	2.414731e+01	3.669026e+02
2.260000e-06	3.205988e-06	5.500316e-09	2.315458e+01	3.602211e+02
2.270000e-06	3.067332e-06	5.410476e-09	2.215318e+01	3.533304e+02
2.280000e-06	2.927376e-06	5.304900e-09	2.114237e+01	3.462249e+02
2.290000e-06	2.786300e-06	5.177994e-09	2.012347e+01	3.388988e+02
2.300000e-06	2.644186e-06	5.055213e-09	1.909709e+01	3.313456e+02
2.310000e-06	2.501062e-06	4.936902e-09	1.806340e+01	3.235582e+02
2.320000e-06	2.356920e-06	4.828117e-09	1.702237e+01	3.155277e+02
2.330000e-06	2.212002e-06	4.719216e-09	1.597573e+01	3.072434e+02
2.340000e-06	2.066537e-06	4.594836e-09	1.492514e+01	2.986926e+02
2.350000e-06	1.920445e-06	4.444368e-09	1.387002e+01	2.898607e+02
2.360000e-06	1.773637e-06	4.288288e-09	1.280973e+01	2.807316e+02
2.370000e-06	1.626174e-06	4.145588e-09	1.174471e+01	2.712889e+02
2.380000e-06	1.478203e-06	4.009602e-09	1.067602e+01	2.615166e+02
2.390000e-06	1.329744e-06	3.863958e-09	9.603805e+00	2.514003e+02
2.400000e-06	1.180817e-06	3.700998e-09	8.528205e+00	2.409282e+02
2.410000e-06	1.031532e-06	3.525873e-09	7.450026e+00	2.300915e+02
2.420000e-06	8.819940e-07	3.351472e-09	6.370020e+00	2.188845e+02
2.430000e-06	7.322537e-07	3.183200e-09	5.288551e+00	2.073035e+02
2.440000e-06	5.823188e-07	3.011339e-09	4.205677e+00	1.953458e+02
2.450000e-06	4.322259e-07	2.824684e-09	3.121663e+00	1.830075e+02
2.460000e-06	2.819533e-07	2.626840e-09	2.036350e+00	1.702815e+02
2.470000e-06	1.314749e-07	2.422374e-09	9.495500e-01	1.571550e+02
2.480000e-06	-1.910767e-08	2.212471e-09	-1.380012e-01	1.436086e+02
2.490000e-06	-1.696894e-07	1.994660e-09	-1.225547e+00	1.296148e+02
2.500000e-06	-3.201680e-07	1.767251e-09	-2.312347e+00	1.151394e+02
2.510000e-06	-4.705033e-07	1.532536e-09	-3.398113e+00	1.001430e+02
2.520000e-06	-6.207668e-07	1.292255e-09	-4.483360e+00	8.458456e+01
2.530000e-06	-7.708674e-07	1.050356e-09	-5.567431e+00	6.842662e+01
2.540000e-06	-9.207180e-07	8.030211e-10	-6.649696e+00	5.164063e+01
2.550000e-06	-1.070317e-06	5.406067e-10	-7.730144e+00	3.421323e+01
2.560000e-06	-1.219581e-06	2.606454e-10	-8.808173e+00	1.615192e+01
2.570000e-06	-1.368423e-06	-2.956818e-11	-9.883153e+00	-2.510223e+00
2.580000e-06	-1.516767e-06	-3.230464e-10	-1.095454e+01	-2.171161e+01
2.590000e-06	-1.664561e-06	-6.207699e-10	-1.202195e+01	-4.136140e+01
2.600000e-06	-1.811743e-06	-9.242467e-10	-1.308494e+01	-6.134133e+01
2.610000e-06	-1.958205e-06	-1.235831e-09	-1.414273e+01	-8.151005e+01
2.620000e-06	-2.103908e-06	-1.551164e-09	-1.519504e+01	-1.017098e+02
2.630000e-06	-2.248900e-06	-1.861084e-09	-1.624222e+01	-1.217748e+02
2.640000e-06	-2.393129e-06	-2.160119e-09	-1.728388e+01	-1.415405e+02
2.650000e-06	-2.536353e-06	-2.450454e-09	-1.831829e+01	-1.608533e+02
2.660000e-06	-2.678461e-06	-2.734427e-09	-1.934463e+01	-1.795787e+02
2.670000e-06	-2.819520e-06	-3.010809e-09	-2.036340e+01	-1.976086e+02
2.680000e-06	-2.959439e-06	-3.276017e-09	-2.137394e+01	-2.148655e+02
2.690000e-06	-3.098123e-06	-3.526433e-09	-2.237556e+01	-2.313046e+02
2.700000e-06	-3.235640e-06	-3.763612e-09	-2.336874e+01	-2.469124e+02
2.710000e-06	-3.372017e-06	-3.989749e-09	-2.435370e+01	-2.617030e+02
2.720000e-06	-3.507070e-06	-4.207064e-09	-2.532909e+01	-2.757127e+02
2.730000e-06	-3.640788e-06	-4.415139e-09	-2.629484e+01	-2.889929e+02
2.740000e-06	-3.773269e-06	-4.610836e-09	-2.725166e+01	-3.016020e+02
2.750000e-06	-3.904359e-06	-4.793352e-09	-2.819843e+01	-3.135990e+02
2.760000e-06	-4.034024e-06	-4.967367e-09	-2.913490e+01	-3.250372e+02
2.770000e-06	-4.162405e-06	-5.135877e-09	-3.006211e+01	-3.359600e+02
2.780000e-06	-4.289334e-06	-5.296666e-09	-3.097883e+01	-3.463992e+02
2.790000e-06	-4.414752e-06	-5.447689e-09	-3.188463e+01	-3.563746e+02
2.800000e-06	-4.538676e-06	-5.590447e-09	-3.277965e+01	-3.658961e+02
2.810000e-06	-4.660956e-06	-5.727951e-09	-3.366280e+01	-3.749671e+02
2.820000e-06	-4.781625e-06	-5.860095e-09	-3.453430e+01	-3.835883e+02
2.830000e-06	-4.900513e-06	-5.985366e-09	-3.539294e+01	-3.917621e+02
2.840000e-06	-5.017402e-06	-6.104642e-09	-3.623715e+01	-3.994955e+02
2.850000e-06	-5.132269e-06	-6.216998e-09	-3.706675e+01	-4.068033e+02
2.860000e-06	-5.245034e-06	-6.321793e-09	-3.788118e+01	-4.137082e+02
2.870000e-06	-5.355674e-06	-6.419693e-09	-3.868025e+01	-4.202405e+02
2.880000e-06	-5.464403e-06	-6.513664e-09	-3.946552e+01	-4.264363e+02
2.890000e-06	-5.571325e-06	-6.605782e-09	-4.023775e+01	-4.323341e+02
2.900000e-06	-5.676308e-06	-6.694486e-09	-4.099596e+01	-4.379718e+02
2.910000e-06	-5.779185e-06	-6.779296e-09	-4.173897e+01	-4.433829e+02
2.920000e-06	-5.879856e-06	-6.858840e-09	-4.246605e+01	-4.485939e+02
2.930000e-06	-5.978403e-06	-6.934851e-09	-4.317779e+01	-4.536222e+02
2.940000e-06	-6.074877e-06	-7.008834e-09	-4.387455e+01	-4.584762e+02
2.950000e-06	-6.169094e-06	-7.080027e-09	-4.455501e+01	-4.631553e+02
2.960000e-06	-6.261026e-06	-7.148374e-09	-4.521897e+01	-4.676524e+02
2.970000e-06	-6.350834e-06	-7.214128e-09	-4.586759e+01	-4.719562e+02
2.980000e-06	-6.438404e-06	-7.276794e-09	-4.650005e+01	-4.760549e+02
2.990000e-06	-6.523536e-06	-7.336740e-09	-4.711489e+01	-4.799388e+02
3.000000e-06	-6.606311e-06	-7.394857e-09	-4.771272e+01	-4.836028e+02
3.010000e-06	-6.686893e-06	-7.449452e-09	-4.829471e+01	-4.870480e+02
3.020000e-06	-6.764973e-06	-7.499614e-09	-4.885862e+01	-4.902821e+02
3.030000e-06	-6.840312e-06	-7.546711e-09	-4.940274e+01	-4.933184e+02
3.040000e-06	-6.913145e-06	-7.592000e-09	-4.992876e+01	-4.961744e+02
3.050000e-06	-6.983443e-06	-7.633182e-09	-5.043648e+01	-4.988694e+02
3.060000e-06	-7.051101e-06	-7.670191e-09	-5.092512e+01	-5.014213e+02
3.070000e-06	-7.116305e-06	-7.706311e-09	-5.139604e+01	-5.038450e+02
3.080000e-06	-7.179069e-06	-7.741680e-09	-5.184935e+01	-5.061500e+02
3.090000e-06	-7.239265e-06	-7.774874e-09	-5.228410e+01	-5.083397e+02
3.100000e-06	-7.296867e-06	-7.806215e-09	-5.270012e+01	-5.104114e+02
3.110000e-06	-7.351834e-06	-7.836745e-09	-5.309711e+01	-5.123577e+02
3.120000e-06	-7.403988e-06	-7.863046e-09	-5.347378e+01	-5.141684e+02
3.130000e-06	-7.453063e-06	-7.886992e-09	-5.382821e+01	-5.158327e+02
3.140000e-06	-7.499200e-06	-7.908814e-09	-5.416142e+01	-5.173424e+02
3.150000e-06	-7.542929e-06	-7.926968e-09	-5.447725e+01	-5.186934e+02
3.160000e-06	-7.584298e-06	-7.944827e-09	-5.477603e+01	-5.198875e+02
3.170000e-06	-7.622953e-06	-7.962257e-09	-5.505520e+01	-5.209330e+02
3.180000e-06	-7.658845e-06	-7.978188e-09	-5.531443e+01	-5.218443e+02
3.190000e-06	-7.692067e-06	-7.990035e-09	-5.555437e+01	-5.226397e+02
3.200000e-06	-7.722462e-06	-8.002274e-09	-5.577389e+01	-5.233400e+02
3.210000e-06	-7.749997e-06	-8.013168e-09	-5.597275e+01	-5.239651e+02
3.220000e-06	-7.774819e-06	-8.021544e-09	-5.615203e+01	-5.245316e+02
3.230000e-06	-7.796785e-06	-8.027016e-09	-5.631068e+01	-5.250506e+02
3.240000e-06	-7.815927e-06	-8.030401e-09	-5.644892e+01	-5.255260e+02
3.250000e-06	-7.832364e-06	-8.034434e-09	-5.656764e+01	-5.259544e+02
3.260000e-06	-7.845738e-06	-8.037889e-09	-5.666422e+01	-5.263260e+02
3.270000e-06	-7.855977e-06	-8.039929e-09	-5.673818e+01	-5.266258e+02
3.280000e-06	-7.863342e-06	-8.040766e-09	-5.679137e+01	-5.268367e+02
3.290000e-06	-7.867879e-06	-8.041201e-09	-5.682413e+01	-5.269422e+02
3.300000e-06	-7.869677e-06	-8.039920e-09	-5.683712e+01	-5.269295e+02
