# Temperatura_=_61.22
# Concentracion g/m^3_=_10000.0
# C_Vs_to_Am_M_A/Vsm_=_65563218390.804596
# pendiente_HvsI_1/m_=_3716.3
# ordenada_HvsI_A/m_=_1297.0
# frecuencia_Hz_=_302622.50730299024

Tiempo_(s)	Campo_(V.s)	Magnetizacion_(V.s)	Campo_(kA/m)	Magnetizacion_(A/m)
0.000000e+00	-7.945927e-06	-9.974695e-09	-5.681685e+01	-6.531655e+02
1.000000e-08	-7.941389e-06	-9.974004e-09	-5.678441e+01	-6.527634e+02
2.000000e-08	-7.934361e-06	-9.965188e-09	-5.673415e+01	-6.522420e+02
3.000000e-08	-7.924622e-06	-9.956264e-09	-5.666451e+01	-6.516135e+02
4.000000e-08	-7.912021e-06	-9.943953e-09	-5.657441e+01	-6.508910e+02
5.000000e-08	-7.896493e-06	-9.926974e-09	-5.646338e+01	-6.500872e+02
6.000000e-08	-7.878285e-06	-9.911587e-09	-5.633318e+01	-6.492136e+02
7.000000e-08	-7.857796e-06	-9.897143e-09	-5.618667e+01	-6.482786e+02
8.000000e-08	-7.834747e-06	-9.923464e-09	-5.602186e+01	-6.472873e+02
9.000000e-08	-7.808528e-06	-9.971674e-09	-5.583439e+01	-6.462411e+02
1.000000e-07	-7.779061e-06	-9.900875e-09	-5.562368e+01	-6.451377e+02
1.100000e-07	-7.746802e-06	-9.824085e-09	-5.539302e+01	-6.439718e+02
1.200000e-07	-7.711835e-06	-9.804238e-09	-5.514299e+01	-6.427352e+02
1.300000e-07	-7.674343e-06	-9.771542e-09	-5.487490e+01	-6.414181e+02
1.400000e-07	-7.634700e-06	-9.714055e-09	-5.459144e+01	-6.400096e+02
1.500000e-07	-7.592795e-06	-9.713564e-09	-5.429181e+01	-6.384984e+02
1.600000e-07	-7.548258e-06	-9.784434e-09	-5.397335e+01	-6.368737e+02
1.700000e-07	-7.500990e-06	-9.650586e-09	-5.363536e+01	-6.351255e+02
1.800000e-07	-7.450935e-06	-9.630591e-09	-5.327744e+01	-6.332451e+02
1.900000e-07	-7.397922e-06	-9.647556e-09	-5.289837e+01	-6.312253e+02
2.000000e-07	-7.342079e-06	-9.530206e-09	-5.249908e+01	-6.290605e+02
2.100000e-07	-7.283541e-06	-9.550729e-09	-5.208050e+01	-6.267473e+02
2.200000e-07	-7.222360e-06	-9.512801e-09	-5.164303e+01	-6.242841e+02
2.300000e-07	-7.158573e-06	-9.477258e-09	-5.118692e+01	-6.216713e+02
2.400000e-07	-7.092026e-06	-9.425795e-09	-5.071109e+01	-6.189113e+02
2.500000e-07	-7.022801e-06	-9.366925e-09	-5.021610e+01	-6.160086e+02
2.600000e-07	-6.950953e-06	-9.346361e-09	-4.970235e+01	-6.129687e+02
2.700000e-07	-6.876331e-06	-9.281084e-09	-4.916877e+01	-6.097984e+02
2.800000e-07	-6.798931e-06	-9.232143e-09	-4.861533e+01	-6.065047e+02
2.900000e-07	-6.718698e-06	-9.174209e-09	-4.804163e+01	-6.030940e+02
3.000000e-07	-6.635915e-06	-9.151194e-09	-4.744969e+01	-5.995716e+02
3.100000e-07	-6.550939e-06	-9.092282e-09	-4.684208e+01	-5.959406e+02
3.200000e-07	-6.463724e-06	-8.999740e-09	-4.621845e+01	-5.922015e+02
3.300000e-07	-6.374171e-06	-8.964828e-09	-4.557811e+01	-5.883522e+02
3.400000e-07	-6.282236e-06	-8.900278e-09	-4.492073e+01	-5.843874e+02
3.500000e-07	-6.188059e-06	-8.837391e-09	-4.424733e+01	-5.802998e+02
3.600000e-07	-6.091635e-06	-8.775713e-09	-4.355786e+01	-5.760802e+02
3.700000e-07	-5.992927e-06	-8.719714e-09	-4.285205e+01	-5.717190e+02
3.800000e-07	-5.892057e-06	-8.645487e-09	-4.213078e+01	-5.672073e+02
3.900000e-07	-5.789098e-06	-8.555268e-09	-4.139458e+01	-5.625378e+02
4.000000e-07	-5.684072e-06	-8.486498e-09	-4.064360e+01	-5.577056e+02
4.100000e-07	-5.577007e-06	-8.414252e-09	-3.987804e+01	-5.527091e+02
4.200000e-07	-5.468002e-06	-8.347092e-09	-3.909860e+01	-5.475495e+02
4.300000e-07	-5.357157e-06	-8.259094e-09	-3.830602e+01	-5.422306e+02
4.400000e-07	-5.244326e-06	-8.179312e-09	-3.749923e+01	-5.367574e+02
4.500000e-07	-5.129333e-06	-8.093233e-09	-3.667697e+01	-5.311354e+02
4.600000e-07	-5.012333e-06	-7.996173e-09	-3.584037e+01	-5.253683e+02
4.700000e-07	-4.893523e-06	-7.904664e-09	-3.499083e+01	-5.194572e+02
4.800000e-07	-4.772912e-06	-7.821670e-09	-3.412841e+01	-5.133992e+02
4.900000e-07	-4.650561e-06	-7.734647e-09	-3.325355e+01	-5.071871e+02
5.000000e-07	-4.526497e-06	-7.628077e-09	-3.236643e+01	-5.008093e+02
5.100000e-07	-4.400786e-06	-7.521677e-09	-3.146754e+01	-4.942508e+02
5.200000e-07	-4.273536e-06	-7.416325e-09	-3.055765e+01	-4.874941e+02
5.300000e-07	-4.144694e-06	-7.307758e-09	-2.963637e+01	-4.805216e+02
5.400000e-07	-4.014329e-06	-7.191874e-09	-2.870420e+01	-4.733173e+02
5.500000e-07	-3.882459e-06	-7.082250e-09	-2.776128e+01	-4.658685e+02
5.600000e-07	-3.749063e-06	-6.974047e-09	-2.680744e+01	-4.581672e+02
5.700000e-07	-3.614242e-06	-6.854607e-09	-2.584341e+01	-4.502105e+02
5.800000e-07	-3.478002e-06	-6.725234e-09	-2.486924e+01	-4.420009e+02
5.900000e-07	-3.340416e-06	-6.593738e-09	-2.388543e+01	-4.335445e+02
6.000000e-07	-3.201573e-06	-6.461546e-09	-2.289265e+01	-4.248496e+02
6.100000e-07	-3.061381e-06	-6.321658e-09	-2.189021e+01	-4.159241e+02
6.200000e-07	-2.919781e-06	-6.184051e-09	-2.087771e+01	-4.067728e+02
6.300000e-07	-2.777010e-06	-6.046249e-09	-1.985683e+01	-3.973956e+02
6.400000e-07	-2.633240e-06	-5.900968e-09	-1.882881e+01	-3.877853e+02
6.500000e-07	-2.488504e-06	-5.746547e-09	-1.779389e+01	-3.779270e+02
6.600000e-07	-2.342880e-06	-5.586681e-09	-1.675262e+01	-3.677990e+02
6.700000e-07	-2.196440e-06	-5.424895e-09	-1.570550e+01	-3.573737e+02
6.800000e-07	-2.049309e-06	-5.257926e-09	-1.465346e+01	-3.466204e+02
6.900000e-07	-1.901558e-06	-5.089220e-09	-1.359697e+01	-3.355082e+02
7.000000e-07	-1.753155e-06	-4.915525e-09	-1.253583e+01	-3.240096e+02
7.100000e-07	-1.604183e-06	-4.733383e-09	-1.147061e+01	-3.121028e+02
7.200000e-07	-1.454799e-06	-4.544801e-09	-1.040245e+01	-2.997737e+02
7.300000e-07	-1.305017e-06	-4.353337e-09	-9.331444e+00	-2.870162e+02
7.400000e-07	-1.154797e-06	-4.155070e-09	-8.257301e+00	-2.738312e+02
7.500000e-07	-1.004075e-06	-3.951167e-09	-7.179575e+00	-2.602239e+02
7.600000e-07	-8.529318e-07	-3.742628e-09	-6.098835e+00	-2.461992e+02
7.700000e-07	-7.014954e-07	-3.523172e-09	-5.015999e+00	-2.317571e+02
7.800000e-07	-5.498556e-07	-3.294226e-09	-3.931708e+00	-2.168877e+02
7.900000e-07	-3.980538e-07	-3.058450e-09	-2.846259e+00	-2.015664e+02
8.000000e-07	-2.460591e-07	-2.816551e-09	-1.759430e+00	-1.857514e+02
8.100000e-07	-9.387852e-08	-2.565569e-09	-6.712724e-01	-1.693827e+02
8.200000e-07	5.832122e-08	-2.306190e-09	4.170222e-01	-1.523838e+02
8.300000e-07	2.105216e-07	-2.037356e-09	1.505321e+00	-1.346672e+02
8.400000e-07	3.627004e-07	-1.756138e-09	2.593467e+00	-1.161411e+02
8.500000e-07	5.147250e-07	-1.459602e-09	3.680509e+00	-9.671922e+01
8.600000e-07	6.666275e-07	-1.148072e-09	4.766678e+00	-7.633169e+01
8.700000e-07	8.183447e-07	-8.248282e-10	5.851523e+00	-5.493576e+01
8.800000e-07	9.698208e-07	-4.858300e-10	6.934643e+00	-3.252570e+01
8.900000e-07	1.120992e-06	-1.325366e-10	8.015581e+00	-9.140337e+00
9.000000e-07	1.271695e-06	2.333713e-10	9.093178e+00	1.513260e+01
9.100000e-07	1.421894e-06	6.128393e-10	1.016716e+01	4.015618e+01
9.200000e-07	1.571578e-06	1.005704e-09	1.123747e+01	6.574817e+01
9.300000e-07	1.720760e-06	1.406602e-09	1.230418e+01	9.168898e+01
9.400000e-07	1.869405e-06	1.807233e-09	1.336706e+01	1.177332e+02
9.500000e-07	2.017351e-06	2.205021e-09	1.442494e+01	1.436233e+02
9.600000e-07	2.164573e-06	2.596018e-09	1.547764e+01	1.691052e+02
9.700000e-07	2.311012e-06	2.975469e-09	1.652474e+01	1.939427e+02
9.800000e-07	2.456549e-06	3.337642e-09	1.756540e+01	2.179309e+02
9.900000e-07	2.601142e-06	3.684012e-09	1.859930e+01	2.409069e+02
1.000000e-06	2.744766e-06	4.013205e-09	1.962628e+01	2.627562e+02
1.010000e-06	2.887325e-06	4.323329e-09	2.064564e+01	2.834153e+02
1.020000e-06	3.028714e-06	4.614483e-09	2.165663e+01	3.028701e+02
1.030000e-06	3.168851e-06	4.890386e-09	2.265867e+01	3.211501e+02
1.040000e-06	3.307748e-06	5.151746e-09	2.365185e+01	3.383198e+02
1.050000e-06	3.445374e-06	5.397242e-09	2.463593e+01	3.544683e+02
1.060000e-06	3.581643e-06	5.629975e-09	2.561031e+01	3.696979e+02
1.070000e-06	3.716563e-06	5.853498e-09	2.657505e+01	3.841130e+02
1.080000e-06	3.850134e-06	6.066319e-09	2.753014e+01	3.978114e+02
1.090000e-06	3.982339e-06	6.266772e-09	2.847546e+01	4.108765e+02
1.100000e-06	4.113160e-06	6.457472e-09	2.941089e+01	4.233738e+02
1.110000e-06	4.242510e-06	6.638178e-09	3.033580e+01	4.353497e+02
1.120000e-06	4.370300e-06	6.809077e-09	3.124955e+01	4.468321e+02
1.130000e-06	4.496584e-06	6.971650e-09	3.215254e+01	4.578347e+02
1.140000e-06	4.621405e-06	7.128353e-09	3.304507e+01	4.683615e+02
1.150000e-06	4.744644e-06	7.280323e-09	3.392628e+01	4.784120e+02
1.160000e-06	4.866165e-06	7.425975e-09	3.479521e+01	4.879861e+02
1.170000e-06	4.985935e-06	7.564277e-09	3.565162e+01	4.970883e+02
1.180000e-06	5.103877e-06	7.696554e-09	3.649495e+01	5.057303e+02
1.190000e-06	5.219878e-06	7.823087e-09	3.732441e+01	5.139319e+02
1.200000e-06	5.333878e-06	7.943178e-09	3.813956e+01	5.217200e+02
1.210000e-06	5.445789e-06	8.056761e-09	3.893977e+01	5.291273e+02
1.220000e-06	5.555733e-06	8.166158e-09	3.972592e+01	5.361891e+02
1.230000e-06	5.663801e-06	8.269691e-09	4.049865e+01	5.429403e+02
1.240000e-06	5.769835e-06	8.368920e-09	4.125684e+01	5.494125e+02
1.250000e-06	5.873708e-06	8.465163e-09	4.199958e+01	5.556320e+02
1.260000e-06	5.975403e-06	8.557488e-09	4.272674e+01	5.616181e+02
1.270000e-06	6.074922e-06	8.643393e-09	4.343835e+01	5.673833e+02
1.280000e-06	6.172168e-06	8.723117e-09	4.413370e+01	5.729338e+02
1.290000e-06	6.267068e-06	8.799938e-09	4.481228e+01	5.782713e+02
1.300000e-06	6.359700e-06	8.876010e-09	4.547464e+01	5.833948e+02
1.310000e-06	6.450121e-06	8.951101e-09	4.612119e+01	5.883033e+02
1.320000e-06	6.538210e-06	9.024494e-09	4.675106e+01	5.929968e+02
1.330000e-06	6.623948e-06	9.093948e-09	4.736412e+01	5.974784e+02
1.340000e-06	6.707458e-06	9.159869e-09	4.796125e+01	6.017543e+02
1.350000e-06	6.788565e-06	9.222033e-09	4.854121e+01	6.058336e+02
1.360000e-06	6.867118e-06	9.281214e-09	4.910290e+01	6.097274e+02
1.370000e-06	6.943147e-06	9.338956e-09	4.964654e+01	6.134475e+02
1.380000e-06	7.016534e-06	9.393563e-09	5.017129e+01	6.170044e+02
1.390000e-06	7.087341e-06	9.446076e-09	5.067758e+01	6.204061e+02
1.400000e-06	7.155708e-06	9.497171e-09	5.116644e+01	6.236567e+02
1.410000e-06	7.221486e-06	9.545844e-09	5.163678e+01	6.267563e+02
1.420000e-06	7.284648e-06	9.590327e-09	5.208842e+01	6.297007e+02
1.430000e-06	7.345385e-06	9.630278e-09	5.252272e+01	6.324830e+02
1.440000e-06	7.403613e-06	9.667904e-09	5.293907e+01	6.350942e+02
1.450000e-06	7.459180e-06	9.703362e-09	5.333640e+01	6.375259e+02
1.460000e-06	7.511920e-06	9.736525e-09	5.371351e+01	6.397713e+02
1.470000e-06	7.561541e-06	9.769674e-09	5.406832e+01	6.418273e+02
1.480000e-06	7.608207e-06	9.799063e-09	5.440200e+01	6.436951e+02
1.490000e-06	7.652291e-06	9.823018e-09	5.471723e+01	6.453811e+02
1.500000e-06	7.693637e-06	9.845460e-09	5.501287e+01	6.468959e+02
1.510000e-06	7.732152e-06	9.867932e-09	5.528827e+01	6.482539e+02
1.520000e-06	7.768033e-06	9.890960e-09	5.554483e+01	6.494712e+02
1.530000e-06	7.801171e-06	9.911734e-09	5.578178e+01	6.505644e+02
1.540000e-06	7.831512e-06	9.927688e-09	5.599873e+01	6.515481e+02
1.550000e-06	7.859171e-06	9.940051e-09	5.619651e+01	6.524335e+02
1.560000e-06	7.883921e-06	9.950048e-09	5.637348e+01	6.532275e+02
1.570000e-06	7.905804e-06	9.961160e-09	5.652996e+01	6.539322e+02
1.580000e-06	7.924960e-06	9.973230e-09	5.666693e+01	6.545447e+02
1.590000e-06	7.941173e-06	9.982806e-09	5.678286e+01	6.550583e+02
1.600000e-06	7.954387e-06	9.988317e-09	5.687735e+01	6.554640e+02
1.610000e-06	7.964487e-06	9.990633e-09	5.694957e+01	6.557518e+02
1.620000e-06	7.971578e-06	9.993366e-09	5.700027e+01	6.559125e+02
1.630000e-06	7.975904e-06	9.996494e-09	5.703120e+01	6.559395e+02
1.640000e-06	7.977344e-06	9.999029e-09	5.704150e+01	6.558296e+02
1.650000e-06	7.975956e-06	9.999100e-09	5.703158e+01	6.555839e+02
1.660000e-06	7.971990e-06	9.989514e-09	5.700321e+01	6.552077e+02
1.670000e-06	7.965314e-06	9.985348e-09	5.695548e+01	6.547099e+02
1.680000e-06	7.955963e-06	9.978697e-09	5.688861e+01	6.541021e+02
1.690000e-06	7.943999e-06	9.967894e-09	5.680307e+01	6.533975e+02
1.700000e-06	7.929212e-06	9.958830e-09	5.669733e+01	6.526091e+02
1.710000e-06	7.911847e-06	9.948840e-09	5.657317e+01	6.517485e+02
1.720000e-06	7.892251e-06	9.934746e-09	5.643305e+01	6.508250e+02
1.730000e-06	7.870151e-06	9.831557e-09	5.627502e+01	6.498445e+02
1.740000e-06	7.844850e-06	9.784424e-09	5.609411e+01	6.488090e+02
1.750000e-06	7.815861e-06	9.850820e-09	5.588682e+01	6.477172e+02
1.760000e-06	7.783522e-06	9.853572e-09	5.565559e+01	6.465642e+02
1.770000e-06	7.748723e-06	9.830861e-09	5.540676e+01	6.453425e+02
1.780000e-06	7.711636e-06	9.867187e-09	5.514157e+01	6.440425e+02
1.790000e-06	7.672287e-06	9.874699e-09	5.486021e+01	6.426534e+02
1.800000e-06	7.630896e-06	9.709270e-09	5.456424e+01	6.411640e+02
1.810000e-06	7.587018e-06	9.770405e-09	5.425050e+01	6.395634e+02
1.820000e-06	7.540471e-06	9.771291e-09	5.391767e+01	6.378414e+02
1.830000e-06	7.491291e-06	9.693964e-09	5.356601e+01	6.359889e+02
1.840000e-06	7.439114e-06	9.772783e-09	5.319292e+01	6.339984e+02
1.850000e-06	7.384021e-06	9.616903e-09	5.279898e+01	6.318640e+02
1.860000e-06	7.326199e-06	9.636819e-09	5.238552e+01	6.295818e+02
1.870000e-06	7.265738e-06	9.560050e-09	5.195321e+01	6.271496e+02
1.880000e-06	7.202595e-06	9.490709e-09	5.150170e+01	6.245676e+02
1.890000e-06	7.136628e-06	9.564494e-09	5.103001e+01	6.218379e+02
1.900000e-06	7.067947e-06	9.433190e-09	5.053891e+01	6.189642e+02
1.910000e-06	6.996411e-06	9.434907e-09	5.002740e+01	6.159521e+02
1.920000e-06	6.922162e-06	9.349599e-09	4.949649e+01	6.128080e+02
1.930000e-06	6.845213e-06	9.319954e-09	4.894627e+01	6.095391e+02
1.940000e-06	6.765512e-06	9.268184e-09	4.837637e+01	6.061519e+02
1.950000e-06	6.683401e-06	9.172760e-09	4.778924e+01	6.026520e+02
1.960000e-06	6.598800e-06	9.193322e-09	4.718431e+01	5.990430e+02
1.970000e-06	6.511658e-06	9.075223e-09	4.656120e+01	5.953262e+02
1.980000e-06	6.422129e-06	9.051330e-09	4.592103e+01	5.914998e+02
1.990000e-06	6.330481e-06	8.983281e-09	4.526571e+01	5.875592e+02
2.000000e-06	6.236651e-06	8.923011e-09	4.459478e+01	5.834975e+02
2.010000e-06	6.140464e-06	8.840816e-09	4.390701e+01	5.793059e+02
2.020000e-06	6.042107e-06	8.754903e-09	4.320371e+01	5.749748e+02
2.030000e-06	5.941658e-06	8.722206e-09	4.248545e+01	5.704950e+02
2.040000e-06	5.839098e-06	8.648969e-09	4.175210e+01	5.658587e+02
2.050000e-06	5.734413e-06	8.591626e-09	4.100356e+01	5.610605e+02
2.060000e-06	5.627769e-06	8.482560e-09	4.024101e+01	5.560981e+02
2.070000e-06	5.519228e-06	8.408963e-09	3.946490e+01	5.509722e+02
2.080000e-06	5.408711e-06	8.314777e-09	3.867465e+01	5.456859e+02
2.090000e-06	5.296189e-06	8.247151e-09	3.787007e+01	5.402443e+02
2.100000e-06	5.181668e-06	8.177066e-09	3.705119e+01	5.346527e+02
2.110000e-06	5.065129e-06	8.094713e-09	3.621789e+01	5.289154e+02
2.120000e-06	4.946597e-06	7.992373e-09	3.537033e+01	5.230341e+02
2.130000e-06	4.826196e-06	7.882497e-09	3.450941e+01	5.170070e+02
2.140000e-06	4.704044e-06	7.795272e-09	3.363597e+01	5.108277e+02
2.150000e-06	4.580261e-06	7.702317e-09	3.275087e+01	5.044855e+02
2.160000e-06	4.454787e-06	7.613787e-09	3.185368e+01	4.979660e+02
2.170000e-06	4.327595e-06	7.507788e-09	3.094419e+01	4.912522e+02
2.180000e-06	4.198795e-06	7.409061e-09	3.002322e+01	4.843263e+02
2.190000e-06	4.068490e-06	7.293128e-09	2.909148e+01	4.771719e+02
2.200000e-06	3.936673e-06	7.177729e-09	2.814893e+01	4.697752e+02
2.210000e-06	3.803343e-06	7.054743e-09	2.719557e+01	4.621273e+02
2.220000e-06	3.668595e-06	6.934658e-09	2.623206e+01	4.542242e+02
2.230000e-06	3.532525e-06	6.810239e-09	2.525910e+01	4.460673e+02
2.240000e-06	3.395167e-06	6.687544e-09	2.427693e+01	4.376621e+02
2.250000e-06	3.256513e-06	6.565692e-09	2.328549e+01	4.290165e+02
2.260000e-06	3.116601e-06	6.432181e-09	2.228506e+01	4.201388e+02
2.270000e-06	2.975373e-06	6.287710e-09	2.127522e+01	4.110346e+02
2.280000e-06	2.832936e-06	6.136338e-09	2.025673e+01	4.017051e+02
2.290000e-06	2.689489e-06	5.992418e-09	1.923102e+01	3.921446e+02
2.300000e-06	2.545113e-06	5.848082e-09	1.819867e+01	3.823401e+02
2.310000e-06	2.399902e-06	5.702036e-09	1.716035e+01	3.722709e+02
2.320000e-06	2.253888e-06	5.543997e-09	1.611628e+01	3.619108e+02
2.330000e-06	2.107061e-06	5.375249e-09	1.506641e+01	3.512293e+02
2.340000e-06	1.959482e-06	5.200506e-09	1.401115e+01	3.401954e+02
2.350000e-06	1.811273e-06	5.026333e-09	1.295139e+01	3.287806e+02
2.360000e-06	1.662489e-06	4.851938e-09	1.188752e+01	3.169616e+02
2.370000e-06	1.513210e-06	4.668141e-09	1.082011e+01	3.047227e+02
2.380000e-06	1.363432e-06	4.475581e-09	9.749132e+00	2.920561e+02
2.390000e-06	1.213123e-06	4.275794e-09	8.674361e+00	2.789613e+02
2.400000e-06	1.062396e-06	4.066473e-09	7.596596e+00	2.654429e+02
2.410000e-06	9.113427e-07	3.850211e-09	6.516499e+00	2.515063e+02
2.420000e-06	7.600385e-07	3.630894e-09	5.434607e+00	2.371530e+02
2.430000e-06	6.084982e-07	3.407850e-09	4.351028e+00	2.223756e+02
2.440000e-06	4.567077e-07	3.177919e-09	3.265659e+00	2.071530e+02
2.450000e-06	3.047570e-07	2.939656e-09	2.179146e+00	1.914471e+02
2.460000e-06	1.526887e-07	2.690120e-09	1.091791e+00	1.752019e+02
2.470000e-06	4.991281e-10	2.426062e-09	3.568984e-03	1.583441e+02
2.480000e-06	-1.517348e-07	2.149165e-09	-1.084970e+00	1.407879e+02
2.490000e-06	-3.039444e-07	1.863167e-09	-2.173335e+00	1.224418e+02
2.500000e-06	-4.560792e-07	1.568492e-09	-3.261165e+00	1.032174e+02
2.510000e-06	-6.080349e-07	1.262729e-09	-4.347715e+00	8.304040e+01
2.520000e-06	-7.597610e-07	9.460376e-10	-5.432623e+00	6.186135e+01
2.530000e-06	-9.112798e-07	6.143442e-10	-6.516049e+00	3.966586e+01
2.540000e-06	-1.062494e-06	2.637236e-10	-7.597293e+00	1.648273e+01
2.550000e-06	-1.213270e-06	-1.016304e-10	-8.675411e+00	-7.610972e+00
2.560000e-06	-1.363620e-06	-4.797081e-10	-9.750481e+00	-3.248867e+01
2.570000e-06	-1.513515e-06	-8.694646e-10	-1.082229e+01	-5.797730e+01
2.580000e-06	-1.662845e-06	-1.268514e-09	-1.189007e+01	-8.386443e+01
2.590000e-06	-1.811560e-06	-1.670831e-09	-1.295344e+01	-1.099090e+02
2.600000e-06	-1.959590e-06	-2.072187e-09	-1.401192e+01	-1.358550e+02
2.610000e-06	-2.106822e-06	-2.469063e-09	-1.506470e+01	-1.614462e+02
2.620000e-06	-2.253218e-06	-2.854590e-09	-1.611150e+01	-1.864413e+02
2.630000e-06	-2.398805e-06	-3.223070e-09	-1.715251e+01	-2.106279e+02
2.640000e-06	-2.543510e-06	-3.573355e-09	-1.818721e+01	-2.338332e+02
2.650000e-06	-2.687265e-06	-3.905955e-09	-1.921512e+01	-2.559321e+02
2.660000e-06	-2.830000e-06	-4.221172e-09	-2.023574e+01	-2.768502e+02
2.670000e-06	-2.971585e-06	-4.520450e-09	-2.124813e+01	-2.965630e+02
2.680000e-06	-3.111961e-06	-4.804476e-09	-2.225188e+01	-3.150914e+02
2.690000e-06	-3.251048e-06	-5.072442e-09	-2.324642e+01	-3.324932e+02
2.700000e-06	-3.388849e-06	-5.324361e-09	-2.423175e+01	-3.488533e+02
2.710000e-06	-3.525410e-06	-5.563437e-09	-2.520822e+01	-3.642720e+02
2.720000e-06	-3.660683e-06	-5.792678e-09	-2.617548e+01	-3.788542e+02
2.730000e-06	-3.794658e-06	-6.010789e-09	-2.713346e+01	-3.926996e+02
2.740000e-06	-3.927272e-06	-6.216216e-09	-2.808171e+01	-4.058953e+02
2.750000e-06	-4.058430e-06	-6.410226e-09	-2.901955e+01	-4.185109e+02
2.760000e-06	-4.188192e-06	-6.593685e-09	-2.994740e+01	-4.305966e+02
2.770000e-06	-4.316543e-06	-6.768300e-09	-3.086517e+01	-4.421843e+02
2.780000e-06	-4.443390e-06	-6.934780e-09	-3.177218e+01	-4.532902e+02
2.790000e-06	-4.568712e-06	-7.093848e-09	-3.266829e+01	-4.639200e+02
2.800000e-06	-4.692420e-06	-7.247403e-09	-3.355285e+01	-4.740737e+02
2.810000e-06	-4.814467e-06	-7.395282e-09	-3.442554e+01	-4.837508e+02
2.820000e-06	-4.934804e-06	-7.535748e-09	-3.528600e+01	-4.929545e+02
2.830000e-06	-5.053307e-06	-7.669360e-09	-3.613335e+01	-5.016948e+02
2.840000e-06	-5.169784e-06	-7.798417e-09	-3.696621e+01	-5.099898e+02
2.850000e-06	-5.284091e-06	-7.922315e-09	-3.778356e+01	-5.178650e+02
2.860000e-06	-5.396252e-06	-8.036680e-09	-3.858556e+01	-5.253521e+02
2.870000e-06	-5.506319e-06	-8.142996e-09	-3.937259e+01	-5.324860e+02
2.880000e-06	-5.614405e-06	-8.246686e-09	-4.014545e+01	-5.393020e+02
2.890000e-06	-5.720630e-06	-8.348296e-09	-4.090501e+01	-5.458327e+02
2.900000e-06	-5.824883e-06	-8.445504e-09	-4.165046e+01	-5.521055e+02
2.910000e-06	-5.926943e-06	-8.536351e-09	-4.238023e+01	-5.581415e+02
2.920000e-06	-6.026722e-06	-8.623201e-09	-4.309370e+01	-5.639543e+02
2.930000e-06	-6.124308e-06	-8.707840e-09	-4.379148e+01	-5.695516e+02
2.940000e-06	-6.219697e-06	-8.788737e-09	-4.447356e+01	-5.749359e+02
2.950000e-06	-6.312804e-06	-8.865591e-09	-4.513931e+01	-5.801065e+02
2.960000e-06	-6.403639e-06	-8.939665e-09	-4.578882e+01	-5.850622e+02
2.970000e-06	-6.492288e-06	-9.011311e-09	-4.642270e+01	-5.898027e+02
2.980000e-06	-6.578636e-06	-9.081089e-09	-4.704012e+01	-5.943304e+02
2.990000e-06	-6.662530e-06	-9.149698e-09	-4.764000e+01	-5.986507e+02
3.000000e-06	-6.744050e-06	-9.215499e-09	-4.822291e+01	-6.027723e+02
3.010000e-06	-6.823128e-06	-9.278041e-09	-4.878835e+01	-6.067060e+02
3.020000e-06	-6.899536e-06	-9.337992e-09	-4.933470e+01	-6.104634e+02
3.030000e-06	-6.973334e-06	-9.392665e-09	-4.986239e+01	-6.140556e+02
3.040000e-06	-7.044645e-06	-9.441801e-09	-5.037229e+01	-6.174911e+02
3.050000e-06	-7.113393e-06	-9.487796e-09	-5.086387e+01	-6.207750e+02
3.060000e-06	-7.179625e-06	-9.533673e-09	-5.133746e+01	-6.239083e+02
3.070000e-06	-7.243321e-06	-9.579284e-09	-5.179291e+01	-6.268875e+02
3.080000e-06	-7.304388e-06	-9.621781e-09	-5.222957e+01	-6.297063e+02
3.090000e-06	-7.362869e-06	-9.661135e-09	-5.264773e+01	-6.323561e+02
3.100000e-06	-7.418792e-06	-9.699598e-09	-5.304760e+01	-6.348280e+02
3.110000e-06	-7.471917e-06	-9.733220e-09	-5.342748e+01	-6.371148e+02
3.120000e-06	-7.521974e-06	-9.764088e-09	-5.378540e+01	-6.392125e+02
3.130000e-06	-7.569004e-06	-9.794782e-09	-5.412168e+01	-6.411214e+02
3.140000e-06	-7.613419e-06	-9.821050e-09	-5.443928e+01	-6.428466e+02
3.150000e-06	-7.655413e-06	-9.842947e-09	-5.473955e+01	-6.443981e+02
3.160000e-06	-7.694794e-06	-9.864104e-09	-5.502114e+01	-6.457894e+02
3.170000e-06	-7.731431e-06	-9.885451e-09	-5.528311e+01	-6.470366e+02
3.180000e-06	-7.765345e-06	-9.902949e-09	-5.552561e+01	-6.481561e+02
3.190000e-06	-7.796428e-06	-9.919135e-09	-5.574787e+01	-6.491632e+02
3.200000e-06	-7.824579e-06	-9.934961e-09	-5.594916e+01	-6.500700e+02
3.210000e-06	-7.849984e-06	-9.948449e-09	-5.613082e+01	-6.508844e+02
3.220000e-06	-7.872559e-06	-9.958301e-09	-5.629224e+01	-6.516094e+02
3.230000e-06	-7.892273e-06	-9.963821e-09	-5.643320e+01	-6.522431e+02
3.240000e-06	-7.909235e-06	-9.966262e-09	-5.655449e+01	-6.527797e+02
3.250000e-06	-7.923139e-06	-9.968421e-09	-5.665391e+01	-6.532105e+02
3.260000e-06	-7.933900e-06	-9.970135e-09	-5.673085e+01	-6.535254e+02
3.270000e-06	-7.941805e-06	-9.970781e-09	-5.678738e+01	-6.537151e+02
3.280000e-06	-7.946837e-06	-9.971349e-09	-5.682336e+01	-6.537722e+02
3.290000e-06	-7.949059e-06	-9.970945e-09	-5.683925e+01	-6.536928e+02
3.300000e-06	-7.948537e-06	-9.970133e-09	-5.683551e+01	-6.534770e+02
