# Temperatura_=_44.73
# Concentracion g/m^3_=_10000.0
# C_Vs_to_Am_M_A/Vsm_=_65563218390.804596
# pendiente_HvsI_1/m_=_3716.3
# ordenada_HvsI_A/m_=_1297.0
# frecuencia_Hz_=_302614.3992279248

Tiempo_(s)	Campo_(V.s)	Magnetizacion_(V.s)	Campo_(kA/m)	Magnetizacion_(A/m)
0.000000e+00	-7.883484e-06	-8.750703e-09	-5.683700e+01	-5.732049e+02
1.000000e-08	-7.880992e-06	-8.753275e-09	-5.681903e+01	-5.729311e+02
2.000000e-08	-7.875860e-06	-8.749564e-09	-5.678203e+01	-5.725512e+02
3.000000e-08	-7.868233e-06	-8.742369e-09	-5.672704e+01	-5.720799e+02
4.000000e-08	-7.857848e-06	-8.732310e-09	-5.665217e+01	-5.715339e+02
5.000000e-08	-7.844582e-06	-8.719141e-09	-5.655653e+01	-5.709299e+02
6.000000e-08	-7.828452e-06	-8.705881e-09	-5.644023e+01	-5.702825e+02
7.000000e-08	-7.809754e-06	-8.694959e-09	-5.630543e+01	-5.696024e+02
8.000000e-08	-7.788786e-06	-8.692036e-09	-5.615426e+01	-5.688949e+02
9.000000e-08	-7.765184e-06	-8.729234e-09	-5.598410e+01	-5.681599e+02
1.000000e-07	-7.738432e-06	-8.727627e-09	-5.579122e+01	-5.673917e+02
1.100000e-07	-7.708554e-06	-8.668300e-09	-5.557582e+01	-5.665799e+02
1.200000e-07	-7.675875e-06	-8.633661e-09	-5.534021e+01	-5.657109e+02
1.300000e-07	-7.640528e-06	-8.613199e-09	-5.508537e+01	-5.647698e+02
1.400000e-07	-7.602731e-06	-8.567436e-09	-5.481288e+01	-5.637417e+02
1.500000e-07	-7.562868e-06	-8.530951e-09	-5.452548e+01	-5.626136e+02
1.600000e-07	-7.520772e-06	-8.596702e-09	-5.422198e+01	-5.613756e+02
1.700000e-07	-7.475986e-06	-8.574166e-09	-5.389909e+01	-5.600212e+02
1.800000e-07	-7.428624e-06	-8.498048e-09	-5.355762e+01	-5.585479e+02
1.900000e-07	-7.378455e-06	-8.527548e-09	-5.319593e+01	-5.569562e+02
2.000000e-07	-7.325216e-06	-8.449364e-09	-5.281209e+01	-5.552496e+02
2.100000e-07	-7.269227e-06	-8.382080e-09	-5.240843e+01	-5.534328e+02
2.200000e-07	-7.210501e-06	-8.376333e-09	-5.198504e+01	-5.515113e+02
2.300000e-07	-7.149107e-06	-8.353590e-09	-5.154241e+01	-5.494903e+02
2.400000e-07	-7.085206e-06	-8.351516e-09	-5.108171e+01	-5.473740e+02
2.500000e-07	-7.018591e-06	-8.310183e-09	-5.060144e+01	-5.451650e+02
2.600000e-07	-6.949289e-06	-8.292405e-09	-5.010180e+01	-5.428649e+02
2.700000e-07	-6.877314e-06	-8.248870e-09	-4.958289e+01	-5.404739e+02
2.800000e-07	-6.802648e-06	-8.195339e-09	-4.904457e+01	-5.379912e+02
2.900000e-07	-6.725221e-06	-8.157961e-09	-4.848635e+01	-5.354158e+02
3.000000e-07	-6.644942e-06	-8.132729e-09	-4.790757e+01	-5.327465e+02
3.100000e-07	-6.562210e-06	-8.109848e-09	-4.731110e+01	-5.299818e+02
3.200000e-07	-6.477337e-06	-8.035020e-09	-4.669920e+01	-5.271206e+02
3.300000e-07	-6.390271e-06	-7.990147e-09	-4.607148e+01	-5.241613e+02
3.400000e-07	-6.300864e-06	-7.947411e-09	-4.542689e+01	-5.211020e+02
3.500000e-07	-6.209182e-06	-7.883827e-09	-4.476590e+01	-5.179401e+02
3.600000e-07	-6.115296e-06	-7.830775e-09	-4.408902e+01	-5.146718e+02
3.700000e-07	-6.019126e-06	-7.794740e-09	-4.339567e+01	-5.112924e+02
3.800000e-07	-5.920690e-06	-7.751453e-09	-4.268598e+01	-5.077963e+02
3.900000e-07	-5.820121e-06	-7.681649e-09	-4.196091e+01	-5.041775e+02
4.000000e-07	-5.717520e-06	-7.628330e-09	-4.122120e+01	-5.004297e+02
4.100000e-07	-5.612925e-06	-7.574558e-09	-4.046711e+01	-4.965475e+02
4.200000e-07	-5.506313e-06	-7.508344e-09	-3.969848e+01	-4.925265e+02
4.300000e-07	-5.397745e-06	-7.438385e-09	-3.891574e+01	-4.883639e+02
4.400000e-07	-5.287349e-06	-7.384870e-09	-3.811983e+01	-4.840584e+02
4.500000e-07	-5.175040e-06	-7.327544e-09	-3.731012e+01	-4.796102e+02
4.600000e-07	-5.060583e-06	-7.246241e-09	-3.648493e+01	-4.750205e+02
4.700000e-07	-4.944087e-06	-7.163686e-09	-3.564503e+01	-4.702903e+02
4.800000e-07	-4.825803e-06	-7.092160e-09	-3.479225e+01	-4.654198e+02
4.900000e-07	-4.705733e-06	-7.020753e-09	-3.392659e+01	-4.604072e+02
5.000000e-07	-4.583967e-06	-6.941394e-09	-3.304871e+01	-4.552483e+02
5.100000e-07	-4.460514e-06	-6.862582e-09	-3.215866e+01	-4.499358e+02
5.200000e-07	-4.335429e-06	-6.777095e-09	-3.125683e+01	-4.444593e+02
5.300000e-07	-4.208766e-06	-6.685949e-09	-3.034364e+01	-4.388063e+02
5.400000e-07	-4.080550e-06	-6.591769e-09	-2.941925e+01	-4.329629e+02
5.500000e-07	-3.950913e-06	-6.499090e-09	-2.848462e+01	-4.269155e+02
5.600000e-07	-3.819763e-06	-6.402323e-09	-2.753908e+01	-4.206515e+02
5.700000e-07	-3.687129e-06	-6.302573e-09	-2.658284e+01	-4.141616e+02
5.800000e-07	-3.553091e-06	-6.201198e-09	-2.561647e+01	-4.074398e+02
5.900000e-07	-3.417691e-06	-6.094302e-09	-2.464029e+01	-4.004843e+02
6.000000e-07	-3.281046e-06	-5.984126e-09	-2.365513e+01	-3.932967e+02
6.100000e-07	-3.143155e-06	-5.870414e-09	-2.266098e+01	-3.858814e+02
6.200000e-07	-3.003902e-06	-5.754671e-09	-2.165702e+01	-3.782431e+02
6.300000e-07	-2.863279e-06	-5.634407e-09	-2.064318e+01	-3.703858e+02
6.400000e-07	-2.721527e-06	-5.513409e-09	-1.962120e+01	-3.623099e+02
6.500000e-07	-2.578744e-06	-5.390648e-09	-1.859179e+01	-3.540108e+02
6.600000e-07	-2.434959e-06	-5.260576e-09	-1.755515e+01	-3.454775e+02
6.700000e-07	-2.290299e-06	-5.121082e-09	-1.651221e+01	-3.366927e+02
6.800000e-07	-2.144787e-06	-4.977334e-09	-1.546312e+01	-3.276332e+02
6.900000e-07	-1.998476e-06	-4.832328e-09	-1.440827e+01	-3.182715e+02
7.000000e-07	-1.851559e-06	-4.684652e-09	-1.334906e+01	-3.085784e+02
7.100000e-07	-1.704113e-06	-4.531037e-09	-1.228603e+01	-2.985257e+02
7.200000e-07	-1.556105e-06	-4.367654e-09	-1.121894e+01	-2.880888e+02
7.300000e-07	-1.407620e-06	-4.198895e-09	-1.014842e+01	-2.772490e+02
7.400000e-07	-1.258767e-06	-4.027481e-09	-9.075246e+00	-2.659950e+02
7.500000e-07	-1.109592e-06	-3.853996e-09	-7.999744e+00	-2.543221e+02
7.600000e-07	-9.600409e-07	-3.675415e-09	-6.921539e+00	-2.422314e+02
7.700000e-07	-8.101043e-07	-3.488037e-09	-5.840552e+00	-2.297262e+02
7.800000e-07	-6.599168e-07	-3.289531e-09	-4.757756e+00	-2.168088e+02
7.900000e-07	-5.094992e-07	-3.084480e-09	-3.673300e+00	-2.034751e+02
8.000000e-07	-3.588503e-07	-2.875584e-09	-2.587178e+00	-1.897111e+02
8.100000e-07	-2.080805e-07	-2.658215e-09	-1.500183e+00	-1.754892e+02
8.200000e-07	-5.719620e-08	-2.430979e-09	-4.123634e-01	-1.607664e+02
8.300000e-07	9.379754e-08	-2.194448e-09	6.762455e-01	-1.454846e+02
8.400000e-07	2.447755e-07	-1.950735e-09	1.764741e+00	-1.295740e+02
8.500000e-07	3.956055e-07	-1.698643e-09	2.852169e+00	-1.129584e+02
8.600000e-07	5.462613e-07	-1.436465e-09	3.938342e+00	-9.556272e+01
8.700000e-07	6.967320e-07	-1.162948e-09	5.023180e+00	-7.732247e+01
8.800000e-07	8.469936e-07	-8.745905e-10	6.106510e+00	-5.819361e+01
8.900000e-07	9.970219e-07	-5.705331e-10	7.188158e+00	-3.816192e+01
9.000000e-07	1.146708e-06	-2.536827e-10	8.267343e+00	-1.725079e+01
9.100000e-07	1.296025e-06	7.376075e-11	9.343861e+00	4.473609e+00
9.200000e-07	1.445012e-06	4.143280e-10	1.041800e+01	2.690056e+01
9.300000e-07	1.593535e-06	7.670887e-10	1.148879e+01	4.987693e+01
9.400000e-07	1.741429e-06	1.126989e-09	1.255506e+01	7.321325e+01
9.500000e-07	1.888716e-06	1.488071e-09	1.361694e+01	9.669318e+01
9.600000e-07	2.035310e-06	1.846682e-09	1.467383e+01	1.200858e+02
9.700000e-07	2.181116e-06	2.201263e-09	1.572504e+01	1.431591e+02
9.800000e-07	2.326115e-06	2.547324e-09	1.677043e+01	1.656946e+02
9.900000e-07	2.470273e-06	2.878551e-09	1.780975e+01	1.874993e+02
1.000000e-06	2.613493e-06	3.194883e-09	1.884232e+01	2.084171e+02
1.010000e-06	2.755649e-06	3.493669e-09	1.986721e+01	2.283352e+02
1.020000e-06	2.896739e-06	3.775179e-09	2.088442e+01	2.471878e+02
1.030000e-06	3.036641e-06	4.042150e-09	2.189306e+01	2.649548e+02
1.040000e-06	3.175256e-06	4.293659e-09	2.289242e+01	2.816576e+02
1.050000e-06	3.312613e-06	4.531424e-09	2.388271e+01	2.973506e+02
1.060000e-06	3.448674e-06	4.756483e-09	2.486366e+01	3.121119e+02
1.070000e-06	3.583423e-06	4.971665e-09	2.583515e+01	3.260322e+02
1.080000e-06	3.716909e-06	5.177811e-09	2.679754e+01	3.392041e+02
1.090000e-06	3.849128e-06	5.371166e-09	2.775079e+01	3.517136e+02
1.100000e-06	3.980036e-06	5.552239e-09	2.869458e+01	3.636330e+02
1.110000e-06	4.109494e-06	5.724588e-09	2.962793e+01	3.750167e+02
1.120000e-06	4.237420e-06	5.889161e-09	3.055023e+01	3.859008e+02
1.130000e-06	4.363874e-06	6.046558e-09	3.146192e+01	3.963044e+02
1.140000e-06	4.488885e-06	6.196597e-09	3.236320e+01	4.062336e+02
1.150000e-06	4.612388e-06	6.338572e-09	3.325361e+01	4.156869e+02
1.160000e-06	4.734235e-06	6.472594e-09	3.413208e+01	4.246605e+02
1.170000e-06	4.854332e-06	6.600276e-09	3.499794e+01	4.331538e+02
1.180000e-06	4.972658e-06	6.722378e-09	3.585102e+01	4.411737e+02
1.190000e-06	5.089183e-06	6.838360e-09	3.669113e+01	4.487367e+02
1.200000e-06	5.203732e-06	6.945312e-09	3.751698e+01	4.558694e+02
1.210000e-06	5.316215e-06	7.046067e-09	3.832794e+01	4.626078e+02
1.220000e-06	5.426784e-06	7.144229e-09	3.912510e+01	4.689935e+02
1.230000e-06	5.535496e-06	7.239499e-09	3.990888e+01	4.750710e+02
1.240000e-06	5.642261e-06	7.328960e-09	4.067861e+01	4.808826e+02
1.250000e-06	5.746909e-06	7.413404e-09	4.143309e+01	4.864655e+02
1.260000e-06	5.849372e-06	7.495784e-09	4.217181e+01	4.918482e+02
1.270000e-06	5.949742e-06	7.574793e-09	4.289543e+01	4.970492e+02
1.280000e-06	6.047943e-06	7.649705e-09	4.360342e+01	5.020769e+02
1.290000e-06	6.143803e-06	7.721651e-09	4.429454e+01	5.069305e+02
1.300000e-06	6.237410e-06	7.790847e-09	4.496941e+01	5.116025e+02
1.310000e-06	6.328868e-06	7.857011e-09	4.562879e+01	5.160816e+02
1.320000e-06	6.418006e-06	7.920226e-09	4.627144e+01	5.203562e+02
1.330000e-06	6.504816e-06	7.981074e-09	4.689731e+01	5.244170e+02
1.340000e-06	6.589442e-06	8.039425e-09	4.750744e+01	5.282594e+02
1.350000e-06	6.671745e-06	8.094467e-09	4.810081e+01	5.318847e+02
1.360000e-06	6.751544e-06	8.145172e-09	4.867613e+01	5.353002e+02
1.370000e-06	6.828820e-06	8.193452e-09	4.923326e+01	5.385182e+02
1.380000e-06	6.903532e-06	8.241105e-09	4.977191e+01	5.415541e+02
1.390000e-06	6.975681e-06	8.286588e-09	5.029208e+01	5.444245e+02
1.400000e-06	7.045422e-06	8.329239e-09	5.079488e+01	5.471445e+02
1.410000e-06	7.112692e-06	8.368638e-09	5.127988e+01	5.497259e+02
1.420000e-06	7.177339e-06	8.404460e-09	5.174595e+01	5.521763e+02
1.430000e-06	7.239471e-06	8.437169e-09	5.219390e+01	5.544980e+02
1.440000e-06	7.299142e-06	8.468454e-09	5.262411e+01	5.566889e+02
1.450000e-06	7.356195e-06	8.498505e-09	5.303544e+01	5.587439e+02
1.460000e-06	7.410600e-06	8.527243e-09	5.342768e+01	5.606561e+02
1.470000e-06	7.462126e-06	8.553737e-09	5.379917e+01	5.624197e+02
1.480000e-06	7.510634e-06	8.578537e-09	5.414889e+01	5.640311e+02
1.490000e-06	7.556391e-06	8.601180e-09	5.447878e+01	5.654908e+02
1.500000e-06	7.599481e-06	8.620763e-09	5.478944e+01	5.668040e+02
1.510000e-06	7.639842e-06	8.638802e-09	5.508043e+01	5.679806e+02
1.520000e-06	7.677515e-06	8.656069e-09	5.535204e+01	5.690340e+02
1.530000e-06	7.712485e-06	8.672526e-09	5.560416e+01	5.699799e+02
1.540000e-06	7.744628e-06	8.686967e-09	5.583590e+01	5.708338e+02
1.550000e-06	7.774100e-06	8.699289e-09	5.604838e+01	5.716096e+02
1.560000e-06	7.800891e-06	8.710038e-09	5.624153e+01	5.723170e+02
1.570000e-06	7.824736e-06	8.719636e-09	5.641345e+01	5.729610e+02
1.580000e-06	7.845755e-06	8.729768e-09	5.656499e+01	5.735408e+02
1.590000e-06	7.864091e-06	8.738602e-09	5.669718e+01	5.740506e+02
1.600000e-06	7.879527e-06	8.746510e-09	5.680847e+01	5.744803e+02
1.610000e-06	7.891913e-06	8.752061e-09	5.689777e+01	5.748177e+02
1.620000e-06	7.901227e-06	8.753420e-09	5.696492e+01	5.750505e+02
1.630000e-06	7.907564e-06	8.755354e-09	5.701060e+01	5.751681e+02
1.640000e-06	7.911099e-06	8.755793e-09	5.703609e+01	5.751641e+02
1.650000e-06	7.911849e-06	8.755657e-09	5.704150e+01	5.750370e+02
1.660000e-06	7.909932e-06	8.751796e-09	5.702768e+01	5.747911e+02
1.670000e-06	7.905406e-06	8.748321e-09	5.699505e+01	5.744359e+02
1.680000e-06	7.898150e-06	8.747684e-09	5.694273e+01	5.739853e+02
1.690000e-06	7.888252e-06	8.742002e-09	5.687137e+01	5.734558e+02
1.700000e-06	7.875597e-06	8.733506e-09	5.678013e+01	5.728643e+02
1.710000e-06	7.860226e-06	8.727558e-09	5.666932e+01	5.722260e+02
1.720000e-06	7.842481e-06	8.722232e-09	5.654138e+01	5.715527e+02
1.730000e-06	7.822450e-06	8.687237e-09	5.639697e+01	5.708513e+02
1.740000e-06	7.799777e-06	8.612005e-09	5.623350e+01	5.701230e+02
1.750000e-06	7.773839e-06	8.615874e-09	5.604650e+01	5.693633e+02
1.760000e-06	7.744325e-06	8.645292e-09	5.583372e+01	5.685630e+02
1.770000e-06	7.711648e-06	8.637622e-09	5.559812e+01	5.677092e+02
1.780000e-06	7.676553e-06	8.654432e-09	5.534510e+01	5.667869e+02
1.790000e-06	7.639119e-06	8.683710e-09	5.507521e+01	5.657813e+02
1.800000e-06	7.599540e-06	8.597323e-09	5.478987e+01	5.646787e+02
1.810000e-06	7.557923e-06	8.556883e-09	5.448982e+01	5.634684e+02
1.820000e-06	7.513805e-06	8.586775e-09	5.417175e+01	5.621429e+02
1.830000e-06	7.467108e-06	8.518930e-09	5.383508e+01	5.606988e+02
1.840000e-06	7.417670e-06	8.570897e-09	5.347865e+01	5.591359e+02
1.850000e-06	7.365233e-06	8.549517e-09	5.310060e+01	5.574570e+02
1.860000e-06	7.309935e-06	8.508541e-09	5.270192e+01	5.556667e+02
1.870000e-06	7.251984e-06	8.500838e-09	5.228411e+01	5.537703e+02
1.880000e-06	7.191470e-06	8.388864e-09	5.184783e+01	5.517732e+02
1.890000e-06	7.128215e-06	8.391404e-09	5.139179e+01	5.496798e+02
1.900000e-06	7.062186e-06	8.336879e-09	5.091574e+01	5.474933e+02
1.910000e-06	6.993407e-06	8.305564e-09	5.041987e+01	5.452153e+02
1.920000e-06	6.921837e-06	8.314695e-09	4.990388e+01	5.428465e+02
1.930000e-06	6.847669e-06	8.244618e-09	4.936915e+01	5.403862e+02
1.940000e-06	6.770784e-06	8.213410e-09	4.881484e+01	5.378336e+02
1.950000e-06	6.691190e-06	8.129841e-09	4.824100e+01	5.351873e+02
1.960000e-06	6.609147e-06	8.118314e-09	4.764950e+01	5.324460e+02
1.970000e-06	6.524701e-06	8.085206e-09	4.704068e+01	5.296085e+02
1.980000e-06	6.437780e-06	8.031680e-09	4.641401e+01	5.266733e+02
1.990000e-06	6.348465e-06	8.019570e-09	4.577008e+01	5.236387e+02
2.000000e-06	6.257033e-06	7.954038e-09	4.511089e+01	5.205021e+02
2.010000e-06	6.163401e-06	7.894135e-09	4.443584e+01	5.172602e+02
2.020000e-06	6.067498e-06	7.819228e-09	4.374441e+01	5.139085e+02
2.030000e-06	5.969439e-06	7.787001e-09	4.303744e+01	5.104416e+02
2.040000e-06	5.869318e-06	7.735876e-09	4.231561e+01	5.068535e+02
2.050000e-06	5.767069e-06	7.681861e-09	4.157843e+01	5.031380e+02
2.060000e-06	5.662730e-06	7.634762e-09	4.082618e+01	4.992893e+02
2.070000e-06	5.556526e-06	7.569557e-09	4.006049e+01	4.953027e+02
2.080000e-06	5.448435e-06	7.492025e-09	3.928120e+01	4.911751e+02
2.090000e-06	5.338361e-06	7.407893e-09	3.848761e+01	4.869048e+02
2.100000e-06	5.226294e-06	7.352689e-09	3.767965e+01	4.824916e+02
2.110000e-06	5.112302e-06	7.284490e-09	3.685780e+01	4.779366e+02
2.120000e-06	4.996362e-06	7.218053e-09	3.602192e+01	4.732409e+02
2.130000e-06	4.878451e-06	7.149561e-09	3.517182e+01	4.684049e+02
2.140000e-06	4.758604e-06	7.084454e-09	3.430777e+01	4.634276e+02
2.150000e-06	4.637000e-06	7.001223e-09	3.343105e+01	4.583053e+02
2.160000e-06	4.513736e-06	6.914691e-09	3.254236e+01	4.530315e+02
2.170000e-06	4.388810e-06	6.834853e-09	3.164169e+01	4.475965e+02
2.180000e-06	4.262270e-06	6.752381e-09	3.072938e+01	4.419883e+02
2.190000e-06	4.134105e-06	6.661674e-09	2.980536e+01	4.361933e+02
2.200000e-06	4.004470e-06	6.565174e-09	2.887075e+01	4.301975e+02
2.210000e-06	3.873400e-06	6.469709e-09	2.792578e+01	4.239882e+02
2.220000e-06	3.740934e-06	6.369563e-09	2.697075e+01	4.175549e+02
2.230000e-06	3.607063e-06	6.274287e-09	2.600559e+01	4.108908e+02
2.240000e-06	3.471779e-06	6.177506e-09	2.503024e+01	4.039931e+02
2.250000e-06	3.335193e-06	6.077628e-09	2.404550e+01	3.968627e+02
2.260000e-06	3.197384e-06	5.965505e-09	2.305195e+01	3.895032e+02
2.270000e-06	3.058347e-06	5.846640e-09	2.204955e+01	3.819197e+02
2.280000e-06	2.918104e-06	5.720238e-09	2.103845e+01	3.741164e+02
2.290000e-06	2.776703e-06	5.592943e-09	2.001900e+01	3.660948e+02
2.300000e-06	2.634195e-06	5.467643e-09	1.899157e+01	3.578516e+02
2.310000e-06	2.490759e-06	5.341934e-09	1.795745e+01	3.493777e+02
2.320000e-06	2.346433e-06	5.212482e-09	1.691691e+01	3.406572e+02
2.330000e-06	2.201350e-06	5.076910e-09	1.587092e+01	3.316683e+02
2.340000e-06	2.055629e-06	4.938205e-09	1.482033e+01	3.223843e+02
2.350000e-06	1.909189e-06	4.791882e-09	1.376454e+01	3.127762e+02
2.360000e-06	1.762023e-06	4.638384e-09	1.270354e+01	3.028153e+02
2.370000e-06	1.614268e-06	4.480264e-09	1.163827e+01	2.924758e+02
2.380000e-06	1.466067e-06	4.318202e-09	1.056980e+01	2.817376e+02
2.390000e-06	1.317417e-06	4.151858e-09	9.498085e+00	2.705873e+02
2.400000e-06	1.168277e-06	3.976459e-09	8.422846e+00	2.590186e+02
2.410000e-06	1.018736e-06	3.791643e-09	7.344712e+00	2.470315e+02
2.420000e-06	8.688793e-07	3.600530e-09	6.264297e+00	2.346291e+02
2.430000e-06	7.187200e-07	3.405370e-09	5.181705e+00	2.218141e+02
2.440000e-06	5.683350e-07	3.208543e-09	4.097485e+00	2.085848e+02
2.450000e-06	4.178009e-07	3.004841e-09	3.012190e+00	1.949299e+02
2.460000e-06	2.670987e-07	2.790124e-09	1.925682e+00	1.808253e+02
2.470000e-06	1.162364e-07	2.562683e-09	8.380211e-01	1.662320e+02
2.480000e-06	-3.468049e-08	2.324039e-09	-2.500335e-01	1.510955e+02
2.490000e-06	-1.855773e-07	2.077553e-09	-1.337943e+00	1.353486e+02
2.500000e-06	-3.364403e-07	1.823401e-09	-2.425610e+00	1.189159e+02
2.510000e-06	-4.872041e-07	1.560083e-09	-3.512561e+00	1.017213e+02
2.520000e-06	-6.378417e-07	1.285192e-09	-4.598602e+00	8.369673e+01
2.530000e-06	-7.883053e-07	9.985139e-10	-5.683389e+00	6.479211e+01
2.540000e-06	-9.384648e-07	6.997686e-10	-6.765984e+00	4.498495e+01
2.550000e-06	-1.088291e-06	3.893340e-10	-7.846178e+00	2.428863e+01
2.560000e-06	-1.237726e-06	6.744420e-11	-8.923544e+00	2.758334e+00
2.570000e-06	-1.386713e-06	-2.687782e-10	-9.997687e+00	-1.950632e+01
2.580000e-06	-1.535240e-06	-6.204149e-10	-1.106851e+01	-4.236239e+01
2.590000e-06	-1.683253e-06	-9.813296e-10	-1.213563e+01	-6.562871e+01
2.600000e-06	-1.830648e-06	-1.345384e-09	-1.319829e+01	-8.909462e+01
2.610000e-06	-1.977279e-06	-1.710470e-09	-1.425545e+01	-1.125315e+02
2.620000e-06	-2.123173e-06	-2.071468e-09	-1.530729e+01	-1.357065e+02
2.630000e-06	-2.268320e-06	-2.420726e-09	-1.635375e+01	-1.583963e+02
2.640000e-06	-2.412593e-06	-2.751021e-09	-1.739390e+01	-1.804005e+02
2.650000e-06	-2.555942e-06	-3.064695e-09	-1.842740e+01	-2.015530e+02
2.660000e-06	-2.698280e-06	-3.366132e-09	-1.945360e+01	-2.217296e+02
2.670000e-06	-2.839512e-06	-3.656942e-09	-2.047183e+01	-2.408527e+02
2.680000e-06	-2.979605e-06	-3.934428e-09	-2.148185e+01	-2.588912e+02
2.690000e-06	-3.118451e-06	-4.195634e-09	-2.248288e+01	-2.758567e+02
2.700000e-06	-3.256058e-06	-4.441914e-09	-2.347497e+01	-2.917961e+02
2.710000e-06	-3.392467e-06	-4.673552e-09	-2.445843e+01	-3.067827e+02
2.720000e-06	-3.527598e-06	-4.892638e-09	-2.543268e+01	-3.209050e+02
2.730000e-06	-3.661422e-06	-5.099919e-09	-2.639749e+01	-3.342562e+02
2.740000e-06	-3.793922e-06	-5.295094e-09	-2.735277e+01	-3.469245e+02
2.750000e-06	-3.925102e-06	-5.478391e-09	-2.829853e+01	-3.589861e+02
2.760000e-06	-4.054939e-06	-5.652948e-09	-2.923461e+01	-3.705001e+02
2.770000e-06	-4.183400e-06	-5.822321e-09	-3.016076e+01	-3.815073e+02
2.780000e-06	-4.310451e-06	-5.984964e-09	-3.107675e+01	-3.920306e+02
2.790000e-06	-4.436021e-06	-6.136935e-09	-3.198206e+01	-4.020790e+02
2.800000e-06	-4.559993e-06	-6.279068e-09	-3.287586e+01	-4.116522e+02
2.810000e-06	-4.682336e-06	-6.414552e-09	-3.375791e+01	-4.207465e+02
2.820000e-06	-4.803001e-06	-6.545830e-09	-3.462786e+01	-4.293602e+02
2.830000e-06	-4.921851e-06	-6.672276e-09	-3.548472e+01	-4.374979e+02
2.840000e-06	-5.038750e-06	-6.791565e-09	-3.632752e+01	-4.451735e+02
2.850000e-06	-5.153613e-06	-6.905196e-09	-3.715564e+01	-4.524113e+02
2.860000e-06	-5.266407e-06	-7.012192e-09	-3.796884e+01	-4.592451e+02
2.870000e-06	-5.377106e-06	-7.111428e-09	-3.876694e+01	-4.657155e+02
2.880000e-06	-5.485817e-06	-7.206956e-09	-3.955070e+01	-4.718664e+02
2.890000e-06	-5.592701e-06	-7.299107e-09	-4.032130e+01	-4.777414e+02
2.900000e-06	-5.697724e-06	-7.386313e-09	-4.107848e+01	-4.833789e+02
2.910000e-06	-5.800617e-06	-7.467665e-09	-4.182030e+01	-4.888101e+02
2.920000e-06	-5.901254e-06	-7.545190e-09	-4.254585e+01	-4.940559e+02
2.930000e-06	-5.999752e-06	-7.620960e-09	-4.325599e+01	-4.991273e+02
2.940000e-06	-6.096128e-06	-7.695807e-09	-4.395083e+01	-5.040255e+02
2.950000e-06	-6.190281e-06	-7.770112e-09	-4.462963e+01	-5.087444e+02
2.960000e-06	-6.282125e-06	-7.842790e-09	-4.529179e+01	-5.132734e+02
2.970000e-06	-6.371819e-06	-7.910826e-09	-4.593845e+01	-5.176007e+02
2.980000e-06	-6.459312e-06	-7.972312e-09	-4.656925e+01	-5.217161e+02
2.990000e-06	-6.544334e-06	-8.030075e-09	-4.718222e+01	-5.256138e+02
3.000000e-06	-6.627005e-06	-8.086979e-09	-4.777825e+01	-5.292935e+02
3.010000e-06	-6.707429e-06	-8.141993e-09	-4.835808e+01	-5.327611e+02
3.020000e-06	-6.785380e-06	-8.192467e-09	-4.892007e+01	-5.360277e+02
3.030000e-06	-6.860639e-06	-8.241135e-09	-4.946266e+01	-5.391082e+02
3.040000e-06	-6.933299e-06	-8.287978e-09	-4.998651e+01	-5.420190e+02
3.050000e-06	-7.003431e-06	-8.331609e-09	-5.049214e+01	-5.447758e+02
3.060000e-06	-7.071020e-06	-8.372199e-09	-5.097943e+01	-5.473916e+02
3.070000e-06	-7.136123e-06	-8.410089e-09	-5.144880e+01	-5.498749e+02
3.080000e-06	-7.198690e-06	-8.445916e-09	-5.189988e+01	-5.522293e+02
3.090000e-06	-7.258656e-06	-8.478667e-09	-5.233222e+01	-5.544539e+02
3.100000e-06	-7.316049e-06	-8.508660e-09	-5.274600e+01	-5.565441e+02
3.110000e-06	-7.370806e-06	-8.538175e-09	-5.314078e+01	-5.584932e+02
3.120000e-06	-7.422732e-06	-8.566513e-09	-5.351515e+01	-5.602949e+02
3.130000e-06	-7.471567e-06	-8.591598e-09	-5.386723e+01	-5.619450e+02
3.140000e-06	-7.517519e-06	-8.613770e-09	-5.419853e+01	-5.634429e+02
3.150000e-06	-7.561050e-06	-8.633667e-09	-5.451237e+01	-5.647926e+02
3.160000e-06	-7.602136e-06	-8.653794e-09	-5.480858e+01	-5.660028e+02
3.170000e-06	-7.640572e-06	-8.672822e-09	-5.508569e+01	-5.670862e+02
3.180000e-06	-7.676282e-06	-8.687487e-09	-5.534315e+01	-5.680580e+02
3.190000e-06	-7.709255e-06	-8.699604e-09	-5.558087e+01	-5.689341e+02
3.200000e-06	-7.739385e-06	-8.710785e-09	-5.579809e+01	-5.697289e+02
3.210000e-06	-7.766641e-06	-8.722079e-09	-5.599460e+01	-5.704533e+02
3.220000e-06	-7.791141e-06	-8.734214e-09	-5.617124e+01	-5.711135e+02
3.230000e-06	-7.812808e-06	-8.743986e-09	-5.632745e+01	-5.717103e+02
3.240000e-06	-7.831701e-06	-8.749397e-09	-5.646366e+01	-5.722390e+02
3.250000e-06	-7.847814e-06	-8.751442e-09	-5.657983e+01	-5.726903e+02
3.260000e-06	-7.860832e-06	-8.753107e-09	-5.667368e+01	-5.730526e+02
3.270000e-06	-7.870826e-06	-8.754106e-09	-5.674574e+01	-5.733132e+02
3.280000e-06	-7.877955e-06	-8.754329e-09	-5.679713e+01	-5.734610e+02
3.290000e-06	-7.882273e-06	-8.753855e-09	-5.682827e+01	-5.734883e+02
3.300000e-06	-7.883889e-06	-8.751371e-09	-5.683992e+01	-5.733924e+02
