# Temperatura_=_46.4
# Concentracion g/m^3_=_10000.0
# C_Vs_to_Am_M_A/Vsm_=_65563218390.804596
# pendiente_HvsI_1/m_=_3716.3
# ordenada_HvsI_A/m_=_1297.0
# frecuencia_Hz_=_302619.00070843496

Tiempo_(s)	Campo_(V.s)	Magnetizacion_(V.s)	Campo_(kA/m)	Magnetizacion_(A/m)
0.000000e+00	-7.957141e-06	-8.821378e-09	-5.683770e+01	-5.785716e+02
1.000000e-08	-7.954653e-06	-8.826723e-09	-5.681992e+01	-5.783294e+02
2.000000e-08	-7.949502e-06	-8.823469e-09	-5.678313e+01	-5.779842e+02
3.000000e-08	-7.941802e-06	-8.816820e-09	-5.672814e+01	-5.775486e+02
4.000000e-08	-7.931295e-06	-8.809070e-09	-5.665308e+01	-5.770365e+02
5.000000e-08	-7.917832e-06	-8.796897e-09	-5.655692e+01	-5.764615e+02
6.000000e-08	-7.901431e-06	-8.781321e-09	-5.643976e+01	-5.758352e+02
7.000000e-08	-7.882485e-06	-8.767065e-09	-5.630443e+01	-5.751655e+02
8.000000e-08	-7.861281e-06	-8.767252e-09	-5.615297e+01	-5.744557e+02
9.000000e-08	-7.837358e-06	-8.829455e-09	-5.598209e+01	-5.737048e+02
1.000000e-07	-7.810227e-06	-8.824239e-09	-5.578829e+01	-5.729072e+02
1.100000e-07	-7.780013e-06	-8.744298e-09	-5.557248e+01	-5.720543e+02
1.200000e-07	-7.747004e-06	-8.708089e-09	-5.533669e+01	-5.711352e+02
1.300000e-07	-7.711283e-06	-8.690369e-09	-5.508154e+01	-5.701387e+02
1.400000e-07	-7.673096e-06	-8.648088e-09	-5.480877e+01	-5.690545e+02
1.500000e-07	-7.632748e-06	-8.601810e-09	-5.452056e+01	-5.678740e+02
1.600000e-07	-7.590168e-06	-8.678762e-09	-5.421642e+01	-5.665915e+02
1.700000e-07	-7.544972e-06	-8.646370e-09	-5.389359e+01	-5.652038e+02
1.800000e-07	-7.497014e-06	-8.542739e-09	-5.355102e+01	-5.637101e+02
1.900000e-07	-7.446153e-06	-8.606705e-09	-5.318772e+01	-5.621116e+02
2.000000e-07	-7.392377e-06	-8.538073e-09	-5.280360e+01	-5.604105e+02
2.100000e-07	-7.335850e-06	-8.470766e-09	-5.239983e+01	-5.586090e+02
2.200000e-07	-7.276574e-06	-8.479438e-09	-5.197642e+01	-5.567087e+02
2.300000e-07	-7.214688e-06	-8.452603e-09	-5.153437e+01	-5.547103e+02
2.400000e-07	-7.150165e-06	-8.439316e-09	-5.107349e+01	-5.526133e+02
2.500000e-07	-7.082894e-06	-8.364309e-09	-5.059297e+01	-5.504161e+02
2.600000e-07	-7.012973e-06	-8.351609e-09	-5.009353e+01	-5.481167e+02
2.700000e-07	-6.940261e-06	-8.314044e-09	-4.957415e+01	-5.457131e+02
2.800000e-07	-6.864742e-06	-8.261991e-09	-4.903471e+01	-5.432039e+02
2.900000e-07	-6.786482e-06	-8.230657e-09	-4.847570e+01	-5.405885e+02
3.000000e-07	-6.705486e-06	-8.212114e-09	-4.789716e+01	-5.378675e+02
3.100000e-07	-6.622125e-06	-8.194204e-09	-4.730170e+01	-5.350425e+02
3.200000e-07	-6.536535e-06	-8.099076e-09	-4.669034e+01	-5.321154e+02
3.300000e-07	-6.448577e-06	-8.053235e-09	-4.606205e+01	-5.290880e+02
3.400000e-07	-6.358274e-06	-8.018738e-09	-4.541703e+01	-5.259614e+02
3.500000e-07	-6.265673e-06	-7.961804e-09	-4.475558e+01	-5.227349e+02
3.600000e-07	-6.170796e-06	-7.906530e-09	-4.407787e+01	-5.194061e+02
3.700000e-07	-6.073601e-06	-7.869602e-09	-4.338361e+01	-5.159703e+02
3.800000e-07	-5.974201e-06	-7.827130e-09	-4.267360e+01	-5.124211e+02
3.900000e-07	-5.872708e-06	-7.746827e-09	-4.194864e+01	-5.087510e+02
4.000000e-07	-5.769135e-06	-7.688184e-09	-4.120881e+01	-5.049518e+02
4.100000e-07	-5.663516e-06	-7.636594e-09	-4.045438e+01	-5.010163e+02
4.200000e-07	-5.555888e-06	-7.577135e-09	-3.968559e+01	-4.969385e+02
4.300000e-07	-5.446313e-06	-7.505136e-09	-3.890290e+01	-4.927146e+02
4.400000e-07	-5.334831e-06	-7.449967e-09	-3.810659e+01	-4.883433e+02
4.500000e-07	-5.221272e-06	-7.392031e-09	-3.729544e+01	-4.838254e+02
4.600000e-07	-5.105503e-06	-7.309457e-09	-3.646850e+01	-4.791633e+02
4.700000e-07	-4.987840e-06	-7.220137e-09	-3.562804e+01	-4.743598e+02
4.800000e-07	-4.868466e-06	-7.144534e-09	-3.477536e+01	-4.694170e+02
4.900000e-07	-4.747264e-06	-7.077146e-09	-3.390961e+01	-4.643348e+02
5.000000e-07	-4.624305e-06	-6.999569e-09	-3.303132e+01	-4.591102e+02
5.100000e-07	-4.499740e-06	-6.918607e-09	-3.214155e+01	-4.537365e+02
5.200000e-07	-4.373604e-06	-6.829569e-09	-3.124056e+01	-4.482034e+02
5.300000e-07	-4.245875e-06	-6.741392e-09	-3.032820e+01	-4.424974e+02
5.400000e-07	-4.116502e-06	-6.647711e-09	-2.940409e+01	-4.366034e+02
5.500000e-07	-3.985560e-06	-6.554292e-09	-2.846878e+01	-4.305056e+02
5.600000e-07	-3.853135e-06	-6.459947e-09	-2.752286e+01	-4.241899e+02
5.700000e-07	-3.719293e-06	-6.363008e-09	-2.656683e+01	-4.176448e+02
5.800000e-07	-3.584060e-06	-6.259221e-09	-2.560087e+01	-4.108633e+02
5.900000e-07	-3.447409e-06	-6.146643e-09	-2.462477e+01	-4.038423e+02
6.000000e-07	-3.309355e-06	-6.035069e-09	-2.363866e+01	-3.965833e+02
6.100000e-07	-3.169941e-06	-5.921743e-09	-2.264283e+01	-3.890907e+02
6.200000e-07	-3.029180e-06	-5.804172e-09	-2.163737e+01	-3.813699e+02
6.300000e-07	-2.887099e-06	-5.682576e-09	-2.062249e+01	-3.734255e+02
6.400000e-07	-2.743869e-06	-5.562352e-09	-1.959940e+01	-3.652585e+02
6.500000e-07	-2.599587e-06	-5.437406e-09	-1.856880e+01	-3.568649e+02
6.600000e-07	-2.454345e-06	-5.303069e-09	-1.753134e+01	-3.482340e+02
6.700000e-07	-2.308298e-06	-5.161936e-09	-1.648812e+01	-3.393482e+02
6.800000e-07	-2.161520e-06	-5.018686e-09	-1.543969e+01	-3.301839e+02
6.900000e-07	-2.014040e-06	-4.871457e-09	-1.438625e+01	-3.207128e+02
7.000000e-07	-1.865977e-06	-4.719454e-09	-1.332864e+01	-3.109050e+02
7.100000e-07	-1.717363e-06	-4.564843e-09	-1.226709e+01	-3.007318e+02
7.200000e-07	-1.568180e-06	-4.403969e-09	-1.120148e+01	-2.901683e+02
7.300000e-07	-1.418492e-06	-4.235656e-09	-1.013226e+01	-2.791958e+02
7.400000e-07	-1.268406e-06	-4.061197e-09	-9.060201e+00	-2.678030e+02
7.500000e-07	-1.117964e-06	-3.885451e-09	-7.985598e+00	-2.559859e+02
7.600000e-07	-9.670592e-07	-3.705687e-09	-6.907684e+00	-2.437455e+02
7.700000e-07	-8.157531e-07	-3.516692e-09	-5.826908e+00	-2.310850e+02
7.800000e-07	-6.641094e-07	-3.315983e-09	-4.743720e+00	-2.180055e+02
7.900000e-07	-5.121601e-07	-3.108384e-09	-3.658349e+00	-2.045010e+02
8.000000e-07	-3.600119e-07	-2.895261e-09	-2.571558e+00	-1.905541e+02
8.100000e-07	-2.077284e-07	-2.673793e-09	-1.483800e+00	-1.761328e+02
8.200000e-07	-5.533483e-08	-2.444791e-09	-3.952556e-01	-1.611886e+02
8.300000e-07	9.708525e-08	-2.205818e-09	6.934780e-01	-1.456579e+02
8.400000e-07	2.494750e-07	-1.957657e-09	1.781995e+00	-1.294653e+02
8.500000e-07	4.018515e-07	-1.698820e-09	2.870417e+00	-1.125296e+02
8.600000e-07	5.541118e-07	-1.430430e-09	3.958009e+00	-9.477299e+01
8.700000e-07	7.061593e-07	-1.151472e-09	5.044082e+00	-7.613030e+01
8.800000e-07	8.579568e-07	-8.560756e-10	6.128368e+00	-5.655982e+01
8.900000e-07	1.009445e-06	-5.441575e-10	7.210443e+00	-3.605284e+01
9.000000e-07	1.160586e-06	-2.198496e-10	8.290043e+00	-1.464146e+01
9.100000e-07	1.311299e-06	1.133751e-10	9.366579e+00	7.596626e+00
9.200000e-07	1.461519e-06	4.593675e-10	1.043960e+01	3.053708e+01
9.300000e-07	1.611230e-06	8.191554e-10	1.150898e+01	5.401204e+01
9.400000e-07	1.760363e-06	1.187716e-09	1.257423e+01	7.781728e+01
9.500000e-07	1.908912e-06	1.556940e-09	1.363532e+01	1.017229e+02
9.600000e-07	2.056842e-06	1.922229e-09	1.469198e+01	1.254868e+02
9.700000e-07	2.204063e-06	2.280814e-09	1.574358e+01	1.488690e+02
9.800000e-07	2.350452e-06	2.629049e-09	1.678923e+01	1.716468e+02
9.900000e-07	2.495888e-06	2.962841e-09	1.782808e+01	1.936272e+02
1.000000e-06	2.640354e-06	3.280502e-09	1.885999e+01	2.146579e+02
1.010000e-06	2.783787e-06	3.579398e-09	1.988454e+01	2.346332e+02
1.020000e-06	2.926175e-06	3.859614e-09	2.090161e+01	2.534971e+02
1.030000e-06	3.067475e-06	4.124949e-09	2.191091e+01	2.712406e+02
1.040000e-06	3.207481e-06	4.376698e-09	2.291097e+01	2.878963e+02
1.050000e-06	3.346196e-06	4.616039e-09	2.390181e+01	3.035295e+02
1.060000e-06	3.483667e-06	4.841989e-09	2.488376e+01	3.182271e+02
1.070000e-06	3.619790e-06	5.056807e-09	2.585609e+01	3.320865e+02
1.080000e-06	3.754534e-06	5.260927e-09	2.681856e+01	3.452045e+02
1.090000e-06	3.887950e-06	5.452227e-09	2.777155e+01	3.576684e+02
1.100000e-06	4.019940e-06	5.632478e-09	2.871435e+01	3.695498e+02
1.110000e-06	4.150474e-06	5.805419e-09	2.964675e+01	3.809009e+02
1.120000e-06	4.279562e-06	5.970501e-09	3.056883e+01	3.917545e+02
1.130000e-06	4.407068e-06	6.126992e-09	3.147960e+01	4.021264e+02
1.140000e-06	4.533087e-06	6.275893e-09	3.237975e+01	4.120200e+02
1.150000e-06	4.657707e-06	6.416994e-09	3.326991e+01	4.214321e+02
1.160000e-06	4.780701e-06	6.551718e-09	3.414845e+01	4.303587e+02
1.170000e-06	4.901968e-06	6.680248e-09	3.501466e+01	4.388004e+02
1.180000e-06	5.021479e-06	6.801942e-09	3.586832e+01	4.467664e+02
1.190000e-06	5.139104e-06	6.917257e-09	3.670852e+01	4.542764e+02
1.200000e-06	5.254778e-06	7.024808e-09	3.753478e+01	4.613606e+02
1.210000e-06	5.368397e-06	7.126320e-09	3.834635e+01	4.680579e+02
1.220000e-06	5.479949e-06	7.223947e-09	3.914317e+01	4.744125e+02
1.230000e-06	5.589546e-06	7.318486e-09	3.992602e+01	4.804697e+02
1.240000e-06	5.697181e-06	7.408137e-09	4.069485e+01	4.862717e+02
1.250000e-06	5.802772e-06	7.493470e-09	4.144908e+01	4.918538e+02
1.260000e-06	5.906204e-06	7.578271e-09	4.218790e+01	4.972418e+02
1.270000e-06	6.007466e-06	7.658827e-09	4.291121e+01	5.024505e+02
1.280000e-06	6.106572e-06	7.733458e-09	4.361912e+01	5.074844e+02
1.290000e-06	6.203334e-06	7.805336e-09	4.431029e+01	5.123391e+02
1.300000e-06	6.297756e-06	7.874148e-09	4.498474e+01	5.170042e+02
1.310000e-06	6.389974e-06	7.939340e-09	4.564345e+01	5.214668e+02
1.320000e-06	6.479953e-06	8.001056e-09	4.628617e+01	5.257146e+02
1.330000e-06	6.567584e-06	8.060316e-09	4.691212e+01	5.297395e+02
1.340000e-06	6.652881e-06	8.117423e-09	4.752139e+01	5.335391e+02
1.350000e-06	6.735828e-06	8.172415e-09	4.811389e+01	5.371179e+02
1.360000e-06	6.816359e-06	8.226286e-09	4.868912e+01	5.404866e+02
1.370000e-06	6.894402e-06	8.277638e-09	4.924657e+01	5.436612e+02
1.380000e-06	6.969880e-06	8.325021e-09	4.978571e+01	5.466605e+02
1.390000e-06	7.042694e-06	8.367701e-09	5.030582e+01	5.495035e+02
1.400000e-06	7.112906e-06	8.408678e-09	5.080735e+01	5.522069e+02
1.410000e-06	7.180647e-06	8.448647e-09	5.129122e+01	5.547831e+02
1.420000e-06	7.245787e-06	8.485405e-09	5.175651e+01	5.572388e+02
1.430000e-06	7.308377e-06	8.519978e-09	5.220359e+01	5.595750e+02
1.440000e-06	7.368562e-06	8.552868e-09	5.263349e+01	5.617875e+02
1.450000e-06	7.426192e-06	8.584722e-09	5.304514e+01	5.638687e+02
1.460000e-06	7.481104e-06	8.614347e-09	5.343738e+01	5.658094e+02
1.470000e-06	7.533120e-06	8.641575e-09	5.380892e+01	5.676013e+02
1.480000e-06	7.582067e-06	8.667861e-09	5.415855e+01	5.692392e+02
1.490000e-06	7.628143e-06	8.690954e-09	5.448767e+01	5.707222e+02
1.500000e-06	7.671577e-06	8.709915e-09	5.479792e+01	5.720548e+02
1.510000e-06	7.712227e-06	8.727110e-09	5.508828e+01	5.732466e+02
1.520000e-06	7.750071e-06	8.744721e-09	5.535860e+01	5.743112e+02
1.530000e-06	7.785292e-06	8.762614e-09	5.561019e+01	5.752644e+02
1.540000e-06	7.817779e-06	8.779063e-09	5.584224e+01	5.761227e+02
1.550000e-06	7.847477e-06	8.792052e-09	5.605437e+01	5.769004e+02
1.560000e-06	7.874394e-06	8.802809e-09	5.624664e+01	5.776080e+02
1.570000e-06	7.898353e-06	8.812642e-09	5.641778e+01	5.782514e+02
1.580000e-06	7.919518e-06	8.822674e-09	5.656896e+01	5.788306e+02
1.590000e-06	7.938006e-06	8.831462e-09	5.670102e+01	5.793408e+02
1.600000e-06	7.953543e-06	8.837588e-09	5.681200e+01	5.797730e+02
1.610000e-06	7.965949e-06	8.841638e-09	5.690061e+01	5.801160e+02
1.620000e-06	7.975181e-06	8.844638e-09	5.696656e+01	5.803585e+02
1.630000e-06	7.981474e-06	8.848457e-09	5.701151e+01	5.804908e+02
1.640000e-06	7.985013e-06	8.851638e-09	5.703679e+01	5.805070e+02
1.650000e-06	7.985673e-06	8.854037e-09	5.704150e+01	5.804056e+02
1.660000e-06	7.983559e-06	8.847881e-09	5.702640e+01	5.801903e+02
1.670000e-06	7.978872e-06	8.842591e-09	5.699293e+01	5.798693e+02
1.680000e-06	7.971531e-06	8.839899e-09	5.694049e+01	5.794545e+02
1.690000e-06	7.961547e-06	8.833428e-09	5.686917e+01	5.789597e+02
1.700000e-06	7.948781e-06	8.826706e-09	5.677798e+01	5.783988e+02
1.710000e-06	7.933239e-06	8.823224e-09	5.666697e+01	5.777840e+02
1.720000e-06	7.915266e-06	8.821218e-09	5.653859e+01	5.771241e+02
1.730000e-06	7.894995e-06	8.770002e-09	5.639379e+01	5.764238e+02
1.740000e-06	7.872035e-06	8.671583e-09	5.622979e+01	5.756830e+02
1.750000e-06	7.845754e-06	8.698064e-09	5.604207e+01	5.748974e+02
1.760000e-06	7.815883e-06	8.737754e-09	5.582869e+01	5.740587e+02
1.770000e-06	7.782858e-06	8.720664e-09	5.559280e+01	5.731567e+02
1.780000e-06	7.747451e-06	8.740004e-09	5.533989e+01	5.721801e+02
1.790000e-06	7.709681e-06	8.793538e-09	5.507009e+01	5.711183e+02
1.800000e-06	7.669732e-06	8.679449e-09	5.478474e+01	5.699621e+02
1.810000e-06	7.627756e-06	8.624870e-09	5.448491e+01	5.687050e+02
1.820000e-06	7.583199e-06	8.698438e-09	5.416664e+01	5.673432e+02
1.830000e-06	7.535968e-06	8.597923e-09	5.382927e+01	5.658755e+02
1.840000e-06	7.485937e-06	8.660744e-09	5.347190e+01	5.643026e+02
1.850000e-06	7.432842e-06	8.609745e-09	5.309264e+01	5.626264e+02
1.860000e-06	7.376953e-06	8.550382e-09	5.269342e+01	5.608493e+02
1.870000e-06	7.318458e-06	8.567029e-09	5.227560e+01	5.589731e+02
1.880000e-06	7.257324e-06	8.442070e-09	5.183892e+01	5.569988e+02
1.890000e-06	7.193386e-06	8.510521e-09	5.138221e+01	5.549260e+02
1.900000e-06	7.126660e-06	8.448610e-09	5.090559e+01	5.527536e+02
1.910000e-06	7.057183e-06	8.394279e-09	5.040931e+01	5.504794e+02
1.920000e-06	6.984916e-06	8.397957e-09	4.989312e+01	5.481016e+02
1.930000e-06	6.910026e-06	8.319937e-09	4.935818e+01	5.456184e+02
1.940000e-06	6.832330e-06	8.301318e-09	4.880320e+01	5.430291e+02
1.950000e-06	6.751912e-06	8.192251e-09	4.822877e+01	5.403339e+02
1.960000e-06	6.669099e-06	8.209969e-09	4.763724e+01	5.375342e+02
1.970000e-06	6.583807e-06	8.175297e-09	4.702800e+01	5.346319e+02
1.980000e-06	6.496012e-06	8.111452e-09	4.640088e+01	5.316290e+02
1.990000e-06	6.405920e-06	8.099878e-09	4.575736e+01	5.285267e+02
2.000000e-06	6.313663e-06	8.033800e-09	4.509837e+01	5.253249e+02
2.010000e-06	6.219104e-06	7.973013e-09	4.442294e+01	5.220215e+02
2.020000e-06	6.122274e-06	7.877323e-09	4.373128e+01	5.186125e+02
2.030000e-06	6.023347e-06	7.858753e-09	4.302464e+01	5.150919e+02
2.040000e-06	5.922271e-06	7.813142e-09	4.230267e+01	5.114522e+02
2.050000e-06	5.818996e-06	7.758756e-09	4.156497e+01	5.076856e+02
2.060000e-06	5.713663e-06	7.692813e-09	4.081258e+01	5.037843e+02
2.070000e-06	5.606477e-06	7.627163e-09	4.004695e+01	4.997420e+02
2.080000e-06	5.497375e-06	7.554994e-09	3.926764e+01	4.955544e+02
2.090000e-06	5.386228e-06	7.476104e-09	3.847372e+01	4.912194e+02
2.100000e-06	5.273087e-06	7.430942e-09	3.766555e+01	4.867376e+02
2.110000e-06	5.158000e-06	7.367550e-09	3.684349e+01	4.821108e+02
2.120000e-06	5.040833e-06	7.298378e-09	3.600657e+01	4.773419e+02
2.130000e-06	4.921665e-06	7.212045e-09	3.515535e+01	4.724333e+02
2.140000e-06	4.800725e-06	7.139496e-09	3.429148e+01	4.673856e+02
2.150000e-06	4.678095e-06	7.054408e-09	3.341554e+01	4.621966e+02
2.160000e-06	4.553772e-06	6.972601e-09	3.252750e+01	4.568605e+02
2.170000e-06	4.427695e-06	6.889555e-09	3.162693e+01	4.513680e+02
2.180000e-06	4.299917e-06	6.809751e-09	3.071422e+01	4.457061e+02
2.190000e-06	4.170587e-06	6.722884e-09	2.979042e+01	4.398601e+02
2.200000e-06	4.039869e-06	6.628219e-09	2.885671e+01	4.338142e+02
2.210000e-06	3.907678e-06	6.527836e-09	2.791246e+01	4.275536e+02
2.220000e-06	3.773918e-06	6.422174e-09	2.695702e+01	4.210663e+02
2.230000e-06	3.638703e-06	6.323352e-09	2.599119e+01	4.143438e+02
2.240000e-06	3.502151e-06	6.223003e-09	2.501579e+01	4.073822e+02
2.250000e-06	3.364269e-06	6.123468e-09	2.403091e+01	4.001820e+02
2.260000e-06	3.225058e-06	6.011925e-09	2.303653e+01	3.927468e+02
2.270000e-06	3.084565e-06	5.892291e-09	2.203298e+01	3.850820e+02
2.280000e-06	2.942825e-06	5.761911e-09	2.102054e+01	3.771927e+02
2.290000e-06	2.799950e-06	5.635140e-09	1.999999e+01	3.690811e+02
2.300000e-06	2.656063e-06	5.512282e-09	1.897221e+01	3.607444e+02
2.310000e-06	2.511269e-06	5.389579e-09	1.793794e+01	3.521737e+02
2.320000e-06	2.365650e-06	5.258824e-09	1.689779e+01	3.433532e+02
2.330000e-06	2.219309e-06	5.117674e-09	1.585248e+01	3.342605e+02
2.340000e-06	2.072244e-06	4.971184e-09	1.480200e+01	3.248684e+02
2.350000e-06	1.924408e-06	4.820076e-09	1.374601e+01	3.151471e+02
2.360000e-06	1.775916e-06	4.666846e-09	1.268533e+01	3.050673e+02
2.370000e-06	1.626894e-06	4.508919e-09	1.162087e+01	2.946029e+02
2.380000e-06	1.477337e-06	4.345196e-09	1.055259e+01	2.837335e+02
2.390000e-06	1.327282e-06	4.176254e-09	9.480752e+00	2.724460e+02
2.400000e-06	1.176789e-06	3.999144e-09	8.405777e+00	2.607345e+02
2.410000e-06	1.025836e-06	3.812015e-09	7.327526e+00	2.485991e+02
2.420000e-06	8.744950e-07	3.617099e-09	6.246501e+00	2.360430e+02
2.430000e-06	7.229040e-07	3.416470e-09	5.163689e+00	2.230679e+02
2.440000e-06	5.710683e-07	3.213195e-09	4.079129e+00	2.096703e+02
2.450000e-06	4.189832e-07	3.005745e-09	2.992789e+00	1.958359e+02
2.460000e-06	2.667499e-07	2.790749e-09	1.905389e+00	1.815366e+02
2.470000e-06	1.143897e-07	2.563081e-09	8.170836e-01	1.667281e+02
2.480000e-06	-3.805820e-08	2.321916e-09	-2.718490e-01	1.513502e+02
2.490000e-06	-1.904613e-07	2.071483e-09	-1.360461e+00	1.353301e+02
2.500000e-06	-3.427910e-07	1.812990e-09	-2.448549e+00	1.185873e+02
2.510000e-06	-4.950333e-07	1.545004e-09	-3.536013e+00	1.010422e+02
2.520000e-06	-6.471388e-07	1.264341e-09	-4.622499e+00	8.262557e+01
2.530000e-06	-7.990793e-07	9.695664e-10	-5.707808e+00	6.328881e+01
2.540000e-06	-9.507395e-07	6.606600e-10	-6.791113e+00	4.301416e+01
2.550000e-06	-1.102002e-06	3.411085e-10	-7.871577e+00	2.182294e+01
2.560000e-06	-1.252825e-06	1.208608e-11	-8.948903e+00	-2.188061e-01
2.570000e-06	-1.403172e-06	-3.309938e-10	-1.002283e+01	-2.299828e+01
2.580000e-06	-1.552993e-06	-6.892991e-10	-1.109300e+01	-4.635798e+01
2.590000e-06	-1.702229e-06	-1.057849e-09	-1.215898e+01	-7.010189e+01
2.600000e-06	-1.850855e-06	-1.429039e-09	-1.322062e+01	-9.400539e+01
2.610000e-06	-1.998823e-06	-1.799450e-09	-1.427755e+01	-1.178280e+02
2.620000e-06	-2.145993e-06	-2.163990e-09	-1.532878e+01	-1.413279e+02
2.630000e-06	-2.292312e-06	-2.516450e-09	-1.637394e+01	-1.642768e+02
2.640000e-06	-2.437849e-06	-2.852483e-09	-1.741351e+01	-1.864730e+02
2.650000e-06	-2.582581e-06	-3.172840e-09	-1.844733e+01	-2.077534e+02
2.660000e-06	-2.726311e-06	-3.477912e-09	-1.947399e+01	-2.280003e+02
2.670000e-06	-2.868902e-06	-3.766697e-09	-2.049251e+01	-2.471451e+02
2.680000e-06	-3.010288e-06	-4.040290e-09	-2.150242e+01	-2.651676e+02
2.690000e-06	-3.150435e-06	-4.298727e-09	-2.250349e+01	-2.820907e+02
2.700000e-06	-3.289378e-06	-4.543319e-09	-2.349596e+01	-2.979725e+02
2.710000e-06	-3.427071e-06	-4.773933e-09	-2.447950e+01	-3.128956e+02
2.720000e-06	-3.563452e-06	-4.992848e-09	-2.545367e+01	-3.269558e+02
2.730000e-06	-3.698507e-06	-5.200968e-09	-2.641836e+01	-3.402509e+02
2.740000e-06	-3.832253e-06	-5.397396e-09	-2.737371e+01	-3.528714e+02
2.750000e-06	-3.964625e-06	-5.580650e-09	-2.831923e+01	-3.648933e+02
2.760000e-06	-4.095558e-06	-5.752553e-09	-2.925449e+01	-3.763736e+02
2.770000e-06	-4.225135e-06	-5.918799e-09	-3.018006e+01	-3.873500e+02
2.780000e-06	-4.353276e-06	-6.078838e-09	-3.109537e+01	-3.978421e+02
2.790000e-06	-4.479885e-06	-6.229709e-09	-3.199973e+01	-4.078559e+02
2.800000e-06	-4.604977e-06	-6.373338e-09	-3.289326e+01	-4.173893e+02
2.810000e-06	-4.728404e-06	-6.511214e-09	-3.377490e+01	-4.264379e+02
2.820000e-06	-4.850128e-06	-6.642975e-09	-3.464437e+01	-4.350008e+02
2.830000e-06	-4.970071e-06	-6.765511e-09	-3.550111e+01	-4.430848e+02
2.840000e-06	-5.088084e-06	-6.880259e-09	-3.634409e+01	-4.507069e+02
2.850000e-06	-5.204077e-06	-6.990508e-09	-3.717262e+01	-4.578947e+02
2.860000e-06	-5.317954e-06	-7.096379e-09	-3.798604e+01	-4.646852e+02
2.870000e-06	-5.429711e-06	-7.196064e-09	-3.878432e+01	-4.711217e+02
2.880000e-06	-5.539390e-06	-7.289790e-09	-3.956775e+01	-4.772495e+02
2.890000e-06	-5.647154e-06	-7.380180e-09	-4.033751e+01	-4.831121e+02
2.900000e-06	-5.753041e-06	-7.467788e-09	-4.109386e+01	-4.887469e+02
2.910000e-06	-5.856847e-06	-7.552571e-09	-4.183534e+01	-4.941821e+02
2.920000e-06	-5.958407e-06	-7.631950e-09	-4.256078e+01	-4.994353e+02
2.930000e-06	-6.057713e-06	-7.706810e-09	-4.327012e+01	-5.045135e+02
2.940000e-06	-6.154879e-06	-7.778928e-09	-4.396418e+01	-5.094143e+02
2.950000e-06	-6.249856e-06	-7.849986e-09	-4.464259e+01	-5.141285e+02
2.960000e-06	-6.342467e-06	-7.920358e-09	-4.530412e+01	-5.186433e+02
2.970000e-06	-6.432832e-06	-7.986852e-09	-4.594959e+01	-5.229463e+02
2.980000e-06	-6.521019e-06	-8.049029e-09	-4.657951e+01	-5.270279e+02
2.990000e-06	-6.606822e-06	-8.110507e-09	-4.719240e+01	-5.308842e+02
3.000000e-06	-6.690197e-06	-8.169811e-09	-4.778794e+01	-5.345178e+02
3.010000e-06	-6.771290e-06	-8.222633e-09	-4.836719e+01	-5.379382e+02
3.020000e-06	-6.849966e-06	-8.270959e-09	-4.892917e+01	-5.411601e+02
3.030000e-06	-6.925901e-06	-8.318247e-09	-4.947157e+01	-5.442019e+02
3.040000e-06	-6.999125e-06	-8.363502e-09	-4.999461e+01	-5.470828e+02
3.050000e-06	-7.069826e-06	-8.403037e-09	-5.049963e+01	-5.498203e+02
3.060000e-06	-7.137997e-06	-8.440405e-09	-5.098657e+01	-5.524279e+02
3.070000e-06	-7.203643e-06	-8.479389e-09	-5.145548e+01	-5.549139e+02
3.080000e-06	-7.266778e-06	-8.517221e-09	-5.190645e+01	-5.572806e+02
3.090000e-06	-7.327324e-06	-8.550710e-09	-5.233893e+01	-5.595252e+02
3.100000e-06	-7.385236e-06	-8.581296e-09	-5.275260e+01	-5.616405e+02
3.110000e-06	-7.440471e-06	-8.611644e-09	-5.314714e+01	-5.636176e+02
3.120000e-06	-7.492821e-06	-8.638254e-09	-5.352107e+01	-5.654479e+02
3.130000e-06	-7.542065e-06	-8.661475e-09	-5.387282e+01	-5.671250e+02
3.140000e-06	-7.588378e-06	-8.682662e-09	-5.420363e+01	-5.686470e+02
3.150000e-06	-7.632204e-06	-8.702566e-09	-5.451668e+01	-5.700170e+02
3.160000e-06	-7.673614e-06	-8.722357e-09	-5.481247e+01	-5.712434e+02
3.170000e-06	-7.712349e-06	-8.740388e-09	-5.508915e+01	-5.723388e+02
3.180000e-06	-7.748328e-06	-8.757030e-09	-5.534615e+01	-5.733188e+02
3.190000e-06	-7.781584e-06	-8.771360e-09	-5.558370e+01	-5.741998e+02
3.200000e-06	-7.811954e-06	-8.785079e-09	-5.580063e+01	-5.749969e+02
3.210000e-06	-7.839440e-06	-8.796247e-09	-5.599696e+01	-5.757218e+02
3.220000e-06	-7.864172e-06	-8.805103e-09	-5.617362e+01	-5.763815e+02
3.230000e-06	-7.886049e-06	-8.811766e-09	-5.632989e+01	-5.769776e+02
3.240000e-06	-7.905086e-06	-8.815319e-09	-5.646587e+01	-5.775062e+02
3.250000e-06	-7.921294e-06	-8.817250e-09	-5.658164e+01	-5.779594e+02
3.260000e-06	-7.934430e-06	-8.819964e-09	-5.667547e+01	-5.783262e+02
3.270000e-06	-7.944516e-06	-8.822144e-09	-5.674752e+01	-5.785953e+02
3.280000e-06	-7.951695e-06	-8.822159e-09	-5.679880e+01	-5.787564e+02
3.290000e-06	-7.956014e-06	-8.821962e-09	-5.682965e+01	-5.788025e+02
3.300000e-06	-7.957580e-06	-8.820388e-09	-5.684083e+01	-5.787308e+02
