# Temperatura_=_58.24
# Concentracion g/m^3_=_10000.0
# C_Vs_to_Am_M_A/Vsm_=_65563218390.804596
# pendiente_HvsI_1/m_=_3716.3
# ordenada_HvsI_A/m_=_1297.0
# frecuencia_Hz_=_302623.7449269936

Tiempo_(s)	Campo_(V.s)	Magnetizacion_(V.s)	Campo_(kA/m)	Magnetizacion_(A/m)
0.000000e+00	-7.926195e-06	-9.557911e-09	-5.683768e+01	-6.270053e+02
1.000000e-08	-7.924047e-06	-9.557315e-09	-5.682228e+01	-6.267386e+02
2.000000e-08	-7.919232e-06	-9.554620e-09	-5.678775e+01	-6.263532e+02
3.000000e-08	-7.911830e-06	-9.549265e-09	-5.673467e+01	-6.258590e+02
4.000000e-08	-7.901662e-06	-9.540806e-09	-5.666176e+01	-6.252678e+02
5.000000e-08	-7.888640e-06	-9.529120e-09	-5.656838e+01	-6.245917e+02
6.000000e-08	-7.872725e-06	-9.516572e-09	-5.645425e+01	-6.238416e+02
7.000000e-08	-7.854195e-06	-9.504926e-09	-5.632138e+01	-6.230260e+02
8.000000e-08	-7.833399e-06	-9.503782e-09	-5.617225e+01	-6.221499e+02
9.000000e-08	-7.810038e-06	-9.521237e-09	-5.600473e+01	-6.212146e+02
1.000000e-07	-7.783524e-06	-9.516407e-09	-5.581461e+01	-6.202175e+02
1.100000e-07	-7.753806e-06	-9.470673e-09	-5.560150e+01	-6.191530e+02
1.200000e-07	-7.721271e-06	-9.425985e-09	-5.536820e+01	-6.180129e+02
1.300000e-07	-7.686064e-06	-9.394669e-09	-5.511574e+01	-6.167880e+02
1.400000e-07	-7.648385e-06	-9.352496e-09	-5.484554e+01	-6.154687e+02
1.500000e-07	-7.608553e-06	-9.322706e-09	-5.455991e+01	-6.140462e+02
1.600000e-07	-7.566473e-06	-9.358920e-09	-5.425817e+01	-6.125131e+02
1.700000e-07	-7.521774e-06	-9.319499e-09	-5.393763e+01	-6.108641e+02
1.800000e-07	-7.474394e-06	-9.258461e-09	-5.359788e+01	-6.090957e+02
1.900000e-07	-7.424145e-06	-9.258889e-09	-5.323755e+01	-6.072060e+02
2.000000e-07	-7.370816e-06	-9.197256e-09	-5.285514e+01	-6.051948e+02
2.100000e-07	-7.314740e-06	-9.157289e-09	-5.245302e+01	-6.030626e+02
2.200000e-07	-7.256029e-06	-9.146342e-09	-5.203201e+01	-6.008102e+02
2.300000e-07	-7.194708e-06	-9.123590e-09	-5.159229e+01	-5.984388e+02
2.400000e-07	-7.130810e-06	-9.086211e-09	-5.113408e+01	-5.959492e+02
2.500000e-07	-7.064137e-06	-9.028608e-09	-5.065598e+01	-5.933422e+02
2.600000e-07	-6.994759e-06	-8.992260e-09	-5.015848e+01	-5.906183e+02
2.700000e-07	-6.922653e-06	-8.945604e-09	-4.964142e+01	-5.877781e+02
2.800000e-07	-6.847746e-06	-8.888542e-09	-4.910427e+01	-5.848225e+02
2.900000e-07	-6.770131e-06	-8.847425e-09	-4.854770e+01	-5.817525e+02
3.000000e-07	-6.689790e-06	-8.817829e-09	-4.797159e+01	-5.785690e+02
3.100000e-07	-6.606982e-06	-8.773319e-09	-4.737778e+01	-5.752730e+02
3.200000e-07	-6.521979e-06	-8.700833e-09	-4.676824e+01	-5.718651e+02
3.300000e-07	-6.434709e-06	-8.654366e-09	-4.614243e+01	-5.683448e+02
3.400000e-07	-6.345021e-06	-8.605676e-09	-4.549930e+01	-5.647108e+02
3.500000e-07	-6.252947e-06	-8.538754e-09	-4.483905e+01	-5.609599e+02
3.600000e-07	-6.158674e-06	-8.483795e-09	-4.416303e+01	-5.570878e+02
3.700000e-07	-6.062195e-06	-8.437366e-09	-4.347119e+01	-5.530887e+02
3.800000e-07	-5.963488e-06	-8.372087e-09	-4.276338e+01	-5.489560e+02
3.900000e-07	-5.862664e-06	-8.288840e-09	-4.204038e+01	-5.446830e+02
4.000000e-07	-5.759788e-06	-8.223148e-09	-4.130267e+01	-5.402633e+02
4.100000e-07	-5.654831e-06	-8.159278e-09	-4.055003e+01	-5.356918e+02
4.200000e-07	-5.547821e-06	-8.085970e-09	-3.978268e+01	-5.309653e+02
4.300000e-07	-5.438879e-06	-8.015193e-09	-3.900147e+01	-5.260826e+02
4.400000e-07	-5.328064e-06	-7.954308e-09	-3.820683e+01	-5.210443e+02
4.500000e-07	-5.215243e-06	-7.878313e-09	-3.739781e+01	-5.158526e+02
4.600000e-07	-5.100320e-06	-7.780080e-09	-3.657371e+01	-5.105106e+02
4.700000e-07	-4.983470e-06	-7.687018e-09	-3.573580e+01	-5.050209e+02
4.800000e-07	-4.864842e-06	-7.607065e-09	-3.488513e+01	-4.993846e+02
4.900000e-07	-4.744371e-06	-7.526075e-09	-3.402125e+01	-4.936005e+02
5.000000e-07	-4.622130e-06	-7.437135e-09	-3.314468e+01	-4.876643e+02
5.100000e-07	-4.498222e-06	-7.346191e-09	-3.225615e+01	-4.815682e+02
5.200000e-07	-4.372734e-06	-7.247562e-09	-3.135629e+01	-4.753013e+02
5.300000e-07	-4.245657e-06	-7.142280e-09	-3.044504e+01	-4.688504e+02
5.400000e-07	-4.116949e-06	-7.035003e-09	-2.952209e+01	-4.622010e+02
5.500000e-07	-3.986742e-06	-6.930568e-09	-2.858839e+01	-4.553389e+02
5.600000e-07	-3.855033e-06	-6.826241e-09	-2.764392e+01	-4.482516e+02
5.700000e-07	-3.721854e-06	-6.718224e-09	-2.668892e+01	-4.409297e+02
5.800000e-07	-3.587341e-06	-6.604597e-09	-2.572434e+01	-4.333674e+02
5.900000e-07	-3.451489e-06	-6.482666e-09	-2.475017e+01	-4.255629e+02
6.000000e-07	-3.314233e-06	-6.358595e-09	-2.376592e+01	-4.175178e+02
6.100000e-07	-3.175629e-06	-6.231250e-09	-2.277201e+01	-4.092357e+02
6.200000e-07	-3.035699e-06	-6.099642e-09	-2.176859e+01	-4.007207e+02
6.300000e-07	-2.894408e-06	-5.966850e-09	-2.075541e+01	-3.919754e+02
6.400000e-07	-2.751908e-06	-5.833676e-09	-1.973357e+01	-3.829987e+02
6.500000e-07	-2.608325e-06	-5.693982e-09	-1.870395e+01	-3.737843e+02
6.600000e-07	-2.463731e-06	-5.545344e-09	-1.766708e+01	-3.643203e+02
6.700000e-07	-2.318336e-06	-5.391419e-09	-1.662448e+01	-3.545885e+02
6.800000e-07	-2.172200e-06	-5.235271e-09	-1.557655e+01	-3.445658e+02
6.900000e-07	-2.025288e-06	-5.076411e-09	-1.452307e+01	-3.342260e+02
7.000000e-07	-1.877731e-06	-4.914099e-09	-1.346496e+01	-3.235418e+02
7.100000e-07	-1.729659e-06	-4.748485e-09	-1.240315e+01	-3.124881e+02
7.200000e-07	-1.581110e-06	-4.573634e-09	-1.133793e+01	-3.010438e+02
7.300000e-07	-1.432095e-06	-4.391095e-09	-1.026936e+01	-2.891939e+02
7.400000e-07	-1.282596e-06	-4.204274e-09	-9.197321e+00	-2.769302e+02
7.500000e-07	-1.132660e-06	-4.013243e-09	-8.122156e+00	-2.642501e+02
7.600000e-07	-9.823634e-07	-3.817653e-09	-7.044396e+00	-2.511551e+02
7.700000e-07	-8.317427e-07	-3.614582e-09	-5.964316e+00	-2.376471e+02
7.800000e-07	-6.807793e-07	-3.402360e-09	-4.881777e+00	-2.237244e+02
7.900000e-07	-5.294756e-07	-3.183356e-09	-3.796799e+00	-2.093770e+02
8.000000e-07	-3.779960e-07	-2.958758e-09	-2.710559e+00	-1.945827e+02
8.100000e-07	-2.263847e-07	-2.725811e-09	-1.623374e+00	-1.793044e+02
8.200000e-07	-7.463443e-08	-2.483751e-09	-5.351935e-01	-1.634888e+02
8.300000e-07	7.716106e-08	-2.231918e-09	5.533117e-01	-1.470679e+02
8.400000e-07	2.289471e-07	-1.971366e-09	1.641749e+00	-1.299630e+02
8.500000e-07	3.806689e-07	-1.699649e-09	2.729726e+00	-1.120910e+02
8.600000e-07	5.322493e-07	-1.415319e-09	3.816688e+00	-9.337304e+01
8.700000e-07	6.836908e-07	-1.119234e-09	4.902655e+00	-7.374408e+01
8.800000e-07	8.349564e-07	-8.080261e-10	5.987360e+00	-5.316331e+01
8.900000e-07	9.859209e-07	-4.823992e-10	7.069907e+00	-3.162342e+01
9.000000e-07	1.136550e-06	-1.445120e-10	8.150045e+00	-9.158114e+00
9.100000e-07	1.286767e-06	2.057559e-10	9.227231e+00	1.415329e+01
9.200000e-07	1.436465e-06	5.707779e-10	1.030070e+01	3.818490e+01
9.300000e-07	1.585654e-06	9.481229e-10	1.137051e+01	6.276728e+01
9.400000e-07	1.734283e-06	1.332689e-09	1.243631e+01	8.769441e+01
9.500000e-07	1.882329e-06	1.720019e-09	1.349793e+01	1.127341e+02
9.600000e-07	2.029801e-06	2.104019e-09	1.455543e+01	1.376410e+02
9.700000e-07	2.176588e-06	2.481074e-09	1.560802e+01	1.621710e+02
9.800000e-07	2.322514e-06	2.846891e-09	1.665444e+01	1.860956e+02
9.900000e-07	2.467463e-06	3.196726e-09	1.769384e+01	2.092150e+02
1.000000e-06	2.611509e-06	3.529920e-09	1.872678e+01	2.313688e+02
1.010000e-06	2.754623e-06	3.845268e-09	1.975303e+01	2.524431e+02
1.020000e-06	2.896671e-06	4.144369e-09	2.077164e+01	2.723731e+02
1.030000e-06	3.037568e-06	4.427762e-09	2.178199e+01	2.911424e+02
1.040000e-06	3.177163e-06	4.695229e-09	2.278301e+01	3.087777e+02
1.050000e-06	3.315427e-06	4.947801e-09	2.377448e+01	3.253407e+02
1.060000e-06	3.452392e-06	5.185611e-09	2.475664e+01	3.409178e+02
1.070000e-06	3.588102e-06	5.411471e-09	2.572980e+01	3.556090e+02
1.080000e-06	3.722538e-06	5.627205e-09	2.669382e+01	3.695168e+02
1.090000e-06	3.855605e-06	5.830520e-09	2.764802e+01	3.827367e+02
1.100000e-06	3.987271e-06	6.021830e-09	2.859218e+01	3.953504e+02
1.110000e-06	4.117464e-06	6.205512e-09	2.952578e+01	4.074209e+02
1.120000e-06	4.246189e-06	6.381295e-09	3.044886e+01	4.189914e+02
1.130000e-06	4.373491e-06	6.548536e-09	3.136172e+01	4.300866e+02
1.140000e-06	4.499337e-06	6.708835e-09	3.226414e+01	4.407159e+02
1.150000e-06	4.623638e-06	6.862295e-09	3.315549e+01	4.508791e+02
1.160000e-06	4.746305e-06	7.009154e-09	3.403512e+01	4.605713e+02
1.170000e-06	4.867314e-06	7.148453e-09	3.490286e+01	4.697889e+02
1.180000e-06	4.986596e-06	7.280339e-09	3.575821e+01	4.785337e+02
1.190000e-06	5.103992e-06	7.406425e-09	3.660004e+01	4.868159e+02
1.200000e-06	5.219372e-06	7.525239e-09	3.742742e+01	4.946553e+02
1.210000e-06	5.332729e-06	7.637830e-09	3.824028e+01	5.020809e+02
1.220000e-06	5.444104e-06	7.746816e-09	3.903894e+01	5.091281e+02
1.230000e-06	5.553560e-06	7.853466e-09	3.982384e+01	5.158366e+02
1.240000e-06	5.661100e-06	7.955037e-09	4.059499e+01	5.222457e+02
1.250000e-06	5.766548e-06	8.049913e-09	4.135114e+01	5.283919e+02
1.260000e-06	5.869846e-06	8.141054e-09	4.209188e+01	5.343050e+02
1.270000e-06	5.971047e-06	8.228494e-09	4.281758e+01	5.400072e+02
1.280000e-06	6.070027e-06	8.310305e-09	4.352735e+01	5.455118e+02
1.290000e-06	6.166680e-06	8.387922e-09	4.422044e+01	5.508243e+02
1.300000e-06	6.261090e-06	8.463518e-09	4.489744e+01	5.559437e+02
1.310000e-06	6.353295e-06	8.536708e-09	4.555863e+01	5.608650e+02
1.320000e-06	6.443187e-06	8.607651e-09	4.620323e+01	5.655817e+02
1.330000e-06	6.530693e-06	8.676483e-09	4.683072e+01	5.700884e+02
1.340000e-06	6.615896e-06	8.741997e-09	4.744170e+01	5.743823e+02
1.350000e-06	6.698855e-06	8.804800e-09	4.803659e+01	5.784650e+02
1.360000e-06	6.779399e-06	8.864732e-09	4.861416e+01	5.823421e+02
1.370000e-06	6.857448e-06	8.921039e-09	4.917384e+01	5.860229e+02
1.380000e-06	6.932946e-06	8.974186e-09	4.971522e+01	5.895189e+02
1.390000e-06	7.005779e-06	9.024206e-09	5.023750e+01	5.928424e+02
1.400000e-06	7.076043e-06	9.072980e-09	5.074136e+01	5.960046e+02
1.410000e-06	7.143833e-06	9.121881e-09	5.122747e+01	5.990138e+02
1.420000e-06	7.209119e-06	9.167836e-09	5.169563e+01	6.018750e+02
1.430000e-06	7.271889e-06	9.208118e-09	5.214574e+01	6.045889e+02
1.440000e-06	7.332183e-06	9.243621e-09	5.257810e+01	6.071530e+02
1.450000e-06	7.389915e-06	9.278392e-09	5.299209e+01	6.095622e+02
1.460000e-06	7.445013e-06	9.312902e-09	5.338719e+01	6.118105e+02
1.470000e-06	7.497255e-06	9.344693e-09	5.376181e+01	6.138927e+02
1.480000e-06	7.546351e-06	9.375029e-09	5.411387e+01	6.158057e+02
1.490000e-06	7.592589e-06	9.402405e-09	5.444544e+01	6.175500e+02
1.500000e-06	7.636234e-06	9.425563e-09	5.475841e+01	6.191303e+02
1.510000e-06	7.677124e-06	9.448478e-09	5.505163e+01	6.205553e+02
1.520000e-06	7.715287e-06	9.471875e-09	5.532529e+01	6.218367e+02
1.530000e-06	7.750743e-06	9.493654e-09	5.557954e+01	6.229885e+02
1.540000e-06	7.783360e-06	9.512178e-09	5.581343e+01	6.240248e+02
1.550000e-06	7.813223e-06	9.526823e-09	5.602758e+01	6.249586e+02
1.560000e-06	7.840411e-06	9.538413e-09	5.622254e+01	6.257995e+02
1.570000e-06	7.864721e-06	9.548914e-09	5.639686e+01	6.265536e+02
1.580000e-06	7.886156e-06	9.558851e-09	5.655057e+01	6.272221e+02
1.590000e-06	7.904880e-06	9.568221e-09	5.668484e+01	6.278021e+02
1.600000e-06	7.920697e-06	9.577803e-09	5.679825e+01	6.282870e+02
1.610000e-06	7.933468e-06	9.585657e-09	5.688984e+01	6.286681e+02
1.620000e-06	7.943112e-06	9.591005e-09	5.695899e+01	6.289361e+02
1.630000e-06	7.949714e-06	9.594266e-09	5.700633e+01	6.290828e+02
1.640000e-06	7.953556e-06	9.595338e-09	5.703389e+01	6.291026e+02
1.650000e-06	7.954618e-06	9.594333e-09	5.704150e+01	6.289933e+02
1.660000e-06	7.952963e-06	9.590780e-09	5.702964e+01	6.287570e+02
1.670000e-06	7.948730e-06	9.586068e-09	5.699928e+01	6.283999e+02
1.680000e-06	7.941813e-06	9.581708e-09	5.694968e+01	6.279313e+02
1.690000e-06	7.932231e-06	9.575264e-09	5.688097e+01	6.273627e+02
1.700000e-06	7.919885e-06	9.566479e-09	5.679244e+01	6.267062e+02
1.710000e-06	7.904711e-06	9.556907e-09	5.668363e+01	6.259732e+02
1.720000e-06	7.887084e-06	9.543749e-09	5.655723e+01	6.251728e+02
1.730000e-06	7.867262e-06	9.503790e-09	5.641508e+01	6.243110e+02
1.740000e-06	7.844836e-06	9.444716e-09	5.625427e+01	6.233901e+02
1.750000e-06	7.819103e-06	9.429933e-09	5.606974e+01	6.224084e+02
1.760000e-06	7.789738e-06	9.446451e-09	5.585917e+01	6.213609e+02
1.770000e-06	7.757167e-06	9.447046e-09	5.562561e+01	6.202400e+02
1.780000e-06	7.722154e-06	9.458793e-09	5.537453e+01	6.190367e+02
1.790000e-06	7.684869e-06	9.465507e-09	5.510716e+01	6.177413e+02
1.800000e-06	7.645375e-06	9.403631e-09	5.482396e+01	6.163448e+02
1.810000e-06	7.603785e-06	9.385832e-09	5.452572e+01	6.148395e+02
1.820000e-06	7.559731e-06	9.374091e-09	5.420982e+01	6.132193e+02
1.830000e-06	7.513095e-06	9.338119e-09	5.387540e+01	6.114804e+02
1.840000e-06	7.463752e-06	9.352833e-09	5.352156e+01	6.096206e+02
1.850000e-06	7.411351e-06	9.297221e-09	5.314580e+01	6.076393e+02
1.860000e-06	7.356032e-06	9.244824e-09	5.274912e+01	6.055367e+02
1.870000e-06	7.298027e-06	9.212248e-09	5.233317e+01	6.033137e+02
1.880000e-06	7.237431e-06	9.150422e-09	5.189865e+01	6.009715e+02
1.890000e-06	7.174106e-06	9.152402e-09	5.144455e+01	5.985108e+02
1.900000e-06	7.108004e-06	9.116999e-09	5.097054e+01	5.959326e+02
1.910000e-06	7.039214e-06	9.071887e-09	5.047726e+01	5.932373e+02
1.920000e-06	6.967576e-06	9.046857e-09	4.996355e+01	5.904256e+02
1.930000e-06	6.893244e-06	8.976933e-09	4.943053e+01	5.874983e+02
1.940000e-06	6.816177e-06	8.923737e-09	4.887789e+01	5.844562e+02
1.950000e-06	6.736376e-06	8.860696e-09	4.830565e+01	5.813005e+02
1.960000e-06	6.654171e-06	8.829918e-09	4.771617e+01	5.780320e+02
1.970000e-06	6.569569e-06	8.786591e-09	4.710950e+01	5.746515e+02
1.980000e-06	6.482463e-06	8.727955e-09	4.648487e+01	5.711589e+02
1.990000e-06	6.392948e-06	8.695119e-09	4.584298e+01	5.675530e+02
2.000000e-06	6.301308e-06	8.622462e-09	4.518584e+01	5.638312e+02
2.010000e-06	6.207486e-06	8.540425e-09	4.451305e+01	5.599894e+02
2.020000e-06	6.111332e-06	8.470742e-09	4.382354e+01	5.560221e+02
2.030000e-06	6.012986e-06	8.426318e-09	4.311832e+01	5.519229e+02
2.040000e-06	5.912523e-06	8.372636e-09	4.239791e+01	5.476851e+02
2.050000e-06	5.809937e-06	8.305613e-09	4.166228e+01	5.433020e+02
2.060000e-06	5.705283e-06	8.238893e-09	4.091182e+01	5.387684e+02
2.070000e-06	5.598717e-06	8.153978e-09	4.014765e+01	5.340803e+02
2.080000e-06	5.490281e-06	8.061400e-09	3.937007e+01	5.292361e+02
2.090000e-06	5.379850e-06	7.980951e-09	3.857818e+01	5.242360e+02
2.100000e-06	5.267395e-06	7.924482e-09	3.777178e+01	5.190819e+02
2.110000e-06	5.153011e-06	7.853985e-09	3.695155e+01	5.137767e+02
2.120000e-06	5.036631e-06	7.768609e-09	3.611701e+01	5.083232e+02
2.130000e-06	4.918231e-06	7.678107e-09	3.526798e+01	5.027230e+02
2.140000e-06	4.797933e-06	7.585791e-09	3.440534e+01	4.969756e+02
2.150000e-06	4.675889e-06	7.489535e-09	3.353018e+01	4.910775e+02
2.160000e-06	4.552208e-06	7.396518e-09	3.264327e+01	4.850218e+02
2.170000e-06	4.426827e-06	7.311840e-09	3.174419e+01	4.787982e+02
2.180000e-06	4.299802e-06	7.221580e-09	3.083330e+01	4.723942e+02
2.190000e-06	4.171157e-06	7.120249e-09	2.991081e+01	4.657952e+02
2.200000e-06	4.041040e-06	7.010570e-09	2.897776e+01	4.589870e+02
2.210000e-06	3.909525e-06	6.896076e-09	2.803468e+01	4.519566e+02
2.220000e-06	3.776488e-06	6.779763e-09	2.708069e+01	4.446935e+02
2.230000e-06	3.641969e-06	6.668937e-09	2.611607e+01	4.371911e+02
2.240000e-06	3.506107e-06	6.559164e-09	2.514182e+01	4.294466e+02
2.250000e-06	3.368969e-06	6.446103e-09	2.415843e+01	4.214608e+02
2.260000e-06	3.230609e-06	6.322054e-09	2.316626e+01	4.132370e+02
2.270000e-06	3.090991e-06	6.189651e-09	2.216508e+01	4.047794e+02
2.280000e-06	2.950050e-06	6.050437e-09	2.115442e+01	3.960910e+02
2.290000e-06	2.807916e-06	5.911023e-09	2.013519e+01	3.871720e+02
2.300000e-06	2.664721e-06	5.776125e-09	1.910836e+01	3.780174e+02
2.310000e-06	2.520598e-06	5.641982e-09	1.807487e+01	3.686168e+02
2.320000e-06	2.375639e-06	5.500867e-09	1.703539e+01	3.589534e+02
2.330000e-06	2.229890e-06	5.346518e-09	1.599024e+01	3.490053e+02
2.340000e-06	2.083434e-06	5.184325e-09	1.494003e+01	3.387468e+02
2.350000e-06	1.936258e-06	5.015963e-09	1.388465e+01	3.281506e+02
2.360000e-06	1.788325e-06	4.846145e-09	1.282384e+01	3.171909e+02
2.370000e-06	1.639834e-06	4.676675e-09	1.175903e+01	3.058454e+02
2.380000e-06	1.490945e-06	4.502387e-09	1.069137e+01	2.940975e+02
2.390000e-06	1.341604e-06	4.321092e-09	9.620462e+00	2.819371e+02
2.400000e-06	1.191789e-06	4.129260e-09	8.546162e+00	2.693605e+02
2.410000e-06	1.041515e-06	3.928033e-09	7.468565e+00	2.563685e+02
2.420000e-06	8.907796e-07	3.720532e-09	6.387661e+00	2.429632e+02
2.430000e-06	7.396614e-07	3.508756e-09	5.304013e+00	2.291442e+02
2.440000e-06	5.883251e-07	3.295242e-09	4.218801e+00	2.149040e+02
2.450000e-06	4.368351e-07	3.075675e-09	3.132486e+00	2.002237e+02
2.460000e-06	2.852090e-07	2.844182e-09	2.045195e+00	1.850703e+02
2.470000e-06	1.334849e-07	2.599943e-09	9.572025e-01	1.693943e+02
2.480000e-06	-1.828795e-08	2.344067e-09	-1.311404e-01	1.531313e+02
2.490000e-06	-1.701003e-07	2.077813e-09	-1.219766e+00	1.362046e+02
2.500000e-06	-3.218905e-07	1.803612e-09	-2.308234e+00	1.185316e+02
2.510000e-06	-4.735847e-07	1.520977e-09	-3.396013e+00	1.000314e+02
2.520000e-06	-6.251861e-07	1.226874e-09	-4.483125e+00	8.063460e+01
2.530000e-06	-7.765962e-07	9.205446e-10	-5.568868e+00	6.029339e+01
2.540000e-06	-9.277021e-07	5.990083e-10	-6.652428e+00	3.899130e+01
2.550000e-06	-1.078470e-06	2.618039e-10	-7.733564e+00	1.675122e+01
2.560000e-06	-1.228810e-06	-8.905529e-11	-8.811630e+00	-6.359188e+00
2.570000e-06	-1.378572e-06	-4.520874e-10	-9.885556e+00	-3.022555e+01
2.580000e-06	-1.527809e-06	-8.247075e-10	-1.095571e+01	-5.468880e+01
2.590000e-06	-1.676597e-06	-1.205325e-09	-1.202265e+01	-7.955121e+01
2.600000e-06	-1.824860e-06	-1.590591e-09	-1.308583e+01	-1.045860e+02
2.610000e-06	-1.972447e-06	-1.978783e-09	-1.414416e+01	-1.295498e+02
2.620000e-06	-2.119225e-06	-2.363529e-09	-1.519668e+01	-1.541968e+02
2.630000e-06	-2.265201e-06	-2.736093e-09	-1.624345e+01	-1.782933e+02
2.640000e-06	-2.410366e-06	-3.090585e-09	-1.728441e+01	-2.016313e+02
2.650000e-06	-2.554593e-06	-3.426756e-09	-1.831865e+01	-2.240397e+02
2.660000e-06	-2.697817e-06	-3.747691e-09	-1.934568e+01	-2.453923e+02
2.670000e-06	-2.839947e-06	-4.053145e-09	-2.036488e+01	-2.656123e+02
2.680000e-06	-2.980826e-06	-4.342148e-09	-2.137510e+01	-2.846714e+02
2.690000e-06	-3.120509e-06	-4.613824e-09	-2.237676e+01	-3.025861e+02
2.700000e-06	-3.259057e-06	-4.869643e-09	-2.337026e+01	-3.194104e+02
2.710000e-06	-3.396367e-06	-5.112075e-09	-2.435489e+01	-3.352255e+02
2.720000e-06	-3.532403e-06	-5.343982e-09	-2.533039e+01	-3.501290e+02
2.730000e-06	-3.667134e-06	-5.566954e-09	-2.629653e+01	-3.642237e+02
2.740000e-06	-3.800487e-06	-5.778359e-09	-2.725278e+01	-3.776078e+02
2.750000e-06	-3.932482e-06	-5.976803e-09	-2.819930e+01	-3.903669e+02
2.760000e-06	-4.063099e-06	-6.163652e-09	-2.913594e+01	-4.025689e+02
2.770000e-06	-4.192346e-06	-6.340877e-09	-3.006275e+01	-4.142620e+02
2.780000e-06	-4.320180e-06	-6.508399e-09	-3.097943e+01	-4.254751e+02
2.790000e-06	-4.446479e-06	-6.665835e-09	-3.188511e+01	-4.362212e+02
2.800000e-06	-4.571285e-06	-6.817514e-09	-3.278007e+01	-4.465018e+02
2.810000e-06	-4.694530e-06	-6.966336e-09	-3.366385e+01	-4.563128e+02
2.820000e-06	-4.816060e-06	-7.110622e-09	-3.453532e+01	-4.656496e+02
2.830000e-06	-4.935755e-06	-7.247809e-09	-3.539364e+01	-4.745125e+02
2.840000e-06	-5.053475e-06	-7.378805e-09	-3.623780e+01	-4.829094e+02
2.850000e-06	-5.169199e-06	-7.504280e-09	-3.706763e+01	-4.908577e+02
2.860000e-06	-5.282893e-06	-7.621273e-09	-3.788292e+01	-4.983841e+02
2.870000e-06	-5.394461e-06	-7.728545e-09	-3.868295e+01	-5.055229e+02
2.880000e-06	-5.504000e-06	-7.829214e-09	-3.946844e+01	-5.123128e+02
2.890000e-06	-5.611666e-06	-7.927832e-09	-4.024051e+01	-5.187937e+02
2.900000e-06	-5.717407e-06	-8.024225e-09	-4.099876e+01	-5.250030e+02
2.910000e-06	-5.820996e-06	-8.115200e-09	-4.174159e+01	-5.309726e+02
2.920000e-06	-5.922366e-06	-8.201884e-09	-4.246849e+01	-5.367264e+02
2.930000e-06	-6.021583e-06	-8.285675e-09	-4.317997e+01	-5.422801e+02
2.940000e-06	-6.118723e-06	-8.366562e-09	-4.387654e+01	-5.476411e+02
2.950000e-06	-6.213674e-06	-8.444189e-09	-4.455743e+01	-5.528096e+02
2.960000e-06	-6.306302e-06	-8.519980e-09	-4.522165e+01	-5.577816e+02
2.970000e-06	-6.396690e-06	-8.592805e-09	-4.586980e+01	-5.625505e+02
2.980000e-06	-6.484844e-06	-8.661267e-09	-4.650195e+01	-5.671106e+02
2.990000e-06	-6.570615e-06	-8.727802e-09	-4.711700e+01	-5.714583e+02
3.000000e-06	-6.653961e-06	-8.793815e-09	-4.771467e+01	-5.755940e+02
3.010000e-06	-6.734986e-06	-8.857147e-09	-4.829569e+01	-5.795222e+02
3.020000e-06	-6.813552e-06	-8.915327e-09	-4.885907e+01	-5.832516e+02
3.030000e-06	-6.889464e-06	-8.970663e-09	-4.940342e+01	-5.867931e+02
3.040000e-06	-6.962810e-06	-9.023398e-09	-4.992938e+01	-5.901592e+02
3.050000e-06	-7.033618e-06	-9.070997e-09	-5.043713e+01	-5.933613e+02
3.060000e-06	-7.101853e-06	-9.115286e-09	-5.092644e+01	-5.964087e+02
3.070000e-06	-7.167616e-06	-9.158511e-09	-5.139802e+01	-5.993072e+02
3.080000e-06	-7.230875e-06	-9.200436e-09	-5.185163e+01	-6.020586e+02
3.090000e-06	-7.291530e-06	-9.240046e-09	-5.228659e+01	-6.046610e+02
3.100000e-06	-7.349555e-06	-9.276120e-09	-5.270267e+01	-6.071101e+02
3.110000e-06	-7.404916e-06	-9.309724e-09	-5.309966e+01	-6.093997e+02
3.120000e-06	-7.457450e-06	-9.339983e-09	-5.347638e+01	-6.115243e+02
3.130000e-06	-7.506903e-06	-9.368254e-09	-5.383100e+01	-6.134802e+02
3.140000e-06	-7.553418e-06	-9.395821e-09	-5.416455e+01	-6.152670e+02
3.150000e-06	-7.597433e-06	-9.421469e-09	-5.448018e+01	-6.168881e+02
3.160000e-06	-7.638975e-06	-9.445149e-09	-5.477807e+01	-6.183514e+02
3.170000e-06	-7.677844e-06	-9.465947e-09	-5.505679e+01	-6.196680e+02
3.180000e-06	-7.713959e-06	-9.483497e-09	-5.531577e+01	-6.208514e+02
3.190000e-06	-7.747360e-06	-9.498346e-09	-5.555528e+01	-6.219159e+02
3.200000e-06	-7.777951e-06	-9.511476e-09	-5.577464e+01	-6.228747e+02
3.210000e-06	-7.805658e-06	-9.523692e-09	-5.597333e+01	-6.237387e+02
3.220000e-06	-7.830644e-06	-9.535486e-09	-5.615250e+01	-6.245147e+02
3.230000e-06	-7.852802e-06	-9.544542e-09	-5.631139e+01	-6.252052e+02
3.240000e-06	-7.872096e-06	-9.550417e-09	-5.644975e+01	-6.258084e+02
3.250000e-06	-7.888553e-06	-9.554865e-09	-5.656776e+01	-6.263183e+02
3.260000e-06	-7.901933e-06	-9.559469e-09	-5.666371e+01	-6.267268e+02
3.270000e-06	-7.912290e-06	-9.562015e-09	-5.673797e+01	-6.270244e+02
3.280000e-06	-7.919796e-06	-9.560822e-09	-5.679180e+01	-6.272027e+02
3.290000e-06	-7.924429e-06	-9.559436e-09	-5.682502e+01	-6.272550e+02
3.300000e-06	-7.926295e-06	-9.558318e-09	-5.683840e+01	-6.271784e+02
