# Temperatura_=_47.59
# Concentracion g/m^3_=_5000.0
# C_Vs_to_Am_M_A/Vsm_=_65563218390.804596
# pendiente_HvsI_1/m_=_3716.3
# ordenada_HvsI_A/m_=_1297.0
# frecuencia_Hz_=_302568.2661330875

Tiempo_(s)	Campo_(V.s)	Magnetizacion_(V.s)	Campo_(kA/m)	Magnetizacion_(A/m)
0.000000e+00	-7.940952e-06	-5.964502e-09	-5.685396e+01	-3.898851e+02
1.000000e-08	-7.937768e-06	-5.959971e-09	-5.683117e+01	-3.896531e+02
2.000000e-08	-7.931907e-06	-5.954506e-09	-5.678921e+01	-3.893465e+02
3.000000e-08	-7.923495e-06	-5.947749e-09	-5.672898e+01	-3.889813e+02
4.000000e-08	-7.912309e-06	-5.941440e-09	-5.664889e+01	-3.885747e+02
5.000000e-08	-7.898171e-06	-5.935517e-09	-5.654767e+01	-3.881434e+02
6.000000e-08	-7.881170e-06	-5.928241e-09	-5.642595e+01	-3.877012e+02
7.000000e-08	-7.861781e-06	-5.920873e-09	-5.628713e+01	-3.872576e+02
8.000000e-08	-7.840065e-06	-5.925174e-09	-5.613166e+01	-3.868160e+02
9.000000e-08	-7.815415e-06	-5.903743e-09	-5.595517e+01	-3.863735e+02
1.000000e-07	-7.787553e-06	-5.933254e-09	-5.575569e+01	-3.859212e+02
1.100000e-07	-7.756691e-06	-5.945795e-09	-5.553473e+01	-3.854447e+02
1.200000e-07	-7.723098e-06	-5.896208e-09	-5.529422e+01	-3.849261e+02
1.300000e-07	-7.686891e-06	-5.837723e-09	-5.503499e+01	-3.843456e+02
1.400000e-07	-7.648313e-06	-5.790297e-09	-5.475879e+01	-3.836839e+02
1.500000e-07	-7.607631e-06	-5.813724e-09	-5.446752e+01	-3.829234e+02
1.600000e-07	-7.564560e-06	-5.807332e-09	-5.415915e+01	-3.820506e+02
1.700000e-07	-7.518772e-06	-5.882208e-09	-5.383133e+01	-3.810566e+02
1.800000e-07	-7.470310e-06	-5.848667e-09	-5.348436e+01	-3.799380e+02
1.900000e-07	-7.418861e-06	-5.728726e-09	-5.311600e+01	-3.786962e+02
2.000000e-07	-7.364368e-06	-5.742034e-09	-5.272586e+01	-3.773372e+02
2.100000e-07	-7.307209e-06	-5.687898e-09	-5.231663e+01	-3.758700e+02
2.200000e-07	-7.247467e-06	-5.713329e-09	-5.188890e+01	-3.743059e+02
2.300000e-07	-7.185099e-06	-5.724234e-09	-5.144237e+01	-3.726564e+02
2.400000e-07	-7.120001e-06	-5.642105e-09	-5.097629e+01	-3.709325e+02
2.500000e-07	-7.052151e-06	-5.613131e-09	-5.049051e+01	-3.691433e+02
2.600000e-07	-6.981676e-06	-5.593108e-09	-4.998594e+01	-3.672954e+02
2.700000e-07	-6.908515e-06	-5.603435e-09	-4.946214e+01	-3.653929e+02
2.800000e-07	-6.832512e-06	-5.563207e-09	-4.891799e+01	-3.634371e+02
2.900000e-07	-6.753670e-06	-5.543423e-09	-4.835351e+01	-3.614271e+02
3.000000e-07	-6.672195e-06	-5.495072e-09	-4.777018e+01	-3.593599e+02
3.100000e-07	-6.588420e-06	-5.434446e-09	-4.717039e+01	-3.572318e+02
3.200000e-07	-6.502477e-06	-5.444954e-09	-4.655507e+01	-3.550380e+02
3.300000e-07	-6.414266e-06	-5.395124e-09	-4.592352e+01	-3.527738e+02
3.400000e-07	-6.323619e-06	-5.338605e-09	-4.527452e+01	-3.504348e+02
3.500000e-07	-6.230670e-06	-5.285186e-09	-4.460904e+01	-3.480169e+02
3.600000e-07	-6.135518e-06	-5.269282e-09	-4.392779e+01	-3.455168e+02
3.700000e-07	-6.038063e-06	-5.240472e-09	-4.323006e+01	-3.429316e+02
3.800000e-07	-5.938389e-06	-5.200720e-09	-4.251643e+01	-3.402591e+02
3.900000e-07	-5.836577e-06	-5.181898e-09	-4.178750e+01	-3.374975e+02
4.000000e-07	-5.732718e-06	-5.115907e-09	-4.104391e+01	-3.346456e+02
4.100000e-07	-5.626844e-06	-5.038857e-09	-4.028590e+01	-3.317025e+02
4.200000e-07	-5.518994e-06	-4.989140e-09	-3.951374e+01	-3.286675e+02
4.300000e-07	-5.409236e-06	-4.995810e-09	-3.872791e+01	-3.255406e+02
4.400000e-07	-5.297563e-06	-4.949443e-09	-3.792838e+01	-3.223216e+02
4.500000e-07	-5.183819e-06	-4.865980e-09	-3.711402e+01	-3.190104e+02
4.600000e-07	-5.067968e-06	-4.804997e-09	-3.628458e+01	-3.156066e+02
4.700000e-07	-4.950178e-06	-4.757352e-09	-3.544125e+01	-3.121095e+02
4.800000e-07	-4.830588e-06	-4.696244e-09	-3.458504e+01	-3.085173e+02
4.900000e-07	-4.709296e-06	-4.644018e-09	-3.371663e+01	-3.048274e+02
5.000000e-07	-4.586197e-06	-4.607851e-09	-3.283529e+01	-3.010359e+02
5.100000e-07	-4.461365e-06	-4.535416e-09	-3.194155e+01	-2.971380e+02
5.200000e-07	-4.334953e-06	-4.459823e-09	-3.103649e+01	-2.931276e+02
5.300000e-07	-4.207020e-06	-4.403991e-09	-3.012054e+01	-2.889986e+02
5.400000e-07	-4.077642e-06	-4.351121e-09	-2.919425e+01	-2.847445e+02
5.500000e-07	-3.946658e-06	-4.269170e-09	-2.825646e+01	-2.803599e+02
5.600000e-07	-3.814125e-06	-4.194127e-09	-2.730758e+01	-2.758403e+02
5.700000e-07	-3.680224e-06	-4.130684e-09	-2.634890e+01	-2.711833e+02
5.800000e-07	-3.544983e-06	-4.048350e-09	-2.538063e+01	-2.663880e+02
5.900000e-07	-3.408409e-06	-3.961075e-09	-2.440282e+01	-2.614558e+02
6.000000e-07	-3.270473e-06	-3.888718e-09	-2.341525e+01	-2.563892e+02
6.100000e-07	-3.131082e-06	-3.820953e-09	-2.241727e+01	-2.511915e+02
6.200000e-07	-2.990347e-06	-3.735592e-09	-2.140966e+01	-2.458654e+02
6.300000e-07	-2.848456e-06	-3.654834e-09	-2.039378e+01	-2.404122e+02
6.400000e-07	-2.705444e-06	-3.584907e-09	-1.936987e+01	-2.348304e+02
6.500000e-07	-2.561313e-06	-3.502464e-09	-1.833795e+01	-2.291151e+02
6.600000e-07	-2.416140e-06	-3.398876e-09	-1.729857e+01	-2.232571e+02
6.700000e-07	-2.270149e-06	-3.295409e-09	-1.625334e+01	-2.172437e+02
6.800000e-07	-2.123467e-06	-3.196709e-09	-1.520316e+01	-2.110585e+02
6.900000e-07	-1.976053e-06	-3.095551e-09	-1.414773e+01	-2.046830e+02
7.000000e-07	-1.827999e-06	-2.995237e-09	-1.308772e+01	-1.980981e+02
7.100000e-07	-1.679487e-06	-2.897007e-09	-1.202444e+01	-1.912852e+02
7.200000e-07	-1.530495e-06	-2.793539e-09	-1.095772e+01	-1.842288e+02
7.300000e-07	-1.381007e-06	-2.679196e-09	-9.887442e+00	-1.769167e+02
7.400000e-07	-1.231065e-06	-2.565612e-09	-8.813925e+00	-1.693413e+02
7.500000e-07	-1.080723e-06	-2.449158e-09	-7.737536e+00	-1.614989e+02
7.600000e-07	-9.300228e-07	-2.330012e-09	-6.658583e+00	-1.533892e+02
7.700000e-07	-7.790641e-07	-2.203190e-09	-5.577780e+00	-1.450133e+02
7.800000e-07	-6.278826e-07	-2.068040e-09	-4.495382e+00	-1.363713e+02
7.900000e-07	-4.763675e-07	-1.926561e-09	-3.410596e+00	-1.274596e+02
8.000000e-07	-3.246275e-07	-1.779165e-09	-2.324200e+00	-1.182687e+02
8.100000e-07	-1.728236e-07	-1.633915e-09	-1.237346e+00	-1.087810e+02
8.200000e-07	-2.093459e-08	-1.484360e-09	-1.498831e-01	-9.897011e+01
8.300000e-07	1.310518e-07	-1.328711e-09	9.382775e-01	-8.880108e+01
8.400000e-07	2.830330e-07	-1.165318e-09	2.026400e+00	-7.823228e+01
8.500000e-07	4.348722e-07	-9.953300e-10	3.113507e+00	-6.721876e+01
8.600000e-07	5.865365e-07	-8.196229e-10	4.199361e+00	-5.571676e+01
8.700000e-07	7.379984e-07	-6.378074e-10	5.283767e+00	-4.368927e+01
8.800000e-07	8.892405e-07	-4.512574e-10	6.366598e+00	-3.111172e+01
8.900000e-07	1.040247e-06	-2.545078e-10	7.447741e+00	-1.797755e+01
9.000000e-07	1.190907e-06	-4.884430e-11	8.526409e+00	-4.302733e+00
9.100000e-07	1.341126e-06	1.636642e-10	9.601916e+00	9.871233e+00
9.200000e-07	1.490901e-06	3.832459e-10	1.067424e+01	2.447633e+01
9.300000e-07	1.640179e-06	6.121310e-10	1.174301e+01	3.941929e+01
9.400000e-07	1.788900e-06	8.464285e-10	1.280779e+01	5.458509e+01
9.500000e-07	1.937003e-06	1.080187e-09	1.386815e+01	6.984251e+01
9.600000e-07	2.084440e-06	1.314732e-09	1.492374e+01	8.505128e+01
9.700000e-07	2.231128e-06	1.546416e-09	1.597396e+01	1.000700e+02
9.800000e-07	2.376907e-06	1.767918e-09	1.701768e+01	1.147645e+02
9.900000e-07	2.521776e-06	1.980163e-09	1.805488e+01	1.290151e+02
1.000000e-06	2.665726e-06	2.183993e-09	1.908550e+01	1.427229e+02
1.010000e-06	2.808621e-06	2.382078e-09	2.010857e+01	1.558142e+02
1.020000e-06	2.950404e-06	2.569266e-09	2.112368e+01	1.682425e+02
1.030000e-06	3.091038e-06	2.742883e-09	2.213057e+01	1.799882e+02
1.040000e-06	3.230501e-06	2.908684e-09	2.312906e+01	1.910561e+02
1.050000e-06	3.368630e-06	3.065533e-09	2.411801e+01	2.014716e+02
1.060000e-06	3.505341e-06	3.216390e-09	2.509681e+01	2.112749e+02
1.070000e-06	3.640755e-06	3.359210e-09	2.606632e+01	2.205156e+02
1.080000e-06	3.774879e-06	3.496138e-09	2.702659e+01	2.292466e+02
1.090000e-06	3.907662e-06	3.624251e-09	2.797726e+01	2.375190e+02
1.100000e-06	4.039046e-06	3.745806e-09	2.891791e+01	2.453790e+02
1.110000e-06	4.168946e-06	3.864759e-09	2.984795e+01	2.528648e+02
1.120000e-06	4.297276e-06	3.975078e-09	3.076674e+01	2.600062e+02
1.130000e-06	4.424146e-06	4.076224e-09	3.167507e+01	2.668253e+02
1.140000e-06	4.549604e-06	4.169946e-09	3.257330e+01	2.733379e+02
1.150000e-06	4.673551e-06	4.260923e-09	3.346071e+01	2.795558e+02
1.160000e-06	4.795888e-06	4.351429e-09	3.433659e+01	2.854896e+02
1.170000e-06	4.916438e-06	4.437945e-09	3.519968e+01	2.911502e+02
1.180000e-06	5.035191e-06	4.520139e-09	3.604990e+01	2.965511e+02
1.190000e-06	5.152077e-06	4.598823e-09	3.688676e+01	3.017085e+02
1.200000e-06	5.266978e-06	4.677612e-09	3.770941e+01	3.066411e+02
1.210000e-06	5.379846e-06	4.755442e-09	3.851749e+01	3.113694e+02
1.220000e-06	5.490652e-06	4.827414e-09	3.931082e+01	3.159136e+02
1.230000e-06	5.599545e-06	4.891000e-09	4.009045e+01	3.202921e+02
1.240000e-06	5.706528e-06	4.947681e-09	4.085640e+01	3.245195e+02
1.250000e-06	5.811385e-06	5.005695e-09	4.160714e+01	3.286053e+02
1.260000e-06	5.914060e-06	5.066503e-09	4.234225e+01	3.325531e+02
1.270000e-06	6.014634e-06	5.125902e-09	4.306232e+01	3.363611e+02
1.280000e-06	6.112973e-06	5.178635e-09	4.376638e+01	3.400227e+02
1.290000e-06	6.208934e-06	5.227979e-09	4.445342e+01	3.435282e+02
1.300000e-06	6.302653e-06	5.278368e-09	4.512442e+01	3.468673e+02
1.310000e-06	6.394184e-06	5.328708e-09	4.577974e+01	3.500307e+02
1.320000e-06	6.483432e-06	5.373756e-09	4.641872e+01	3.530124e+02
1.330000e-06	6.570343e-06	5.413460e-09	4.704097e+01	3.558111e+02
1.340000e-06	6.654971e-06	5.451894e-09	4.764686e+01	3.584312e+02
1.350000e-06	6.737267e-06	5.488920e-09	4.823608e+01	3.608821e+02
1.360000e-06	6.817118e-06	5.524732e-09	4.880777e+01	3.631782e+02
1.370000e-06	6.894479e-06	5.558743e-09	4.936165e+01	3.653364e+02
1.380000e-06	6.969187e-06	5.592025e-09	4.989652e+01	3.673748e+02
1.390000e-06	7.041199e-06	5.623133e-09	5.041210e+01	3.693106e+02
1.400000e-06	7.110772e-06	5.652295e-09	5.091022e+01	3.711579e+02
1.410000e-06	7.177918e-06	5.680087e-09	5.139095e+01	3.729264e+02
1.420000e-06	7.242447e-06	5.703815e-09	5.185295e+01	3.746212e+02
1.430000e-06	7.304439e-06	5.726061e-09	5.229679e+01	3.762420e+02
1.440000e-06	7.363970e-06	5.747497e-09	5.272301e+01	3.777849e+02
1.450000e-06	7.420822e-06	5.767619e-09	5.313005e+01	3.792429e+02
1.460000e-06	7.474981e-06	5.786355e-09	5.351780e+01	3.806081e+02
1.470000e-06	7.526187e-06	5.803283e-09	5.388442e+01	3.818738e+02
1.480000e-06	7.574291e-06	5.820438e-09	5.422882e+01	3.830354e+02
1.490000e-06	7.619717e-06	5.837138e-09	5.455405e+01	3.840920e+02
1.500000e-06	7.662517e-06	5.851582e-09	5.486048e+01	3.850469e+02
1.510000e-06	7.702502e-06	5.865578e-09	5.514676e+01	3.859070e+02
1.520000e-06	7.739766e-06	5.881438e-09	5.541355e+01	3.866823e+02
1.530000e-06	7.774376e-06	5.894854e-09	5.566135e+01	3.873843e+02
1.540000e-06	7.806163e-06	5.903816e-09	5.588893e+01	3.880241e+02
1.550000e-06	7.835230e-06	5.910630e-09	5.609704e+01	3.886110e+02
1.560000e-06	7.861516e-06	5.917972e-09	5.628524e+01	3.891510e+02
1.570000e-06	7.884842e-06	5.927265e-09	5.645224e+01	3.896458e+02
1.580000e-06	7.905414e-06	5.934536e-09	5.659953e+01	3.900924e+02
1.590000e-06	7.923222e-06	5.940191e-09	5.672703e+01	3.904842e+02
1.600000e-06	7.938012e-06	5.945323e-09	5.683292e+01	3.908113e+02
1.610000e-06	7.949734e-06	5.950416e-09	5.691684e+01	3.910628e+02
1.620000e-06	7.958355e-06	5.954311e-09	5.697856e+01	3.912283e+02
1.630000e-06	7.964065e-06	5.955571e-09	5.701944e+01	3.913001e+02
1.640000e-06	7.967037e-06	5.956242e-09	5.704072e+01	3.912742e+02
1.650000e-06	7.967146e-06	5.952213e-09	5.704150e+01	3.911521e+02
1.660000e-06	7.964596e-06	5.951742e-09	5.702325e+01	3.909404e+02
1.670000e-06	7.959461e-06	5.947129e-09	5.698648e+01	3.906505e+02
1.680000e-06	7.951627e-06	5.940790e-09	5.693040e+01	3.902978e+02
1.690000e-06	7.941132e-06	5.935821e-09	5.685525e+01	3.898994e+02
1.700000e-06	7.927796e-06	5.931781e-09	5.675977e+01	3.894723e+02
1.710000e-06	7.911729e-06	5.928548e-09	5.664474e+01	3.890313e+02
1.720000e-06	7.893353e-06	5.917874e-09	5.651318e+01	3.885870e+02
1.730000e-06	7.872701e-06	5.893637e-09	5.636531e+01	3.881444e+02
1.740000e-06	7.849190e-06	5.897371e-09	5.619698e+01	3.877022e+02
1.750000e-06	7.822147e-06	5.851310e-09	5.600337e+01	3.872530e+02
1.760000e-06	7.791497e-06	5.837790e-09	5.578393e+01	3.867836e+02
1.770000e-06	7.757956e-06	5.867791e-09	5.554379e+01	3.862768e+02
1.780000e-06	7.722150e-06	5.906383e-09	5.528743e+01	3.857132e+02
1.790000e-06	7.684018e-06	5.878864e-09	5.501442e+01	3.850730e+02
1.800000e-06	7.643814e-06	5.901703e-09	5.472658e+01	3.843381e+02
1.810000e-06	7.601435e-06	5.853201e-09	5.442316e+01	3.834939e+02
1.820000e-06	7.556406e-06	5.749057e-09	5.410077e+01	3.825303e+02
1.830000e-06	7.508737e-06	5.855232e-09	5.375948e+01	3.814424e+02
1.840000e-06	7.458145e-06	5.810789e-09	5.339727e+01	3.802304e+02
1.850000e-06	7.404532e-06	5.865275e-09	5.301342e+01	3.788994e+02
1.860000e-06	7.348132e-06	5.804241e-09	5.260962e+01	3.774578e+02
1.870000e-06	7.289079e-06	5.659132e-09	5.218682e+01	3.759163e+02
1.880000e-06	7.227470e-06	5.691584e-09	5.174572e+01	3.742866e+02
1.890000e-06	7.163125e-06	5.623736e-09	5.128504e+01	3.725799e+02
1.900000e-06	7.096013e-06	5.678440e-09	5.080455e+01	3.708057e+02
1.910000e-06	7.026110e-06	5.660305e-09	5.030407e+01	3.689715e+02
1.920000e-06	6.953365e-06	5.601597e-09	4.978325e+01	3.670819e+02
1.930000e-06	6.877995e-06	5.524986e-09	4.924363e+01	3.651390e+02
1.940000e-06	6.799895e-06	5.469231e-09	4.868446e+01	3.631422e+02
1.950000e-06	6.719172e-06	5.546640e-09	4.810652e+01	3.610891e+02
1.960000e-06	6.636038e-06	5.479390e-09	4.751131e+01	3.589761e+02
1.970000e-06	6.550449e-06	5.454462e-09	4.689853e+01	3.567987e+02
1.980000e-06	6.462379e-06	5.403510e-09	4.626799e+01	3.545520e+02
1.990000e-06	6.371974e-06	5.356511e-09	4.562072e+01	3.522316e+02
2.000000e-06	6.279428e-06	5.320535e-09	4.495813e+01	3.498333e+02
2.010000e-06	6.184604e-06	5.289453e-09	4.427923e+01	3.473535e+02
2.020000e-06	6.087514e-06	5.288161e-09	4.358411e+01	3.447893e+02
2.030000e-06	5.988247e-06	5.192812e-09	4.287339e+01	3.421383e+02
2.040000e-06	5.886874e-06	5.140728e-09	4.214761e+01	3.393986e+02
2.050000e-06	5.783436e-06	5.124902e-09	4.140703e+01	3.365689e+02
2.060000e-06	5.677925e-06	5.133652e-09	4.065162e+01	3.336481e+02
2.070000e-06	5.570436e-06	5.056610e-09	3.988204e+01	3.306356e+02
2.080000e-06	5.461068e-06	4.979595e-09	3.909901e+01	3.275312e+02
2.090000e-06	5.349735e-06	4.926888e-09	3.830191e+01	3.243347e+02
2.100000e-06	5.236312e-06	4.872445e-09	3.748985e+01	3.210460e+02
2.110000e-06	5.121008e-06	4.847393e-09	3.666432e+01	3.176649e+02
2.120000e-06	5.003837e-06	4.830512e-09	3.582542e+01	3.141908e+02
2.130000e-06	4.884665e-06	4.774707e-09	3.497220e+01	3.106220e+02
2.140000e-06	4.763521e-06	4.657282e-09	3.410486e+01	3.069564e+02
2.150000e-06	4.640653e-06	4.587280e-09	3.322517e+01	3.031902e+02
2.160000e-06	4.516236e-06	4.559123e-09	3.233440e+01	2.993189e+02
2.170000e-06	4.390173e-06	4.532109e-09	3.143184e+01	2.953367e+02
2.180000e-06	4.262448e-06	4.463046e-09	3.051738e+01	2.912374e+02
2.190000e-06	4.133134e-06	4.390868e-09	2.959155e+01	2.870147e+02
2.200000e-06	4.002272e-06	4.306612e-09	2.865463e+01	2.826627e+02
2.210000e-06	3.869992e-06	4.227763e-09	2.770756e+01	2.781766e+02
2.220000e-06	3.736352e-06	4.177314e-09	2.675075e+01	2.735536e+02
2.230000e-06	3.601178e-06	4.133730e-09	2.578296e+01	2.687923e+02
2.240000e-06	3.464549e-06	4.053535e-09	2.480475e+01	2.638936e+02
2.250000e-06	3.326629e-06	3.950183e-09	2.381730e+01	2.588598e+02
2.260000e-06	3.187557e-06	3.874246e-09	2.282161e+01	2.536941e+02
2.270000e-06	3.047294e-06	3.808937e-09	2.181738e+01	2.483994e+02
2.280000e-06	2.905720e-06	3.728005e-09	2.080377e+01	2.429775e+02
2.290000e-06	2.762899e-06	3.632668e-09	1.978123e+01	2.374276e+02
2.300000e-06	2.619035e-06	3.540285e-09	1.875122e+01	2.317458e+02
2.310000e-06	2.474295e-06	3.445621e-09	1.771494e+01	2.259241e+02
2.320000e-06	2.328742e-06	3.363449e-09	1.667284e+01	2.199504e+02
2.330000e-06	2.182465e-06	3.290125e-09	1.562556e+01	2.138093e+02
2.340000e-06	2.035476e-06	3.199040e-09	1.457318e+01	2.074827e+02
2.350000e-06	1.887791e-06	3.078980e-09	1.351581e+01	2.009514e+02
2.360000e-06	1.739510e-06	2.960000e-09	1.245418e+01	1.941966e+02
2.370000e-06	1.590757e-06	2.862479e-09	1.138917e+01	1.872019e+02
2.380000e-06	1.441529e-06	2.770010e-09	1.032076e+01	1.799541e+02
2.390000e-06	1.291839e-06	2.660203e-09	9.249039e+00	1.724444e+02
2.400000e-06	1.141741e-06	2.531723e-09	8.174402e+00	1.646684e+02
2.410000e-06	9.911925e-07	2.395726e-09	7.096533e+00	1.566250e+02
2.420000e-06	8.402133e-07	2.264439e-09	6.015583e+00	1.483151e+02
2.430000e-06	6.889146e-07	2.146857e-09	4.932346e+00	1.397392e+02
2.440000e-06	5.373668e-07	2.030427e-09	3.847326e+00	1.308950e+02
2.450000e-06	3.855793e-07	1.895664e-09	2.760590e+00	1.217747e+02
2.460000e-06	2.335973e-07	1.742576e-09	1.672461e+00	1.123628e+02
2.470000e-06	8.149896e-08	1.585468e-09	5.834992e-01	1.026352e+02
2.480000e-06	-7.063630e-08	1.431033e-09	-5.057270e-01	9.255887e+01
2.490000e-06	-2.227596e-07	1.273636e-09	-1.594868e+00	8.209365e+01
2.500000e-06	-3.748214e-07	1.109951e-09	-2.683568e+00	7.119503e+01
2.510000e-06	-5.267793e-07	9.372588e-10	-3.771524e+00	5.981848e+01
2.520000e-06	-6.785520e-07	7.542534e-10	-4.858154e+00	4.792473e+01
2.530000e-06	-8.300760e-07	5.664519e-10	-5.943004e+00	3.548559e+01
2.540000e-06	-9.812824e-07	3.756928e-10	-7.025580e+00	2.248951e+01
2.550000e-06	-1.132063e-06	1.719592e-10	-8.105105e+00	8.946489e+00
2.560000e-06	-1.282413e-06	-4.848037e-11	-9.181553e+00	-5.108545e+00
2.570000e-06	-1.432315e-06	-2.750882e-10	-1.025479e+01	-1.961418e+01
2.580000e-06	-1.581678e-06	-5.014613e-10	-1.132417e+01	-3.448319e+01
2.590000e-06	-1.730467e-06	-7.307720e-10	-1.238943e+01	-4.960557e+01
2.600000e-06	-1.878670e-06	-9.674532e-10	-1.345051e+01	-6.485353e+01
2.610000e-06	-2.026106e-06	-1.205602e-09	-1.450609e+01	-8.008833e+01
2.620000e-06	-2.172722e-06	-1.441466e-09	-1.555580e+01	-9.516811e+01
2.630000e-06	-2.318578e-06	-1.671305e-09	-1.660007e+01	-1.099561e+02
2.640000e-06	-2.463603e-06	-1.889147e-09	-1.763839e+01	-1.243283e+02
2.650000e-06	-2.607733e-06	-2.096130e-09	-1.867030e+01	-1.381803e+02
2.660000e-06	-2.750832e-06	-2.297336e-09	-1.969483e+01	-1.514317e+02
2.670000e-06	-2.892747e-06	-2.492997e-09	-2.071088e+01	-1.640291e+02
2.680000e-06	-3.033470e-06	-2.675112e-09	-2.171840e+01	-1.759463e+02
2.690000e-06	-3.172948e-06	-2.843735e-09	-2.271701e+01	-1.871826e+02
2.700000e-06	-3.311204e-06	-3.003015e-09	-2.370687e+01	-1.977584e+02
2.710000e-06	-3.448273e-06	-3.153052e-09	-2.468822e+01	-2.077109e+02
2.720000e-06	-3.584108e-06	-3.296812e-09	-2.566074e+01	-2.170878e+02
2.730000e-06	-3.718615e-06	-3.437443e-09	-2.662376e+01	-2.259418e+02
2.740000e-06	-3.851717e-06	-3.573504e-09	-2.757672e+01	-2.343248e+02
2.750000e-06	-3.983448e-06	-3.698697e-09	-2.851986e+01	-2.422845e+02
2.760000e-06	-4.113818e-06	-3.813974e-09	-2.945325e+01	-2.498612e+02
2.770000e-06	-4.242780e-06	-3.922532e-09	-3.037656e+01	-2.570869e+02
2.780000e-06	-4.370276e-06	-4.025633e-09	-3.128938e+01	-2.639854e+02
2.790000e-06	-4.496264e-06	-4.122313e-09	-3.219141e+01	-2.705739e+02
2.800000e-06	-4.620684e-06	-4.213524e-09	-3.308220e+01	-2.768650e+02
2.810000e-06	-4.743485e-06	-4.303257e-09	-3.396141e+01	-2.828693e+02
2.820000e-06	-4.864615e-06	-4.390482e-09	-3.482865e+01	-2.885976e+02
2.830000e-06	-4.983861e-06	-4.477205e-09	-3.568241e+01	-2.940626e+02
2.840000e-06	-5.101115e-06	-4.559725e-09	-3.652190e+01	-2.992796e+02
2.850000e-06	-5.216346e-06	-4.635892e-09	-3.734690e+01	-3.042671e+02
2.860000e-06	-5.329379e-06	-4.707672e-09	-3.815617e+01	-3.090450e+02
2.870000e-06	-5.440296e-06	-4.777851e-09	-3.895029e+01	-3.136339e+02
2.880000e-06	-5.549314e-06	-4.849192e-09	-3.973082e+01	-3.180528e+02
2.890000e-06	-5.656475e-06	-4.918654e-09	-4.049805e+01	-3.223174e+02
2.900000e-06	-5.761712e-06	-4.985943e-09	-4.125150e+01	-3.264385e+02
2.910000e-06	-5.864796e-06	-5.049458e-09	-4.198954e+01	-3.304213e+02
2.920000e-06	-5.965600e-06	-5.107965e-09	-4.271125e+01	-3.342653e+02
2.930000e-06	-6.064289e-06	-5.163869e-09	-4.341782e+01	-3.379647e+02
2.940000e-06	-6.160905e-06	-5.218558e-09	-4.410956e+01	-3.415108e+02
2.950000e-06	-6.255267e-06	-5.270986e-09	-4.478515e+01	-3.448930e+02
2.960000e-06	-6.347332e-06	-5.319623e-09	-4.544430e+01	-3.481015e+02
2.970000e-06	-6.437215e-06	-5.365145e-09	-4.608782e+01	-3.511295e+02
2.980000e-06	-6.524881e-06	-5.407615e-09	-4.671547e+01	-3.539743e+02
2.990000e-06	-6.610086e-06	-5.447114e-09	-4.732551e+01	-3.566388e+02
3.000000e-06	-6.692853e-06	-5.486920e-09	-4.791809e+01	-3.591314e+02
3.010000e-06	-6.773357e-06	-5.526688e-09	-4.849446e+01	-3.614651e+02
3.020000e-06	-6.851324e-06	-5.563615e-09	-4.905268e+01	-3.636566e+02
3.030000e-06	-6.926556e-06	-5.598349e-09	-4.959131e+01	-3.657238e+02
3.040000e-06	-6.999222e-06	-5.630560e-09	-5.011157e+01	-3.676843e+02
3.050000e-06	-7.069332e-06	-5.658723e-09	-5.061352e+01	-3.695531e+02
3.060000e-06	-7.136863e-06	-5.682424e-09	-5.109702e+01	-3.713412e+02
3.070000e-06	-7.201924e-06	-5.704494e-09	-5.156283e+01	-3.730547e+02
3.080000e-06	-7.264418e-06	-5.728386e-09	-5.201026e+01	-3.746948e+02
3.090000e-06	-7.324294e-06	-5.753676e-09	-5.243894e+01	-3.762583e+02
3.100000e-06	-7.381601e-06	-5.779315e-09	-5.284924e+01	-3.777387e+02
3.110000e-06	-7.436225e-06	-5.802346e-09	-5.324032e+01	-3.791284e+02
3.120000e-06	-7.487918e-06	-5.822379e-09	-5.361043e+01	-3.804200e+02
3.130000e-06	-7.536442e-06	-5.839036e-09	-5.395784e+01	-3.816083e+02
3.140000e-06	-7.582165e-06	-5.852627e-09	-5.428520e+01	-3.826916e+02
3.150000e-06	-7.625529e-06	-5.867271e-09	-5.459566e+01	-3.836719e+02
3.160000e-06	-7.666384e-06	-5.881951e-09	-5.488817e+01	-3.845554e+02
3.170000e-06	-7.704488e-06	-5.895840e-09	-5.516098e+01	-3.853514e+02
3.180000e-06	-7.739817e-06	-5.907347e-09	-5.541392e+01	-3.860711e+02
3.190000e-06	-7.772476e-06	-5.919084e-09	-5.564774e+01	-3.867260e+02
3.200000e-06	-7.802272e-06	-5.929691e-09	-5.586107e+01	-3.873259e+02
3.210000e-06	-7.829168e-06	-5.938156e-09	-5.605364e+01	-3.878778e+02
3.220000e-06	-7.853324e-06	-5.943536e-09	-5.622658e+01	-3.883845e+02
3.230000e-06	-7.874616e-06	-5.946707e-09	-5.637902e+01	-3.888442e+02
3.240000e-06	-7.893062e-06	-5.949660e-09	-5.651109e+01	-3.892510e+02
3.250000e-06	-7.908705e-06	-5.952821e-09	-5.662309e+01	-3.895958e+02
3.260000e-06	-7.921223e-06	-5.954832e-09	-5.671271e+01	-3.898678e+02
3.270000e-06	-7.930670e-06	-5.954589e-09	-5.678035e+01	-3.900561e+02
3.280000e-06	-7.937249e-06	-5.953267e-09	-5.682745e+01	-3.901524e+02
3.290000e-06	-7.940978e-06	-5.954941e-09	-5.685415e+01	-3.901515e+02
3.300000e-06	-7.941995e-06	-5.959677e-09	-5.686143e+01	-3.900536e+02
