# Temperatura_=_46.9
# Concentracion g/m^3_=_5000.0
# C_Vs_to_Am_M_A/Vsm_=_65563218390.804596
# pendiente_HvsI_1/m_=_3716.3
# ordenada_HvsI_A/m_=_1297.0
# frecuencia_Hz_=_302568.89197902975

Tiempo_(s)	Campo_(V.s)	Magnetizacion_(V.s)	Campo_(kA/m)	Magnetizacion_(A/m)
0.000000e+00	-8.013101e-06	-5.923438e-09	-5.685346e+01	-3.877132e+02
1.000000e-08	-8.009818e-06	-5.921835e-09	-5.683017e+01	-3.874631e+02
2.000000e-08	-8.003856e-06	-5.914606e-09	-5.678787e+01	-3.871264e+02
3.000000e-08	-7.995309e-06	-5.908507e-09	-5.672723e+01	-3.867203e+02
4.000000e-08	-7.983901e-06	-5.904591e-09	-5.664629e+01	-3.862645e+02
5.000000e-08	-7.969436e-06	-5.900579e-09	-5.654366e+01	-3.857797e+02
6.000000e-08	-7.952120e-06	-5.895357e-09	-5.642080e+01	-3.852849e+02
7.000000e-08	-7.932440e-06	-5.884605e-09	-5.628117e+01	-3.847950e+02
8.000000e-08	-7.910451e-06	-5.897600e-09	-5.612515e+01	-3.843195e+02
9.000000e-08	-7.885487e-06	-5.926144e-09	-5.594803e+01	-3.838610e+02
1.000000e-07	-7.857258e-06	-5.919516e-09	-5.574775e+01	-3.834150e+02
1.100000e-07	-7.826049e-06	-5.890389e-09	-5.552632e+01	-3.829703e+02
1.200000e-07	-7.792011e-06	-5.855300e-09	-5.528481e+01	-3.825103e+02
1.300000e-07	-7.755322e-06	-5.807231e-09	-5.502451e+01	-3.820146e+02
1.400000e-07	-7.716388e-06	-5.750364e-09	-5.474827e+01	-3.814611e+02
1.500000e-07	-7.675219e-06	-5.751647e-09	-5.445617e+01	-3.808279e+02
1.600000e-07	-7.631545e-06	-5.824545e-09	-5.414630e+01	-3.800959e+02
1.700000e-07	-7.585210e-06	-5.838098e-09	-5.381755e+01	-3.792496e+02
1.800000e-07	-7.536095e-06	-5.782502e-09	-5.346908e+01	-3.782787e+02
1.900000e-07	-7.483956e-06	-5.746911e-09	-5.309914e+01	-3.771782e+02
2.000000e-07	-7.428863e-06	-5.699317e-09	-5.270826e+01	-3.759485e+02
2.100000e-07	-7.371075e-06	-5.655872e-09	-5.229825e+01	-3.745947e+02
2.200000e-07	-7.310626e-06	-5.674539e-09	-5.186936e+01	-3.731254e+02
2.300000e-07	-7.247601e-06	-5.682873e-09	-5.142219e+01	-3.715515e+02
2.400000e-07	-7.181855e-06	-5.618829e-09	-5.095572e+01	-3.698849e+02
2.500000e-07	-7.113299e-06	-5.573249e-09	-5.046931e+01	-3.681371e+02
2.600000e-07	-7.042094e-06	-5.594639e-09	-4.996411e+01	-3.663182e+02
2.700000e-07	-6.968065e-06	-5.589496e-09	-4.943887e+01	-3.644364e+02
2.800000e-07	-6.891133e-06	-5.539118e-09	-4.889303e+01	-3.624970e+02
2.900000e-07	-6.811400e-06	-5.499006e-09	-4.832732e+01	-3.605027e+02
3.000000e-07	-6.729060e-06	-5.470088e-09	-4.774311e+01	-3.584537e+02
3.100000e-07	-6.644450e-06	-5.433772e-09	-4.714280e+01	-3.563480e+02
3.200000e-07	-6.557609e-06	-5.409725e-09	-4.652666e+01	-3.541818e+02
3.300000e-07	-6.468380e-06	-5.381117e-09	-4.589357e+01	-3.519500e+02
3.400000e-07	-6.376752e-06	-5.325709e-09	-4.524347e+01	-3.496472e+02
3.500000e-07	-6.282943e-06	-5.271269e-09	-4.457788e+01	-3.472678e+02
3.600000e-07	-6.186852e-06	-5.241052e-09	-4.389611e+01	-3.448063e+02
3.700000e-07	-6.088376e-06	-5.226348e-09	-4.319742e+01	-3.422581e+02
3.800000e-07	-5.987675e-06	-5.204558e-09	-4.248294e+01	-3.396197e+02
3.900000e-07	-5.884870e-06	-5.172063e-09	-4.175353e+01	-3.368885e+02
4.000000e-07	-5.780000e-06	-5.106228e-09	-4.100947e+01	-3.340632e+02
4.100000e-07	-5.673138e-06	-5.028638e-09	-4.025128e+01	-3.311434e+02
4.200000e-07	-5.564292e-06	-4.985979e-09	-3.947901e+01	-3.281299e+02
4.300000e-07	-5.453459e-06	-4.970462e-09	-3.869264e+01	-3.250240e+02
4.400000e-07	-5.340581e-06	-4.924691e-09	-3.789176e+01	-3.218271e+02
4.500000e-07	-5.225512e-06	-4.856776e-09	-3.707534e+01	-3.185407e+02
4.600000e-07	-5.108432e-06	-4.806822e-09	-3.624466e+01	-3.151654e+02
4.700000e-07	-4.989597e-06	-4.753920e-09	-3.540151e+01	-3.117008e+02
4.800000e-07	-4.868897e-06	-4.691397e-09	-3.454514e+01	-3.081449e+02
4.900000e-07	-4.746390e-06	-4.643520e-09	-3.367594e+01	-3.044941e+02
5.000000e-07	-4.622209e-06	-4.598257e-09	-3.279487e+01	-3.007432e+02
5.100000e-07	-4.496417e-06	-4.525065e-09	-3.190237e+01	-2.968856e+02
5.200000e-07	-4.369019e-06	-4.455700e-09	-3.099847e+01	-2.929134e+02
5.300000e-07	-4.239878e-06	-4.411989e-09	-3.008220e+01	-2.888190e+02
5.400000e-07	-4.109176e-06	-4.354652e-09	-2.915487e+01	-2.845947e+02
5.500000e-07	-3.976991e-06	-4.267677e-09	-2.821701e+01	-2.802344e+02
5.600000e-07	-3.843311e-06	-4.191711e-09	-2.726854e+01	-2.757340e+02
5.700000e-07	-3.708218e-06	-4.130913e-09	-2.631004e+01	-2.710917e+02
5.800000e-07	-3.571590e-06	-4.053317e-09	-2.534066e+01	-2.663080e+02
5.900000e-07	-3.433495e-06	-3.971037e-09	-2.436087e+01	-2.613859e+02
6.000000e-07	-3.294078e-06	-3.904955e-09	-2.337170e+01	-2.563296e+02
6.100000e-07	-3.153299e-06	-3.831847e-09	-2.237286e+01	-2.511439e+02
6.200000e-07	-3.011060e-06	-3.736487e-09	-2.136366e+01	-2.458325e+02
6.300000e-07	-2.867482e-06	-3.652085e-09	-2.034497e+01	-2.403972e+02
6.400000e-07	-2.722932e-06	-3.585142e-09	-1.931938e+01	-2.348363e+02
6.500000e-07	-2.577456e-06	-3.505590e-09	-1.828722e+01	-2.291439e+02
6.600000e-07	-2.431107e-06	-3.407192e-09	-1.724886e+01	-2.233098e+02
6.700000e-07	-2.284036e-06	-3.308529e-09	-1.620538e+01	-2.173191e+02
6.800000e-07	-2.136206e-06	-3.211052e-09	-1.515652e+01	-2.111540e+02
6.900000e-07	-1.987667e-06	-3.107531e-09	-1.410262e+01	-2.047942e+02
7.000000e-07	-1.838498e-06	-3.005163e-09	-1.304426e+01	-1.982194e+02
7.100000e-07	-1.688789e-06	-2.907370e-09	-1.198206e+01	-1.914107e+02
7.200000e-07	-1.538599e-06	-2.802536e-09	-1.091646e+01	-1.843524e+02
7.300000e-07	-1.387868e-06	-2.687365e-09	-9.847010e+00	-1.770333e+02
7.400000e-07	-1.236658e-06	-2.570730e-09	-8.774165e+00	-1.694469e+02
7.500000e-07	-1.085013e-06	-2.454614e-09	-7.698238e+00	-1.615912e+02
7.600000e-07	-9.329254e-07	-2.335885e-09	-6.619166e+00	-1.534675e+02
7.700000e-07	-7.804861e-07	-2.209446e-09	-5.537599e+00	-1.450779e+02
7.800000e-07	-6.276852e-07	-2.076551e-09	-4.453467e+00	-1.364231e+02
7.900000e-07	-4.745812e-07	-1.938789e-09	-3.367184e+00	-1.274994e+02
8.000000e-07	-3.213132e-07	-1.794594e-09	-2.279738e+00	-1.182960e+02
8.100000e-07	-1.679142e-07	-1.644076e-09	-1.191362e+00	-1.087934e+02
8.200000e-07	-1.438573e-08	-1.488109e-09	-1.020677e-01	-9.896228e+01
8.300000e-07	1.392263e-07	-1.327787e-09	9.878198e-01	-8.876462e+01
8.400000e-07	2.928263e-07	-1.162958e-09	2.077622e+00	-7.815554e+01
8.500000e-07	4.463347e-07	-9.953069e-10	3.166773e+00	-6.708726e+01
8.600000e-07	5.997131e-07	-8.228428e-10	4.255003e+00	-5.551409e+01
8.700000e-07	7.529032e-07	-6.433543e-10	5.341897e+00	-4.339828e+01
8.800000e-07	9.058361e-07	-4.543224e-10	6.426965e+00	-3.071608e+01
8.900000e-07	1.058431e-06	-2.533014e-10	7.509638e+00	-1.746338e+01
9.000000e-07	1.210508e-06	-4.369149e-11	8.588629e+00	-3.660190e+00
9.100000e-07	1.362023e-06	1.711798e-10	9.663641e+00	1.064655e+01
9.200000e-07	1.513056e-06	3.932120e-10	1.073523e+01	2.538239e+01
9.300000e-07	1.663556e-06	6.244643e-10	1.180304e+01	4.044708e+01
9.400000e-07	1.813417e-06	8.601165e-10	1.286631e+01	5.571872e+01
9.500000e-07	1.962657e-06	1.096809e-09	1.392518e+01	7.105987e+01
9.600000e-07	2.111286e-06	1.333458e-09	1.497971e+01	8.632518e+01
9.700000e-07	2.259105e-06	1.563818e-09	1.602850e+01	1.013699e+02
9.800000e-07	2.406045e-06	1.784236e-09	1.707104e+01	1.160582e+02
9.900000e-07	2.552165e-06	1.996557e-09	1.810777e+01	1.302710e+02
1.000000e-06	2.697394e-06	2.199782e-09	1.913819e+01	1.439120e+02
1.010000e-06	2.841553e-06	2.396393e-09	2.016100e+01	1.569114e+02
1.020000e-06	2.984635e-06	2.580833e-09	2.117618e+01	1.692283e+02
1.030000e-06	3.126584e-06	2.752986e-09	2.218331e+01	1.808492e+02
1.040000e-06	3.267243e-06	2.917975e-09	2.318130e+01	1.917855e+02
1.050000e-06	3.406636e-06	3.073721e-09	2.417030e+01	2.020684e+02
1.060000e-06	3.544764e-06	3.222326e-09	2.515033e+01	2.117435e+02
1.070000e-06	3.681463e-06	3.363301e-09	2.612021e+01	2.208644e+02
1.080000e-06	3.816696e-06	3.499127e-09	2.707970e+01	2.294865e+02
1.090000e-06	3.950571e-06	3.627267e-09	2.802955e+01	2.376622e+02
1.100000e-06	4.083056e-06	3.747774e-09	2.896954e+01	2.454371e+02
1.110000e-06	4.214102e-06	3.863701e-09	2.989932e+01	2.528479e+02
1.120000e-06	4.343699e-06	3.971497e-09	3.081882e+01	2.599219e+02
1.130000e-06	4.471676e-06	4.070384e-09	3.172682e+01	2.666782e+02
1.140000e-06	4.598063e-06	4.161781e-09	3.262355e+01	2.731293e+02
1.150000e-06	4.722961e-06	4.251815e-09	3.350971e+01	2.792844e+02
1.160000e-06	4.846243e-06	4.342558e-09	3.438441e+01	2.851516e+02
1.170000e-06	4.967879e-06	4.428318e-09	3.524742e+01	2.907405e+02
1.180000e-06	5.087687e-06	4.508355e-09	3.609746e+01	2.960638e+02
1.190000e-06	5.205514e-06	4.584329e-09	3.693346e+01	3.011381e+02
1.200000e-06	5.321342e-06	4.660661e-09	3.775526e+01	3.059831e+02
1.210000e-06	5.435114e-06	4.736351e-09	3.856248e+01	3.106210e+02
1.220000e-06	5.546807e-06	4.806083e-09	3.935495e+01	3.150738e+02
1.230000e-06	5.656556e-06	4.868473e-09	4.013363e+01	3.193621e+02
1.240000e-06	5.764387e-06	4.925549e-09	4.089869e+01	3.235021e+02
1.250000e-06	5.870158e-06	4.983264e-09	4.164915e+01	3.275047e+02
1.260000e-06	5.973769e-06	5.042142e-09	4.238427e+01	3.313745e+02
1.270000e-06	6.075170e-06	5.099560e-09	4.310372e+01	3.351099e+02
1.280000e-06	6.174290e-06	5.152464e-09	4.380698e+01	3.387042e+02
1.290000e-06	6.271030e-06	5.201590e-09	4.449336e+01	3.421471e+02
1.300000e-06	6.365495e-06	5.252042e-09	4.516360e+01	3.454272e+02
1.310000e-06	6.457744e-06	5.300674e-09	4.581811e+01	3.485342e+02
1.320000e-06	6.547646e-06	5.342556e-09	4.645596e+01	3.514612e+02
1.330000e-06	6.635159e-06	5.380364e-09	4.707688e+01	3.542063e+02
1.340000e-06	6.720366e-06	5.417384e-09	4.768142e+01	3.567733e+02
1.350000e-06	6.803286e-06	5.455023e-09	4.826975e+01	3.591720e+02
1.360000e-06	6.883705e-06	5.490648e-09	4.884033e+01	3.614169e+02
1.370000e-06	6.961535e-06	5.523831e-09	4.939254e+01	3.635259e+02
1.380000e-06	7.036821e-06	5.555381e-09	4.992669e+01	3.655180e+02
1.390000e-06	7.109456e-06	5.585368e-09	5.044205e+01	3.674114e+02
1.400000e-06	7.179477e-06	5.612907e-09	5.093885e+01	3.692209e+02
1.410000e-06	7.246972e-06	5.638295e-09	5.141773e+01	3.709568e+02
1.420000e-06	7.311873e-06	5.663090e-09	5.187820e+01	3.726242e+02
1.430000e-06	7.374195e-06	5.686349e-09	5.232039e+01	3.742226e+02
1.440000e-06	7.434062e-06	5.708717e-09	5.274515e+01	3.757471e+02
1.450000e-06	7.491327e-06	5.730719e-09	5.315144e+01	3.771895e+02
1.460000e-06	7.545911e-06	5.750276e-09	5.353872e+01	3.785409e+02
1.470000e-06	7.597566e-06	5.766643e-09	5.390522e+01	3.797928e+02
1.480000e-06	7.646007e-06	5.782670e-09	5.424891e+01	3.809396e+02
1.490000e-06	7.691618e-06	5.798214e-09	5.457252e+01	3.819796e+02
1.500000e-06	7.734631e-06	5.811888e-09	5.487770e+01	3.829158e+02
1.510000e-06	7.774847e-06	5.826219e-09	5.516303e+01	3.837554e+02
1.520000e-06	7.812308e-06	5.840594e-09	5.542882e+01	3.845092e+02
1.530000e-06	7.847064e-06	5.854229e-09	5.567542e+01	3.851900e+02
1.540000e-06	7.878928e-06	5.865210e-09	5.590150e+01	3.858106e+02
1.550000e-06	7.908014e-06	5.873087e-09	5.610787e+01	3.863820e+02
1.560000e-06	7.934280e-06	5.880201e-09	5.629423e+01	3.869118e+02
1.570000e-06	7.957578e-06	5.887837e-09	5.645953e+01	3.874025e+02
1.580000e-06	7.978179e-06	5.893652e-09	5.660569e+01	3.878517e+02
1.590000e-06	7.995993e-06	5.897374e-09	5.673208e+01	3.882522e+02
1.600000e-06	8.010791e-06	5.901318e-09	5.683707e+01	3.885927e+02
1.610000e-06	8.022473e-06	5.907134e-09	5.691996e+01	3.888601e+02
1.620000e-06	8.031031e-06	5.913273e-09	5.698068e+01	3.890413e+02
1.630000e-06	8.036703e-06	5.916434e-09	5.702092e+01	3.891251e+02
1.640000e-06	8.039578e-06	5.917241e-09	5.704132e+01	3.891047e+02
1.650000e-06	8.039603e-06	5.915091e-09	5.704150e+01	3.889786e+02
1.660000e-06	8.036905e-06	5.908860e-09	5.702236e+01	3.887517e+02
1.670000e-06	8.031511e-06	5.901852e-09	5.698408e+01	3.884347e+02
1.680000e-06	8.023415e-06	5.893936e-09	5.692664e+01	3.880436e+02
1.690000e-06	8.012687e-06	5.886027e-09	5.685053e+01	3.875977e+02
1.700000e-06	7.999093e-06	5.881902e-09	5.675407e+01	3.871178e+02
1.710000e-06	7.982792e-06	5.881845e-09	5.663842e+01	3.866233e+02
1.720000e-06	7.964142e-06	5.880286e-09	5.650610e+01	3.861306e+02
1.730000e-06	7.943125e-06	5.823502e-09	5.635698e+01	3.856504e+02
1.740000e-06	7.919200e-06	5.794463e-09	5.618723e+01	3.851873e+02
1.750000e-06	7.891685e-06	5.808348e-09	5.599201e+01	3.847384e+02
1.760000e-06	7.860593e-06	5.800973e-09	5.577141e+01	3.842942e+02
1.770000e-06	7.826675e-06	5.799603e-09	5.553076e+01	3.838393e+02
1.780000e-06	7.790458e-06	5.853167e-09	5.527380e+01	3.833540e+02
1.790000e-06	7.751878e-06	5.872163e-09	5.500007e+01	3.828165e+02
1.800000e-06	7.711246e-06	5.803292e-09	5.471179e+01	3.822047e+02
1.810000e-06	7.668428e-06	5.825892e-09	5.440799e+01	3.814984e+02
1.820000e-06	7.622933e-06	5.810617e-09	5.408520e+01	3.806814e+02
1.830000e-06	7.574741e-06	5.805517e-09	5.374327e+01	3.797417e+02
1.840000e-06	7.523537e-06	5.838003e-09	5.337997e+01	3.786732e+02
1.850000e-06	7.469273e-06	5.818675e-09	5.299497e+01	3.774750e+02
1.860000e-06	7.412265e-06	5.811578e-09	5.259050e+01	3.761510e+02
1.870000e-06	7.352564e-06	5.693305e-09	5.216691e+01	3.747091e+02
1.880000e-06	7.290178e-06	5.656513e-09	5.172428e+01	3.731597e+02
1.890000e-06	7.224994e-06	5.682524e-09	5.126179e+01	3.715146e+02
1.900000e-06	7.157067e-06	5.647033e-09	5.077985e+01	3.697855e+02
1.910000e-06	7.086312e-06	5.646500e-09	5.027784e+01	3.679830e+02
1.920000e-06	7.012756e-06	5.587715e-09	4.975596e+01	3.661158e+02
1.930000e-06	6.936550e-06	5.547072e-09	4.921527e+01	3.641899e+02
1.940000e-06	6.857565e-06	5.518575e-09	4.865486e+01	3.622087e+02
1.950000e-06	6.776046e-06	5.520739e-09	4.807648e+01	3.601729e+02
1.960000e-06	6.692012e-06	5.505576e-09	4.748025e+01	3.580812e+02
1.970000e-06	6.605439e-06	5.425780e-09	4.686601e+01	3.559299e+02
1.980000e-06	6.516462e-06	5.389507e-09	4.623472e+01	3.537146e+02
1.990000e-06	6.425240e-06	5.351041e-09	4.558749e+01	3.514295e+02
2.000000e-06	6.331811e-06	5.344067e-09	4.492461e+01	3.490692e+02
2.010000e-06	6.235986e-06	5.313817e-09	4.424472e+01	3.466281e+02
2.020000e-06	6.137960e-06	5.265592e-09	4.354922e+01	3.441015e+02
2.030000e-06	6.037706e-06	5.188458e-09	4.283791e+01	3.414854e+02
2.040000e-06	5.935254e-06	5.128675e-09	4.211101e+01	3.387771e+02
2.050000e-06	5.830732e-06	5.135302e-09	4.136941e+01	3.359748e+02
2.060000e-06	5.724273e-06	5.123071e-09	4.061408e+01	3.330781e+02
2.070000e-06	5.615952e-06	5.067864e-09	3.984554e+01	3.300874e+02
2.080000e-06	5.505526e-06	4.985772e-09	3.906206e+01	3.270038e+02
2.090000e-06	5.393061e-06	4.922915e-09	3.826411e+01	3.238290e+02
2.100000e-06	5.278614e-06	4.866565e-09	3.745210e+01	3.205643e+02
2.110000e-06	5.162073e-06	4.849245e-09	3.662524e+01	3.172107e+02
2.120000e-06	5.043485e-06	4.835776e-09	3.578385e+01	3.137680e+02
2.130000e-06	4.922986e-06	4.770211e-09	3.492890e+01	3.102346e+02
2.140000e-06	4.800683e-06	4.665495e-09	3.406115e+01	3.066075e+02
2.150000e-06	4.676689e-06	4.595685e-09	3.318141e+01	3.028817e+02
2.160000e-06	4.550937e-06	4.567000e-09	3.228919e+01	2.990509e+02
2.170000e-06	4.423534e-06	4.517896e-09	3.138526e+01	2.951076e+02
2.180000e-06	4.294582e-06	4.448790e-09	3.047033e+01	2.910438e+02
2.190000e-06	4.164149e-06	4.379653e-09	2.954490e+01	2.868521e+02
2.200000e-06	4.032140e-06	4.306796e-09	2.860829e+01	2.825258e+02
2.210000e-06	3.898466e-06	4.234274e-09	2.765986e+01	2.780602e+02
2.220000e-06	3.763344e-06	4.186737e-09	2.670116e+01	2.734528e+02
2.230000e-06	3.626842e-06	4.131919e-09	2.573268e+01	2.687038e+02
2.240000e-06	3.489021e-06	4.039235e-09	2.475482e+01	2.638154e+02
2.250000e-06	3.349767e-06	3.937314e-09	2.376681e+01	2.587916e+02
2.260000e-06	3.209088e-06	3.869539e-09	2.276868e+01	2.536373e+02
2.270000e-06	3.067160e-06	3.812885e-09	2.176170e+01	2.483565e+02
2.280000e-06	2.924194e-06	3.731041e-09	2.074735e+01	2.429516e+02
2.290000e-06	2.780161e-06	3.632030e-09	1.972542e+01	2.374220e+02
2.300000e-06	2.635068e-06	3.533433e-09	1.869597e+01	2.317627e+02
2.310000e-06	2.489139e-06	3.442015e-09	1.766060e+01	2.259647e+02
2.320000e-06	2.342491e-06	3.363920e-09	1.662012e+01	2.200142e+02
2.330000e-06	2.195098e-06	3.293487e-09	1.557436e+01	2.138940e+02
2.340000e-06	2.046815e-06	3.202665e-09	1.452228e+01	2.075843e+02
2.350000e-06	1.897722e-06	3.082574e-09	1.346446e+01	2.010645e+02
2.360000e-06	1.747947e-06	2.961493e-09	1.240180e+01	1.943154e+02
2.370000e-06	1.597648e-06	2.861019e-09	1.133542e+01	1.873202e+02
2.380000e-06	1.446943e-06	2.767487e-09	1.026615e+01	1.800665e+02
2.390000e-06	1.295807e-06	2.659537e-09	9.193835e+00	1.725468e+02
2.400000e-06	1.144184e-06	2.534842e-09	8.118058e+00	1.647578e+02
2.410000e-06	9.920918e-07	2.403190e-09	7.038955e+00	1.567004e+02
2.420000e-06	8.396957e-07	2.274690e-09	5.957695e+00	1.483765e+02
2.430000e-06	6.870618e-07	2.153261e-09	4.874748e+00	1.397876e+02
2.440000e-06	5.341685e-07	2.028918e-09	3.789960e+00	1.309313e+02
2.450000e-06	3.810747e-07	1.889870e-09	2.703749e+00	1.217988e+02
2.460000e-06	2.278764e-07	1.739001e-09	1.616798e+00	1.123728e+02
2.470000e-06	7.459803e-08	1.586112e-09	5.292778e-01	1.026265e+02
2.480000e-06	-7.873492e-08	1.433879e-09	-5.586293e-01	9.252397e+01
2.490000e-06	-2.320845e-07	1.276724e-09	-1.646654e+00	8.202164e+01
2.500000e-06	-3.853866e-07	1.110018e-09	-2.734343e+00	7.107208e+01
2.510000e-06	-5.385428e-07	9.317838e-10	-3.820996e+00	5.962855e+01
2.520000e-06	-6.915393e-07	7.461514e-10	-4.906516e+00	4.765074e+01
2.530000e-06	-8.443414e-07	5.608541e-10	-5.990657e+00	3.511084e+01
2.540000e-06	-9.968474e-07	3.720801e-10	-7.072696e+00	2.199935e+01
2.550000e-06	-1.148959e-06	1.666724e-10	-8.151935e+00	8.329925e+00
2.560000e-06	-1.300642e-06	-5.687150e-11	-9.228136e+00	-5.857384e+00
2.570000e-06	-1.451878e-06	-2.865969e-10	-1.030117e+01	-2.049493e+01
2.580000e-06	-1.602580e-06	-5.164243e-10	-1.137041e+01	-3.548862e+01
2.590000e-06	-1.752712e-06	-7.481627e-10	-1.243560e+01	-5.072146e+01
2.600000e-06	-1.902304e-06	-9.845735e-10	-1.349697e+01	-6.605923e+01
2.610000e-06	-2.051158e-06	-1.223007e-09	-1.455310e+01	-8.135778e+01
2.620000e-06	-2.199052e-06	-1.460749e-09	-1.560242e+01	-9.647140e+01
2.630000e-06	-2.346034e-06	-1.691268e-09	-1.664526e+01	-1.112613e+02
2.640000e-06	-2.492164e-06	-1.909110e-09	-1.768206e+01	-1.256035e+02
2.650000e-06	-2.637465e-06	-2.116244e-09	-1.871299e+01	-1.393956e+02
2.660000e-06	-2.781790e-06	-2.315164e-09	-1.973698e+01	-1.525610e+02
2.670000e-06	-2.924985e-06	-2.505801e-09	-2.075296e+01	-1.650513e+02
2.680000e-06	-3.067138e-06	-2.684688e-09	-2.176154e+01	-1.768466e+02
2.690000e-06	-3.208091e-06	-2.852980e-09	-2.276161e+01	-1.879523e+02
2.700000e-06	-3.347615e-06	-3.011306e-09	-2.375155e+01	-1.983953e+02
2.710000e-06	-3.485819e-06	-3.159421e-09	-2.473211e+01	-2.082181e+02
2.720000e-06	-3.622770e-06	-3.302479e-09	-2.570378e+01	-2.174729e+02
2.730000e-06	-3.758376e-06	-3.441350e-09	-2.666592e+01	-2.262151e+02
2.740000e-06	-3.892683e-06	-3.572225e-09	-2.761883e+01	-2.344984e+02
2.750000e-06	-4.025620e-06	-3.693036e-09	-2.856203e+01	-2.423702e+02
2.760000e-06	-4.157009e-06	-3.806143e-09	-2.949425e+01	-2.498696e+02
2.770000e-06	-4.287005e-06	-3.914918e-09	-3.041657e+01	-2.570263e+02
2.780000e-06	-4.415632e-06	-4.019983e-09	-3.132919e+01	-2.638611e+02
2.790000e-06	-4.542711e-06	-4.118141e-09	-3.223083e+01	-2.703881e+02
2.800000e-06	-4.668234e-06	-4.209158e-09	-3.312142e+01	-2.766170e+02
2.810000e-06	-4.792068e-06	-4.296289e-09	-3.400003e+01	-2.825559e+02
2.820000e-06	-4.914197e-06	-4.381748e-09	-3.486654e+01	-2.882139e+02
2.830000e-06	-5.034660e-06	-4.465666e-09	-3.572124e+01	-2.936027e+02
2.840000e-06	-5.153212e-06	-4.546234e-09	-3.656237e+01	-2.987380e+02
2.850000e-06	-5.269621e-06	-4.622665e-09	-3.738830e+01	-3.036389e+02
2.860000e-06	-5.383819e-06	-4.695964e-09	-3.819854e+01	-3.083270e+02
2.870000e-06	-5.495816e-06	-4.767357e-09	-3.899317e+01	-3.128246e+02
2.880000e-06	-5.605663e-06	-4.837414e-09	-3.977254e+01	-3.171528e+02
2.890000e-06	-5.713536e-06	-4.905288e-09	-4.053790e+01	-3.213292e+02
2.900000e-06	-5.819555e-06	-4.970173e-09	-4.129011e+01	-3.253660e+02
2.910000e-06	-5.923511e-06	-5.031979e-09	-4.202769e+01	-3.292694e+02
2.920000e-06	-6.025226e-06	-5.088775e-09	-4.274936e+01	-3.330395e+02
2.930000e-06	-6.124699e-06	-5.141942e-09	-4.345513e+01	-3.366705e+02
2.940000e-06	-6.222018e-06	-5.193911e-09	-4.414561e+01	-3.401528e+02
2.950000e-06	-6.317189e-06	-5.243768e-09	-4.482086e+01	-3.434752e+02
2.960000e-06	-6.410023e-06	-5.291336e-09	-4.547952e+01	-3.466269e+02
2.970000e-06	-6.500537e-06	-5.337648e-09	-4.612173e+01	-3.495998e+02
2.980000e-06	-6.588766e-06	-5.381340e-09	-4.674772e+01	-3.523908e+02
2.990000e-06	-6.674598e-06	-5.422743e-09	-4.735670e+01	-3.550021e+02
3.000000e-06	-6.758012e-06	-5.461943e-09	-4.794852e+01	-3.574422e+02
3.010000e-06	-6.839071e-06	-5.497496e-09	-4.852365e+01	-3.597245e+02
3.020000e-06	-6.917624e-06	-5.530367e-09	-4.908098e+01	-3.618662e+02
3.030000e-06	-6.993433e-06	-5.562205e-09	-4.961886e+01	-3.638864e+02
3.040000e-06	-7.066597e-06	-5.592539e-09	-5.013795e+01	-3.658034e+02
3.050000e-06	-7.137169e-06	-5.620820e-09	-5.063867e+01	-3.676333e+02
3.060000e-06	-7.205166e-06	-5.647578e-09	-5.112111e+01	-3.693875e+02
3.070000e-06	-7.270648e-06	-5.672744e-09	-5.158572e+01	-3.710724e+02
3.080000e-06	-7.333615e-06	-5.697665e-09	-5.203247e+01	-3.726889e+02
3.090000e-06	-7.393935e-06	-5.720550e-09	-5.246044e+01	-3.742330e+02
3.100000e-06	-7.451575e-06	-5.743302e-09	-5.286940e+01	-3.756973e+02
3.110000e-06	-7.506549e-06	-5.762939e-09	-5.325945e+01	-3.770728e+02
3.120000e-06	-7.558630e-06	-5.779747e-09	-5.362896e+01	-3.783508e+02
3.130000e-06	-7.607571e-06	-5.795820e-09	-5.397621e+01	-3.795248e+02
3.140000e-06	-7.653591e-06	-5.810311e-09	-5.430272e+01	-3.805919e+02
3.150000e-06	-7.697174e-06	-5.827363e-09	-5.461194e+01	-3.815541e+02
3.160000e-06	-7.738290e-06	-5.844431e-09	-5.490366e+01	-3.824175e+02
3.170000e-06	-7.776646e-06	-5.860407e-09	-5.517580e+01	-3.831921e+02
3.180000e-06	-7.812170e-06	-5.872469e-09	-5.542784e+01	-3.838905e+02
3.190000e-06	-7.844907e-06	-5.881317e-09	-5.566012e+01	-3.845255e+02
3.200000e-06	-7.874768e-06	-5.888885e-09	-5.587198e+01	-3.851089e+02
3.210000e-06	-7.901793e-06	-5.895234e-09	-5.606373e+01	-3.856492e+02
3.220000e-06	-7.926042e-06	-5.899158e-09	-5.623577e+01	-3.861502e+02
3.230000e-06	-7.947343e-06	-5.902106e-09	-5.638691e+01	-3.866109e+02
3.240000e-06	-7.965802e-06	-5.907122e-09	-5.651787e+01	-3.870250e+02
3.250000e-06	-7.981468e-06	-5.913778e-09	-5.662902e+01	-3.873822e+02
3.260000e-06	-7.993977e-06	-5.918329e-09	-5.671778e+01	-3.876697e+02
3.270000e-06	-8.003371e-06	-5.919544e-09	-5.678443e+01	-3.878741e+02
3.280000e-06	-8.009856e-06	-5.918060e-09	-5.683044e+01	-3.879837e+02
3.290000e-06	-8.013443e-06	-5.917721e-09	-5.685589e+01	-3.879902e+02
3.300000e-06	-8.014279e-06	-5.919468e-09	-5.686183e+01	-3.878909e+02
