# Temperatura_=_29.18
# Concentracion g/m^3_=_5000.0
# C_Vs_to_Am_M_A/Vsm_=_65563218390.804596
# pendiente_HvsI_1/m_=_3716.3
# ordenada_HvsI_A/m_=_1297.0
# frecuencia_Hz_=_302574.2433870374

Tiempo_(s)	Campo_(V.s)	Magnetizacion_(V.s)	Campo_(kA/m)	Magnetizacion_(A/m)
0.000000e+00	-7.952008e-06	-5.926762e-09	-5.685354e+01	-3.871808e+02
1.000000e-08	-7.948731e-06	-5.923113e-09	-5.683012e+01	-3.870189e+02
2.000000e-08	-7.942905e-06	-5.919444e-09	-5.678846e+01	-3.867779e+02
3.000000e-08	-7.934490e-06	-5.916499e-09	-5.672830e+01	-3.864679e+02
4.000000e-08	-7.923210e-06	-5.911651e-09	-5.664766e+01	-3.861026e+02
5.000000e-08	-7.908918e-06	-5.906000e-09	-5.654547e+01	-3.856976e+02
6.000000e-08	-7.891798e-06	-5.903336e-09	-5.642307e+01	-3.852686e+02
7.000000e-08	-7.872342e-06	-5.897536e-09	-5.628397e+01	-3.848296e+02
8.000000e-08	-7.850530e-06	-5.919856e-09	-5.612802e+01	-3.843912e+02
9.000000e-08	-7.825736e-06	-5.913510e-09	-5.595075e+01	-3.839591e+02
1.000000e-07	-7.797720e-06	-5.903219e-09	-5.575045e+01	-3.835336e+02
1.100000e-07	-7.766764e-06	-5.895965e-09	-5.552913e+01	-3.831094e+02
1.200000e-07	-7.733041e-06	-5.862020e-09	-5.528802e+01	-3.826761e+02
1.300000e-07	-7.696683e-06	-5.825921e-09	-5.502808e+01	-3.822191e+02
1.400000e-07	-7.658071e-06	-5.792526e-09	-5.475202e+01	-3.817215e+02
1.500000e-07	-7.617323e-06	-5.834079e-09	-5.446069e+01	-3.811658e+02
1.600000e-07	-7.574118e-06	-5.820791e-09	-5.415179e+01	-3.805351e+02
1.700000e-07	-7.528202e-06	-5.785966e-09	-5.382351e+01	-3.798154e+02
1.800000e-07	-7.479573e-06	-5.835585e-09	-5.347583e+01	-3.789961e+02
1.900000e-07	-7.427942e-06	-5.768775e-09	-5.310670e+01	-3.780709e+02
2.000000e-07	-7.373360e-06	-5.738287e-09	-5.271646e+01	-3.770379e+02
2.100000e-07	-7.316066e-06	-5.722942e-09	-5.230683e+01	-3.758994e+02
2.200000e-07	-7.256039e-06	-5.677528e-09	-5.187766e+01	-3.746608e+02
2.300000e-07	-7.193426e-06	-5.677301e-09	-5.143000e+01	-3.733297e+02
2.400000e-07	-7.128140e-06	-5.631376e-09	-5.096323e+01	-3.719148e+02
2.500000e-07	-7.060100e-06	-5.647696e-09	-5.047677e+01	-3.704245e+02
2.600000e-07	-6.989405e-06	-5.629098e-09	-4.997133e+01	-3.688665e+02
2.700000e-07	-6.915943e-06	-5.614745e-09	-4.944612e+01	-3.672462e+02
2.800000e-07	-6.839675e-06	-5.579434e-09	-4.890083e+01	-3.655672e+02
2.900000e-07	-6.760609e-06	-5.560908e-09	-4.833554e+01	-3.638309e+02
3.000000e-07	-6.678937e-06	-5.556968e-09	-4.775162e+01	-3.620363e+02
3.100000e-07	-6.595063e-06	-5.491664e-09	-4.715196e+01	-3.601813e+02
3.200000e-07	-6.508978e-06	-5.469386e-09	-4.653649e+01	-3.582622e+02
3.300000e-07	-6.420459e-06	-5.434284e-09	-4.590361e+01	-3.562751e+02
3.400000e-07	-6.329526e-06	-5.394836e-09	-4.525347e+01	-3.542159e+02
3.500000e-07	-6.236353e-06	-5.354592e-09	-4.458732e+01	-3.520807e+02
3.600000e-07	-6.140964e-06	-5.343329e-09	-4.390534e+01	-3.498661e+02
3.700000e-07	-6.043330e-06	-5.321520e-09	-4.320729e+01	-3.475696e+02
3.800000e-07	-5.943507e-06	-5.266744e-09	-4.249360e+01	-3.451891e+02
3.900000e-07	-5.841539e-06	-5.233336e-09	-4.176457e+01	-3.427230e+02
4.000000e-07	-5.737431e-06	-5.199274e-09	-4.102024e+01	-3.401701e+02
4.100000e-07	-5.631267e-06	-5.161713e-09	-4.026121e+01	-3.375295e+02
4.200000e-07	-5.523185e-06	-5.102772e-09	-3.948847e+01	-3.348002e+02
4.300000e-07	-5.413291e-06	-5.065475e-09	-3.870278e+01	-3.319814e+02
4.400000e-07	-5.301418e-06	-5.029066e-09	-3.790293e+01	-3.290720e+02
4.500000e-07	-5.187271e-06	-4.982046e-09	-3.708683e+01	-3.260710e+02
4.600000e-07	-5.071019e-06	-4.927594e-09	-3.625567e+01	-3.229769e+02
4.700000e-07	-4.953004e-06	-4.883721e-09	-3.541192e+01	-3.197881e+02
4.800000e-07	-4.833197e-06	-4.837830e-09	-3.455534e+01	-3.165024e+02
4.900000e-07	-4.711615e-06	-4.775750e-09	-3.368609e+01	-3.131173e+02
5.000000e-07	-4.588311e-06	-4.719654e-09	-3.280451e+01	-3.096297e+02
5.100000e-07	-4.463326e-06	-4.666037e-09	-3.191092e+01	-3.060357e+02
5.200000e-07	-4.336768e-06	-4.614234e-09	-3.100609e+01	-3.023310e+02
5.300000e-07	-4.208638e-06	-4.548491e-09	-3.009001e+01	-2.985108e+02
5.400000e-07	-4.079008e-06	-4.485556e-09	-2.916321e+01	-2.945696e+02
5.500000e-07	-3.947798e-06	-4.424618e-09	-2.822511e+01	-2.905023e+02
5.600000e-07	-3.815004e-06	-4.366658e-09	-2.727569e+01	-2.863038e+02
5.700000e-07	-3.680828e-06	-4.297149e-09	-2.631639e+01	-2.819693e+02
5.800000e-07	-3.545352e-06	-4.221100e-09	-2.534779e+01	-2.774952e+02
5.900000e-07	-3.408499e-06	-4.146977e-09	-2.436935e+01	-2.728782e+02
6.000000e-07	-3.270203e-06	-4.071949e-09	-2.338059e+01	-2.681162e+02
6.100000e-07	-3.130476e-06	-3.999826e-09	-2.238160e+01	-2.632075e+02
6.200000e-07	-2.989414e-06	-3.926861e-09	-2.137307e+01	-2.581504e+02
6.300000e-07	-2.847099e-06	-3.853418e-09	-2.035557e+01	-2.529427e+02
6.400000e-07	-2.703676e-06	-3.769458e-09	-1.933016e+01	-2.475813e+02
6.500000e-07	-2.559362e-06	-3.684102e-09	-1.829838e+01	-2.420613e+02
6.600000e-07	-2.414057e-06	-3.598403e-09	-1.725950e+01	-2.363756e+02
6.700000e-07	-2.267869e-06	-3.509533e-09	-1.621432e+01	-2.305148e+02
6.800000e-07	-2.121027e-06	-3.413188e-09	-1.516446e+01	-2.244674e+02
6.900000e-07	-1.973502e-06	-3.312593e-09	-1.410972e+01	-2.182201e+02
7.000000e-07	-1.825300e-06	-3.211757e-09	-1.305014e+01	-2.117584e+02
7.100000e-07	-1.676568e-06	-3.106538e-09	-1.198676e+01	-2.050677e+02
7.200000e-07	-1.527467e-06	-2.999716e-09	-1.092075e+01	-1.981345e+02
7.300000e-07	-1.377912e-06	-2.889417e-09	-9.851494e+00	-1.909469e+02
7.400000e-07	-1.227825e-06	-2.777411e-09	-8.778435e+00	-1.834957e+02
7.500000e-07	-1.077271e-06	-2.659685e-09	-7.702042e+00	-1.757744e+02
7.600000e-07	-9.263543e-07	-2.541755e-09	-6.623048e+00	-1.677787e+02
7.700000e-07	-7.751508e-07	-2.419716e-09	-5.542006e+00	-1.595061e+02
7.800000e-07	-6.236738e-07	-2.290044e-09	-4.459008e+00	-1.509544e+02
7.900000e-07	-4.719863e-07	-2.154441e-09	-3.374506e+00	-1.421199e+02
8.000000e-07	-3.201553e-07	-2.011667e-09	-2.288977e+00	-1.329956e+02
8.100000e-07	-1.682383e-07	-1.865146e-09	-1.202834e+00	-1.235698e+02
8.200000e-07	-1.625075e-08	-1.713746e-09	-1.161861e-01	-1.138246e+02
8.300000e-07	1.358888e-07	-1.557965e-09	9.715482e-01	-1.037359e+02
8.400000e-07	2.880435e-07	-1.394251e-09	2.059391e+00	-9.327390e+01
8.500000e-07	4.400733e-07	-1.225053e-09	3.146341e+00	-8.240452e+01
8.600000e-07	5.919496e-07	-1.052317e-09	4.232193e+00	-7.109258e+01
8.700000e-07	7.436088e-07	-8.749921e-10	5.316493e+00	-5.930534e+01
8.800000e-07	8.950748e-07	-6.900371e-10	6.399412e+00	-4.701684e+01
8.900000e-07	1.046346e-06	-4.975756e-10	7.480939e+00	-3.421248e+01
9.000000e-07	1.197280e-06	-2.977152e-10	8.560050e+00	-2.089326e+01
9.100000e-07	1.347784e-06	-8.989161e-11	9.636095e+00	-7.079311e+00
9.200000e-07	1.497734e-06	1.252570e-10	1.070817e+01	7.187868e+00
9.300000e-07	1.647077e-06	3.488918e-10	1.177591e+01	2.184469e+01
9.400000e-07	1.795933e-06	5.753841e-10	1.284017e+01	3.680655e+01
9.500000e-07	1.944289e-06	8.069063e-10	1.390085e+01	5.197069e+01
9.600000e-07	2.092004e-06	1.042082e-09	1.495696e+01	6.722066e+01
9.700000e-07	2.238848e-06	1.275901e-09	1.600683e+01	8.243207e+01
9.800000e-07	2.384784e-06	1.504910e-09	1.705021e+01	9.747901e+01
9.900000e-07	2.529857e-06	1.728945e-09	1.808742e+01	1.122408e+02
1.000000e-06	2.673949e-06	1.946701e-09	1.911762e+01	1.266080e+02
1.010000e-06	2.817035e-06	2.156885e-09	2.014063e+01	1.404880e+02
1.020000e-06	2.959049e-06	2.357050e-09	2.115597e+01	1.538084e+02
1.030000e-06	3.099941e-06	2.544583e-09	2.216329e+01	1.665193e+02
1.040000e-06	3.239579e-06	2.723476e-09	2.316164e+01	1.785935e+02
1.050000e-06	3.377767e-06	2.894618e-09	2.414963e+01	1.900250e+02
1.060000e-06	3.514626e-06	3.057465e-09	2.512811e+01	2.008257e+02
1.070000e-06	3.650228e-06	3.211692e-09	2.609761e+01	2.110220e+02
1.080000e-06	3.784453e-06	3.360207e-09	2.705727e+01	2.206496e+02
1.090000e-06	3.917354e-06	3.501692e-09	2.800745e+01	2.297494e+02
1.100000e-06	4.048897e-06	3.635393e-09	2.894793e+01	2.383632e+02
1.110000e-06	4.178901e-06	3.764143e-09	2.987740e+01	2.465304e+02
1.120000e-06	4.307401e-06	3.885289e-09	3.079612e+01	2.542862e+02
1.130000e-06	4.434422e-06	3.997289e-09	3.170427e+01	2.616599e+02
1.140000e-06	4.559967e-06	4.098959e-09	3.260187e+01	2.686754e+02
1.150000e-06	4.684029e-06	4.195347e-09	3.348886e+01	2.753521e+02
1.160000e-06	4.806397e-06	4.291288e-09	3.436374e+01	2.817061e+02
1.170000e-06	4.926988e-06	4.382079e-09	3.522592e+01	2.877519e+02
1.180000e-06	5.045831e-06	4.467693e-09	3.607559e+01	2.935042e+02
1.190000e-06	5.162866e-06	4.550579e-09	3.691234e+01	2.989785e+02
1.200000e-06	5.277896e-06	4.633335e-09	3.773476e+01	3.041919e+02
1.210000e-06	5.390813e-06	4.713730e-09	3.854207e+01	3.091627e+02
1.220000e-06	5.501750e-06	4.789880e-09	3.933522e+01	3.139102e+02
1.230000e-06	5.610790e-06	4.857448e-09	4.011482e+01	3.184527e+02
1.240000e-06	5.717837e-06	4.917465e-09	4.088016e+01	3.228069e+02
1.250000e-06	5.822768e-06	4.976843e-09	4.163037e+01	3.269859e+02
1.260000e-06	5.925503e-06	5.036770e-09	4.236488e+01	3.309991e+02
1.270000e-06	6.026153e-06	5.095763e-09	4.308449e+01	3.348509e+02
1.280000e-06	6.124571e-06	5.150449e-09	4.378813e+01	3.385415e+02
1.290000e-06	6.220579e-06	5.203195e-09	4.447455e+01	3.420673e+02
1.300000e-06	6.314389e-06	5.256063e-09	4.514526e+01	3.454227e+02
1.310000e-06	6.405986e-06	5.304916e-09	4.580013e+01	3.486012e+02
1.320000e-06	6.495291e-06	5.348216e-09	4.643862e+01	3.515976e+02
1.330000e-06	6.582255e-06	5.388888e-09	4.706038e+01	3.544094e+02
1.340000e-06	6.666924e-06	5.426523e-09	4.766573e+01	3.570380e+02
1.350000e-06	6.749272e-06	5.461547e-09	4.825448e+01	3.594892e+02
1.360000e-06	6.829092e-06	5.496001e-09	4.882516e+01	3.617732e+02
1.370000e-06	6.906422e-06	5.529830e-09	4.937804e+01	3.639038e+02
1.380000e-06	6.981172e-06	5.561115e-09	4.991247e+01	3.658974e+02
1.390000e-06	7.053242e-06	5.591517e-09	5.042774e+01	3.677708e+02
1.400000e-06	7.122819e-06	5.621378e-09	5.092519e+01	3.695399e+02
1.410000e-06	7.189902e-06	5.647761e-09	5.140481e+01	3.712183e+02
1.420000e-06	7.254372e-06	5.670340e-09	5.186574e+01	3.728156e+02
1.430000e-06	7.316377e-06	5.691273e-09	5.230905e+01	3.743372e+02
1.440000e-06	7.375926e-06	5.712333e-09	5.273480e+01	3.757840e+02
1.450000e-06	7.432836e-06	5.731485e-09	5.314169e+01	3.771536e+02
1.460000e-06	7.487070e-06	5.748450e-09	5.352943e+01	3.784408e+02
1.470000e-06	7.538327e-06	5.764083e-09	5.389590e+01	3.796396e+02
1.480000e-06	7.586453e-06	5.779944e-09	5.423998e+01	3.807445e+02
1.490000e-06	7.631822e-06	5.795033e-09	5.456435e+01	3.817520e+02
1.500000e-06	7.674612e-06	5.808263e-09	5.487028e+01	3.826616e+02
1.510000e-06	7.714614e-06	5.822199e-09	5.515628e+01	3.834764e+02
1.520000e-06	7.751889e-06	5.835506e-09	5.542278e+01	3.842028e+02
1.530000e-06	7.786457e-06	5.845761e-09	5.566992e+01	3.848499e+02
1.540000e-06	7.818196e-06	5.853556e-09	5.589685e+01	3.854283e+02
1.550000e-06	7.847198e-06	5.860461e-09	5.610420e+01	3.859486e+02
1.560000e-06	7.873430e-06	5.867514e-09	5.629174e+01	3.864201e+02
1.570000e-06	7.896743e-06	5.875520e-09	5.645842e+01	3.868490e+02
1.580000e-06	7.917272e-06	5.883382e-09	5.660519e+01	3.872382e+02
1.590000e-06	7.935023e-06	5.888347e-09	5.673211e+01	3.875863e+02
1.600000e-06	7.949742e-06	5.892589e-09	5.683735e+01	3.878882e+02
1.610000e-06	7.961355e-06	5.896121e-09	5.692037e+01	3.881359e+02
1.620000e-06	7.969841e-06	5.898224e-09	5.698105e+01	3.883198e+02
1.630000e-06	7.975434e-06	5.897903e-09	5.702103e+01	3.884305e+02
1.640000e-06	7.978270e-06	5.896615e-09	5.704131e+01	3.884602e+02
1.650000e-06	7.978297e-06	5.892933e-09	5.704150e+01	3.884045e+02
1.660000e-06	7.975659e-06	5.890345e-09	5.702264e+01	3.882632e+02
1.670000e-06	7.970369e-06	5.887197e-09	5.698482e+01	3.880409e+02
1.680000e-06	7.962403e-06	5.882987e-09	5.692787e+01	3.877467e+02
1.690000e-06	7.951788e-06	5.878969e-09	5.685197e+01	3.873935e+02
1.700000e-06	7.938355e-06	5.874611e-09	5.675593e+01	3.869966e+02
1.710000e-06	7.922233e-06	5.869594e-09	5.664066e+01	3.865719e+02
1.720000e-06	7.903833e-06	5.862597e-09	5.650912e+01	3.861339e+02
1.730000e-06	7.883089e-06	5.809363e-09	5.636081e+01	3.856943e+02
1.740000e-06	7.859382e-06	5.813013e-09	5.619131e+01	3.852601e+02
1.750000e-06	7.832160e-06	5.806783e-09	5.599668e+01	3.848330e+02
1.760000e-06	7.801404e-06	5.800430e-09	5.577679e+01	3.844089e+02
1.770000e-06	7.767778e-06	5.820665e-09	5.553638e+01	3.839788e+02
1.780000e-06	7.731881e-06	5.868321e-09	5.527973e+01	3.835289e+02
1.790000e-06	7.693662e-06	5.812643e-09	5.500648e+01	3.830429e+02
1.800000e-06	7.653327e-06	5.774253e-09	5.471810e+01	3.825030e+02
1.810000e-06	7.610743e-06	5.837326e-09	5.441364e+01	3.818922e+02
1.820000e-06	7.565473e-06	5.762068e-09	5.408998e+01	3.811956e+02
1.830000e-06	7.517583e-06	5.844816e-09	5.374759e+01	3.804017e+02
1.840000e-06	7.466802e-06	5.813501e-09	5.338453e+01	3.795030e+02
1.850000e-06	7.413028e-06	5.781432e-09	5.300007e+01	3.784966e+02
1.860000e-06	7.356476e-06	5.804719e-09	5.259574e+01	3.773838e+02
1.870000e-06	7.297333e-06	5.719496e-09	5.217290e+01	3.761692e+02
1.880000e-06	7.235641e-06	5.772527e-09	5.173182e+01	3.748602e+02
1.890000e-06	7.171110e-06	5.704112e-09	5.127045e+01	3.734651e+02
1.900000e-06	7.103837e-06	5.664954e-09	5.078948e+01	3.719926e+02
1.910000e-06	7.033784e-06	5.646990e-09	5.028862e+01	3.704506e+02
1.920000e-06	6.960912e-06	5.607344e-09	4.976762e+01	3.688452e+02
1.930000e-06	6.885356e-06	5.612890e-09	4.922743e+01	3.671804e+02
1.940000e-06	6.807032e-06	5.544262e-09	4.866744e+01	3.654580e+02
1.950000e-06	6.726119e-06	5.565997e-09	4.808895e+01	3.636779e+02
1.960000e-06	6.642754e-06	5.525418e-09	4.749293e+01	3.618380e+02
1.970000e-06	6.556933e-06	5.484362e-09	4.687934e+01	3.599350e+02
1.980000e-06	6.468692e-06	5.469831e-09	4.624846e+01	3.579650e+02
1.990000e-06	6.378161e-06	5.442833e-09	4.560119e+01	3.559239e+02
2.000000e-06	6.285440e-06	5.411298e-09	4.493828e+01	3.538077e+02
2.010000e-06	6.190422e-06	5.340119e-09	4.425894e+01	3.516130e+02
2.020000e-06	6.093158e-06	5.334383e-09	4.356354e+01	3.493369e+02
2.030000e-06	5.993787e-06	5.296908e-09	4.285308e+01	3.469772e+02
2.040000e-06	5.892242e-06	5.267489e-09	4.212708e+01	3.445323e+02
2.050000e-06	5.788515e-06	5.220760e-09	4.138547e+01	3.420009e+02
2.060000e-06	5.682789e-06	5.187311e-09	4.062957e+01	3.393820e+02
2.070000e-06	5.575221e-06	5.138573e-09	3.986051e+01	3.366747e+02
2.080000e-06	5.465776e-06	5.080743e-09	3.907802e+01	3.338780e+02
2.090000e-06	5.354280e-06	5.051325e-09	3.828087e+01	3.309911e+02
2.100000e-06	5.240735e-06	5.010764e-09	3.746907e+01	3.280128e+02
2.110000e-06	5.125220e-06	4.965013e-09	3.664319e+01	3.249419e+02
2.120000e-06	5.007713e-06	4.904758e-09	3.580306e+01	3.217766e+02
2.130000e-06	4.888279e-06	4.866882e-09	3.494916e+01	3.185150e+02
2.140000e-06	4.767008e-06	4.817296e-09	3.408212e+01	3.151548e+02
2.150000e-06	4.644050e-06	4.767036e-09	3.320303e+01	3.116928e+02
2.160000e-06	4.519373e-06	4.708613e-09	3.231163e+01	3.081255e+02
2.170000e-06	4.392977e-06	4.656714e-09	3.140796e+01	3.044487e+02
2.180000e-06	4.264964e-06	4.597665e-09	3.049271e+01	3.006575e+02
2.190000e-06	4.135384e-06	4.537322e-09	2.956628e+01	2.967468e+02
2.200000e-06	4.004378e-06	4.476209e-09	2.862964e+01	2.927112e+02
2.210000e-06	3.871924e-06	4.411595e-09	2.768264e+01	2.885456e+02
2.220000e-06	3.737931e-06	4.346838e-09	2.672465e+01	2.842452e+02
2.230000e-06	3.602466e-06	4.279975e-09	2.575613e+01	2.798060e+02
2.240000e-06	3.465655e-06	4.218241e-09	2.477799e+01	2.752247e+02
2.250000e-06	3.327524e-06	4.151344e-09	2.379041e+01	2.704989e+02
2.260000e-06	3.188173e-06	4.078601e-09	2.279411e+01	2.656267e+02
2.270000e-06	3.047544e-06	3.994625e-09	2.178867e+01	2.606065e+02
2.280000e-06	2.905611e-06	3.910724e-09	2.077391e+01	2.554364e+02
2.290000e-06	2.762498e-06	3.829567e-09	1.975071e+01	2.501136e+02
2.300000e-06	2.618338e-06	3.749219e-09	1.872003e+01	2.446334e+02
2.310000e-06	2.473336e-06	3.661723e-09	1.768332e+01	2.389896e+02
2.320000e-06	2.327638e-06	3.572191e-09	1.664164e+01	2.331733e+02
2.330000e-06	2.181211e-06	3.482698e-09	1.559475e+01	2.271735e+02
2.340000e-06	2.033994e-06	3.392369e-09	1.454221e+01	2.209772e+02
2.350000e-06	1.886163e-06	3.298621e-09	1.348528e+01	2.145701e+02
2.360000e-06	1.737729e-06	3.200314e-09	1.242404e+01	2.079377e+02
2.370000e-06	1.588738e-06	3.094933e-09	1.135882e+01	2.010660e+02
2.380000e-06	1.439225e-06	2.983592e-09	1.028986e+01	1.939427e+02
2.390000e-06	1.289242e-06	2.869845e-09	9.217546e+00	1.865579e+02
2.400000e-06	1.138859e-06	2.752551e-09	8.142370e+00	1.789042e+02
2.410000e-06	9.880798e-07	2.632092e-09	7.064359e+00	1.709771e+02
2.420000e-06	8.369380e-07	2.504851e-09	5.983758e+00	1.627737e+02
2.430000e-06	6.854078e-07	2.376372e-09	4.900380e+00	1.542917e+02
2.440000e-06	5.336172e-07	2.247393e-09	3.815141e+00	1.455281e+02
2.450000e-06	3.816009e-07	2.115054e-09	2.728287e+00	1.364768e+02
2.460000e-06	2.293784e-07	1.975788e-09	1.639960e+00	1.271275e+02
2.470000e-06	7.702329e-08	1.824855e-09	5.506844e-01	1.174639e+02
2.480000e-06	-7.542419e-08	1.668447e-09	-5.392515e-01	1.074634e+02
2.490000e-06	-2.278643e-07	1.508565e-09	-1.629135e+00	9.709748e+01
2.500000e-06	-3.801884e-07	1.347423e-09	-2.718189e+00	8.633294e+01
2.510000e-06	-5.323634e-07	1.181027e-09	-3.806177e+00	7.513458e+01
2.520000e-06	-6.843971e-07	1.005061e-09	-4.893154e+00	6.346864e+01
2.530000e-06	-8.361825e-07	8.190935e-10	-5.978357e+00	5.130705e+01
2.540000e-06	-9.876193e-07	6.247857e-10	-7.061067e+00	3.863194e+01
2.550000e-06	-1.138650e-06	4.239389e-10	-8.140873e+00	2.544005e+01
2.560000e-06	-1.289187e-06	2.152058e-10	-9.217147e+00	1.174645e+01
2.570000e-06	-1.439172e-06	-1.302469e-12	-1.028948e+01	-2.412824e+00
2.580000e-06	-1.588678e-06	-2.256615e-10	-1.135839e+01	-1.697968e+01
2.590000e-06	-1.737670e-06	-4.554764e-10	-1.242362e+01	-3.187457e+01
2.600000e-06	-1.885984e-06	-6.890405e-10	-1.348400e+01	-4.699891e+01
2.610000e-06	-2.033581e-06	-9.226951e-10	-1.453926e+01	-6.223918e+01
2.620000e-06	-2.180411e-06	-1.155724e-09	-1.558903e+01	-7.747239e+01
2.630000e-06	-2.326366e-06	-1.387027e-09	-1.663255e+01	-9.257237e+01
2.640000e-06	-2.471532e-06	-1.616296e-09	-1.767043e+01	-1.074165e+02
2.650000e-06	-2.615929e-06	-1.840877e-09	-1.870281e+01	-1.218921e+02
2.660000e-06	-2.759303e-06	-2.057023e-09	-1.972787e+01	-1.359018e+02
2.670000e-06	-2.901446e-06	-2.264604e-09	-2.074413e+01	-1.493680e+02
2.680000e-06	-3.042347e-06	-2.462594e-09	-2.175152e+01	-1.622350e+02
2.690000e-06	-3.182014e-06	-2.650096e-09	-2.275008e+01	-1.744701e+02
2.700000e-06	-3.320429e-06	-2.823869e-09	-2.373969e+01	-1.860620e+02
2.710000e-06	-3.457700e-06	-2.984050e-09	-2.472112e+01	-1.970188e+02
2.720000e-06	-3.593776e-06	-3.138850e-09	-2.569400e+01	-2.073634e+02
2.730000e-06	-3.728424e-06	-3.291111e-09	-2.665668e+01	-2.171297e+02
2.740000e-06	-3.861673e-06	-3.439530e-09	-2.760935e+01	-2.263578e+02
2.750000e-06	-3.993590e-06	-3.579683e-09	-2.855251e+01	-2.350896e+02
2.760000e-06	-4.124074e-06	-3.707822e-09	-2.948541e+01	-2.433653e+02
2.770000e-06	-4.253245e-06	-3.826777e-09	-3.040893e+01	-2.512212e+02
2.780000e-06	-4.380947e-06	-3.940009e-09	-3.132195e+01	-2.586883e+02
2.790000e-06	-4.506995e-06	-4.047180e-09	-3.222313e+01	-2.657917e+02
2.800000e-06	-4.631556e-06	-4.147960e-09	-3.311370e+01	-2.725518e+02
2.810000e-06	-4.754516e-06	-4.243580e-09	-3.399281e+01	-2.789853e+02
2.820000e-06	-4.875771e-06	-4.334712e-09	-3.485973e+01	-2.851072e+02
2.830000e-06	-4.995189e-06	-4.424061e-09	-3.571352e+01	-2.909318e+02
2.840000e-06	-5.112567e-06	-4.510766e-09	-3.655273e+01	-2.964743e+02
2.850000e-06	-5.227959e-06	-4.593053e-09	-3.737773e+01	-3.017515e+02
2.860000e-06	-5.341206e-06	-4.670894e-09	-3.818740e+01	-3.067815e+02
2.870000e-06	-5.452236e-06	-4.745088e-09	-3.898122e+01	-3.115834e+02
2.880000e-06	-5.561272e-06	-4.817123e-09	-3.976078e+01	-3.161758e+02
2.890000e-06	-5.668471e-06	-4.887063e-09	-4.052721e+01	-3.205759e+02
2.900000e-06	-5.773824e-06	-4.953903e-09	-4.128044e+01	-3.247980e+02
2.910000e-06	-5.876998e-06	-5.016240e-09	-4.201809e+01	-3.288523e+02
2.920000e-06	-5.977877e-06	-5.075659e-09	-4.273933e+01	-3.327446e+02
2.930000e-06	-6.076634e-06	-5.133893e-09	-4.344540e+01	-3.364760e+02
2.940000e-06	-6.173302e-06	-5.190464e-09	-4.413654e+01	-3.400438e+02
2.950000e-06	-6.267703e-06	-5.244916e-09	-4.481146e+01	-3.434427e+02
2.960000e-06	-6.359771e-06	-5.295670e-09	-4.546972e+01	-3.466663e+02
2.970000e-06	-6.449673e-06	-5.342359e-09	-4.611248e+01	-3.497089e+02
2.980000e-06	-6.537334e-06	-5.385477e-09	-4.673921e+01	-3.525672e+02
2.990000e-06	-6.622584e-06	-5.426191e-09	-4.734872e+01	-3.552415e+02
3.000000e-06	-6.705472e-06	-5.464897e-09	-4.794133e+01	-3.577365e+02
3.010000e-06	-6.786024e-06	-5.501213e-09	-4.851724e+01	-3.600614e+02
3.020000e-06	-6.863963e-06	-5.535006e-09	-4.907448e+01	-3.622293e+02
3.030000e-06	-6.939193e-06	-5.567093e-09	-4.961234e+01	-3.642558e+02
3.040000e-06	-7.011938e-06	-5.597637e-09	-5.013244e+01	-3.661580e+02
3.050000e-06	-7.082092e-06	-5.627306e-09	-5.063401e+01	-3.679521e+02
3.060000e-06	-7.149558e-06	-5.654860e-09	-5.111636e+01	-3.696524e+02
3.070000e-06	-7.214588e-06	-5.679955e-09	-5.158130e+01	-3.712696e+02
3.080000e-06	-7.277058e-06	-5.703179e-09	-5.202793e+01	-3.728101e+02
3.090000e-06	-7.336869e-06	-5.725167e-09	-5.245556e+01	-3.742761e+02
3.100000e-06	-7.394133e-06	-5.747239e-09	-5.286497e+01	-3.756657e+02
3.110000e-06	-7.448677e-06	-5.765100e-09	-5.325494e+01	-3.769743e+02
3.120000e-06	-7.500282e-06	-5.780422e-09	-5.362389e+01	-3.781961e+02
3.130000e-06	-7.548747e-06	-5.796678e-09	-5.397039e+01	-3.793252e+02
3.140000e-06	-7.594428e-06	-5.813690e-09	-5.429700e+01	-3.803575e+02
3.150000e-06	-7.637774e-06	-5.831226e-09	-5.460690e+01	-3.812918e+02
3.160000e-06	-7.678596e-06	-5.846215e-09	-5.489877e+01	-3.821301e+02
3.170000e-06	-7.716635e-06	-5.860239e-09	-5.517073e+01	-3.828781e+02
3.180000e-06	-7.751903e-06	-5.870862e-09	-5.542288e+01	-3.835444e+02
3.190000e-06	-7.784494e-06	-5.878643e-09	-5.565589e+01	-3.841392e+02
3.200000e-06	-7.814242e-06	-5.884430e-09	-5.586858e+01	-3.846734e+02
3.210000e-06	-7.841092e-06	-5.890759e-09	-5.606055e+01	-3.851566e+02
3.220000e-06	-7.865193e-06	-5.897390e-09	-5.623285e+01	-3.855961e+02
3.230000e-06	-7.886447e-06	-5.902413e-09	-5.638481e+01	-3.859955e+02
3.240000e-06	-7.904888e-06	-5.905901e-09	-5.651666e+01	-3.863545e+02
3.250000e-06	-7.920417e-06	-5.909733e-09	-5.662769e+01	-3.866689e+02
3.260000e-06	-7.932764e-06	-5.914233e-09	-5.671596e+01	-3.869313e+02
3.270000e-06	-7.942112e-06	-5.916490e-09	-5.678280e+01	-3.871324e+02
3.280000e-06	-7.948605e-06	-5.916536e-09	-5.682921e+01	-3.872625e+02
3.290000e-06	-7.952284e-06	-5.916089e-09	-5.685552e+01	-3.873133e+02
3.300000e-06	-7.953215e-06	-5.919137e-09	-5.686217e+01	-3.872795e+02
