# Temperatura_=_38.99
# Concentracion g/m^3_=_5000.0
# C_Vs_to_Am_M_A/Vsm_=_65563218390.804596
# pendiente_HvsI_1/m_=_3716.3
# ordenada_HvsI_A/m_=_1297.0
# frecuencia_Hz_=_302581.5697336432

Tiempo_(s)	Campo_(V.s)	Magnetizacion_(V.s)	Campo_(kA/m)	Magnetizacion_(A/m)
0.000000e+00	-8.040918e-06	-5.687222e-09	-5.684876e+01	-3.704497e+02
1.000000e-08	-8.038122e-06	-5.686737e-09	-5.682899e+01	-3.702497e+02
2.000000e-08	-8.032598e-06	-5.680082e-09	-5.678993e+01	-3.699567e+02
3.000000e-08	-8.024528e-06	-5.673132e-09	-5.673288e+01	-3.695850e+02
4.000000e-08	-8.013632e-06	-5.667099e-09	-5.665585e+01	-3.691544e+02
5.000000e-08	-7.999710e-06	-5.662313e-09	-5.655742e+01	-3.686885e+02
6.000000e-08	-7.982871e-06	-5.657293e-09	-5.643837e+01	-3.682118e+02
7.000000e-08	-7.963540e-06	-5.654232e-09	-5.630170e+01	-3.677470e+02
8.000000e-08	-7.941948e-06	-5.671332e-09	-5.614905e+01	-3.673124e+02
9.000000e-08	-7.917478e-06	-5.688108e-09	-5.597604e+01	-3.669196e+02
1.000000e-07	-7.889657e-06	-5.674904e-09	-5.577935e+01	-3.665720e+02
1.100000e-07	-7.858750e-06	-5.652036e-09	-5.556084e+01	-3.662642e+02
1.200000e-07	-7.825037e-06	-5.622769e-09	-5.532250e+01	-3.659824e+02
1.300000e-07	-7.788634e-06	-5.570620e-09	-5.506513e+01	-3.657058e+02
1.400000e-07	-7.749916e-06	-5.516118e-09	-5.479139e+01	-3.654084e+02
1.500000e-07	-7.709057e-06	-5.533364e-09	-5.450252e+01	-3.650616e+02
1.600000e-07	-7.665796e-06	-5.602658e-09	-5.419667e+01	-3.646372e+02
1.700000e-07	-7.619824e-06	-5.608499e-09	-5.387165e+01	-3.641094e+02
1.800000e-07	-7.571048e-06	-5.588437e-09	-5.352680e+01	-3.634575e+02
1.900000e-07	-7.519240e-06	-5.540755e-09	-5.316053e+01	-3.626674e+02
2.000000e-07	-7.464416e-06	-5.467067e-09	-5.277293e+01	-3.617320e+02
2.100000e-07	-7.406809e-06	-5.432600e-09	-5.236565e+01	-3.606516e+02
2.200000e-07	-7.346517e-06	-5.438097e-09	-5.193939e+01	-3.594332e+02
2.300000e-07	-7.283713e-06	-5.442792e-09	-5.149537e+01	-3.580885e+02
2.400000e-07	-7.218143e-06	-5.395231e-09	-5.103179e+01	-3.566332e+02
2.500000e-07	-7.149745e-06	-5.371628e-09	-5.054823e+01	-3.550841e+02
2.600000e-07	-7.078727e-06	-5.384366e-09	-5.004613e+01	-3.534578e+02
2.700000e-07	-7.004881e-06	-5.377413e-09	-4.952404e+01	-3.517688e+02
2.800000e-07	-6.928141e-06	-5.344729e-09	-4.898150e+01	-3.500286e+02
2.900000e-07	-6.848556e-06	-5.312113e-09	-4.841883e+01	-3.482444e+02
3.000000e-07	-6.766379e-06	-5.294748e-09	-4.783785e+01	-3.464194e+02
3.100000e-07	-6.681968e-06	-5.255283e-09	-4.724107e+01	-3.445527e+02
3.200000e-07	-6.595318e-06	-5.222174e-09	-4.662846e+01	-3.426401e+02
3.300000e-07	-6.506221e-06	-5.194338e-09	-4.599855e+01	-3.406749e+02
3.400000e-07	-6.414705e-06	-5.140134e-09	-4.535154e+01	-3.386487e+02
3.500000e-07	-6.320912e-06	-5.086413e-09	-4.468843e+01	-3.365530e+02
3.600000e-07	-6.224720e-06	-5.063596e-09	-4.400836e+01	-3.343796e+02
3.700000e-07	-6.126172e-06	-5.057508e-09	-4.331163e+01	-3.321217e+02
3.800000e-07	-6.025490e-06	-5.029410e-09	-4.259982e+01	-3.297739e+02
3.900000e-07	-5.922695e-06	-4.999053e-09	-4.187306e+01	-3.273333e+02
4.000000e-07	-5.817734e-06	-4.952976e-09	-4.113099e+01	-3.247987e+02
4.100000e-07	-5.710778e-06	-4.887979e-09	-4.037482e+01	-3.221706e+02
4.200000e-07	-5.601901e-06	-4.843343e-09	-3.960507e+01	-3.194512e+02
4.300000e-07	-5.491047e-06	-4.826080e-09	-3.882133e+01	-3.166431e+02
4.400000e-07	-5.378104e-06	-4.788887e-09	-3.802284e+01	-3.137494e+02
4.500000e-07	-5.262952e-06	-4.726660e-09	-3.720872e+01	-3.107727e+02
4.600000e-07	-5.145804e-06	-4.676338e-09	-3.638049e+01	-3.077147e+02
4.700000e-07	-5.026871e-06	-4.626697e-09	-3.553965e+01	-3.045755e+02
4.800000e-07	-4.906043e-06	-4.570671e-09	-3.468540e+01	-3.013538e+02
4.900000e-07	-4.783345e-06	-4.523800e-09	-3.381793e+01	-2.980461e+02
5.000000e-07	-4.658952e-06	-4.481517e-09	-3.293848e+01	-2.946474e+02
5.100000e-07	-4.532966e-06	-4.420089e-09	-3.204777e+01	-2.911511e+02
5.200000e-07	-4.405403e-06	-4.359104e-09	-3.114590e+01	-2.875495e+02
5.300000e-07	-4.276120e-06	-4.317839e-09	-3.023188e+01	-2.838344e+02
5.400000e-07	-4.145170e-06	-4.265204e-09	-2.930607e+01	-2.799979e+02
5.500000e-07	-4.012695e-06	-4.186688e-09	-2.836949e+01	-2.760329e+02
5.600000e-07	-3.878781e-06	-4.118692e-09	-2.742272e+01	-2.719337e+02
5.700000e-07	-3.743435e-06	-4.065400e-09	-2.646584e+01	-2.676965e+02
5.800000e-07	-3.606574e-06	-3.994332e-09	-2.549824e+01	-2.633195e+02
5.900000e-07	-3.468229e-06	-3.913880e-09	-2.452015e+01	-2.588027e+02
6.000000e-07	-3.328493e-06	-3.847740e-09	-2.353223e+01	-2.541476e+02
6.100000e-07	-3.187352e-06	-3.779568e-09	-2.253437e+01	-2.493564e+02
6.200000e-07	-3.044748e-06	-3.694589e-09	-2.152617e+01	-2.444311e+02
6.300000e-07	-2.900923e-06	-3.618835e-09	-2.050933e+01	-2.393726e+02
6.400000e-07	-2.756103e-06	-3.557624e-09	-1.948546e+01	-2.341795e+02
6.500000e-07	-2.610383e-06	-3.484846e-09	-1.845523e+01	-2.288474e+02
6.600000e-07	-2.463861e-06	-3.394121e-09	-1.741933e+01	-2.233684e+02
6.700000e-07	-2.316464e-06	-3.302215e-09	-1.637725e+01	-2.177314e+02
6.800000e-07	-2.168228e-06	-3.208934e-09	-1.532923e+01	-2.119218e+02
6.900000e-07	-2.019336e-06	-3.108035e-09	-1.427657e+01	-2.059230e+02
7.000000e-07	-1.869855e-06	-3.008308e-09	-1.321975e+01	-1.997173e+02
7.100000e-07	-1.719803e-06	-2.913501e-09	-1.215889e+01	-1.932873e+02
7.200000e-07	-1.569217e-06	-2.814874e-09	-1.109426e+01	-1.866175e+02
7.300000e-07	-1.418057e-06	-2.708181e-09	-1.002557e+01	-1.796949e+02
7.400000e-07	-1.266330e-06	-2.598719e-09	-8.952870e+00	-1.725102e+02
7.500000e-07	-1.114042e-06	-2.487097e-09	-7.876203e+00	-1.650578e+02
7.600000e-07	-9.612323e-07	-2.372884e-09	-6.795849e+00	-1.573348e+02
7.700000e-07	-8.081105e-07	-2.253673e-09	-5.713288e+00	-1.493400e+02
7.800000e-07	-6.547723e-07	-2.127367e-09	-4.629197e+00	-1.410720e+02
7.900000e-07	-5.011817e-07	-1.995540e-09	-3.543322e+00	-1.325266e+02
8.000000e-07	-3.474164e-07	-1.858743e-09	-2.456211e+00	-1.236953e+02
8.100000e-07	-1.935776e-07	-1.717006e-09	-1.368581e+00	-1.145627e+02
8.200000e-07	-3.965444e-08	-1.570483e-09	-2.803543e-01	-1.051061e+02
8.300000e-07	1.143676e-07	-1.418299e-09	8.085711e-01	-9.529489e+01
8.400000e-07	2.683769e-07	-1.260101e-09	1.897407e+00	-8.509201e+01
8.500000e-07	4.223187e-07	-1.097030e-09	2.985765e+00	-7.445659e+01
8.600000e-07	5.761528e-07	-9.284973e-10	4.073362e+00	-6.334755e+01
8.700000e-07	7.298417e-07	-7.552785e-10	5.159932e+00	-5.172844e+01
8.800000e-07	8.833605e-07	-5.753303e-10	6.245300e+00	-3.957270e+01
8.900000e-07	1.036654e-06	-3.850345e-10	7.329074e+00	-2.686888e+01
9.000000e-07	1.189614e-06	-1.855508e-10	8.410492e+00	-1.362537e+01
9.100000e-07	1.342077e-06	1.962529e-11	9.488396e+00	1.261518e-01
9.200000e-07	1.493925e-06	2.321588e-10	1.056195e+01	1.432887e+01
9.300000e-07	1.645087e-06	4.538981e-10	1.163066e+01	2.890102e+01
9.400000e-07	1.795604e-06	6.820021e-10	1.269480e+01	4.373823e+01
9.500000e-07	1.945489e-06	9.131701e-10	1.375448e+01	5.871785e+01
9.600000e-07	2.094668e-06	1.145535e-09	1.480917e+01	7.370510e+01
9.700000e-07	2.243126e-06	1.373333e-09	1.585875e+01	8.856037e+01
9.800000e-07	2.390762e-06	1.591274e-09	1.690253e+01	1.031471e+02
9.900000e-07	2.537475e-06	1.801908e-09	1.793978e+01	1.173394e+02
1.000000e-06	2.683381e-06	2.006114e-09	1.897133e+01	1.310291e+02
1.010000e-06	2.828354e-06	2.205950e-09	1.999627e+01	1.441306e+02
1.020000e-06	2.972099e-06	2.394603e-09	2.101254e+01	1.565845e+02
1.030000e-06	3.114650e-06	2.568858e-09	2.202037e+01	1.683586e+02
1.040000e-06	3.255976e-06	2.734577e-09	2.301954e+01	1.794466e+02
1.050000e-06	3.396036e-06	2.891060e-09	2.400975e+01	1.898650e+02
1.060000e-06	3.534824e-06	3.039239e-09	2.499097e+01	1.996485e+02
1.070000e-06	3.672185e-06	3.178887e-09	2.596210e+01	2.088443e+02
1.080000e-06	3.808065e-06	3.313689e-09	2.692276e+01	2.175060e+02
1.090000e-06	3.942579e-06	3.442182e-09	2.787377e+01	2.256883e+02
1.100000e-06	4.075708e-06	3.562031e-09	2.881499e+01	2.334422e+02
1.110000e-06	4.207344e-06	3.676687e-09	2.974564e+01	2.408115e+02
1.120000e-06	4.337580e-06	3.785451e-09	3.066640e+01	2.478313e+02
1.130000e-06	4.466280e-06	3.886550e-09	3.157630e+01	2.545277e+02
1.140000e-06	4.593347e-06	3.977875e-09	3.247466e+01	2.609184e+02
1.150000e-06	4.718905e-06	4.065763e-09	3.336235e+01	2.670153e+02
1.160000e-06	4.842875e-06	4.152126e-09	3.423881e+01	2.728269e+02
1.170000e-06	4.965211e-06	4.234294e-09	3.510372e+01	2.783608e+02
1.180000e-06	5.085747e-06	4.312091e-09	3.595589e+01	2.836259e+02
1.190000e-06	5.204361e-06	4.387291e-09	3.679449e+01	2.886341e+02
1.200000e-06	5.321067e-06	4.462614e-09	3.761959e+01	2.934009e+02
1.210000e-06	5.435753e-06	4.536434e-09	3.843041e+01	2.979447e+02
1.220000e-06	5.548286e-06	4.605672e-09	3.922601e+01	3.022858e+02
1.230000e-06	5.658719e-06	4.667465e-09	4.000677e+01	3.064446e+02
1.240000e-06	5.767235e-06	4.722864e-09	4.077397e+01	3.104394e+02
1.250000e-06	5.873702e-06	4.776040e-09	4.152668e+01	3.142850e+02
1.260000e-06	5.977965e-06	4.830183e-09	4.226382e+01	3.179905e+02
1.270000e-06	6.080047e-06	4.883487e-09	4.298553e+01	3.215593e+02
1.280000e-06	6.179926e-06	4.933305e-09	4.369166e+01	3.249893e+02
1.290000e-06	6.277434e-06	4.980027e-09	4.438104e+01	3.282734e+02
1.300000e-06	6.372559e-06	5.026160e-09	4.505357e+01	3.314019e+02
1.310000e-06	6.465433e-06	5.071195e-09	4.571019e+01	3.343642e+02
1.320000e-06	6.556036e-06	5.113246e-09	4.635074e+01	3.371515e+02
1.330000e-06	6.644238e-06	5.152099e-09	4.697432e+01	3.397586e+02
1.340000e-06	6.730086e-06	5.187949e-09	4.758126e+01	3.421855e+02
1.350000e-06	6.813644e-06	5.221211e-09	4.817201e+01	3.444383e+02
1.360000e-06	6.894717e-06	5.251289e-09	4.874519e+01	3.465288e+02
1.370000e-06	6.973224e-06	5.279953e-09	4.930023e+01	3.484735e+02
1.380000e-06	7.049154e-06	5.308286e-09	4.983705e+01	3.502921e+02
1.390000e-06	7.122415e-06	5.335324e-09	5.035500e+01	3.520050e+02
1.400000e-06	7.193130e-06	5.361742e-09	5.085495e+01	3.536312e+02
1.410000e-06	7.261411e-06	5.387076e-09	5.133769e+01	3.551864e+02
1.420000e-06	7.327026e-06	5.409529e-09	5.180159e+01	3.566808e+02
1.430000e-06	7.389980e-06	5.429814e-09	5.224667e+01	3.581191e+02
1.440000e-06	7.450490e-06	5.449741e-09	5.267447e+01	3.595002e+02
1.450000e-06	7.508373e-06	5.468707e-09	5.308370e+01	3.608180e+02
1.460000e-06	7.563513e-06	5.484566e-09	5.347353e+01	3.620634e+02
1.470000e-06	7.615758e-06	5.497798e-09	5.384291e+01	3.632260e+02
1.480000e-06	7.664901e-06	5.512014e-09	5.419034e+01	3.642961e+02
1.490000e-06	7.711165e-06	5.526615e-09	5.451742e+01	3.652673e+02
1.500000e-06	7.754767e-06	5.539676e-09	5.482569e+01	3.661373e+02
1.510000e-06	7.795630e-06	5.552796e-09	5.511459e+01	3.669087e+02
1.520000e-06	7.833705e-06	5.565538e-09	5.538378e+01	3.675892e+02
1.530000e-06	7.869055e-06	5.577211e-09	5.563370e+01	3.681900e+02
1.540000e-06	7.901587e-06	5.585455e-09	5.586370e+01	3.687249e+02
1.550000e-06	7.931338e-06	5.590848e-09	5.607403e+01	3.692078e+02
1.560000e-06	7.958268e-06	5.596769e-09	5.626443e+01	3.696508e+02
1.570000e-06	7.982153e-06	5.603189e-09	5.643330e+01	3.700620e+02
1.580000e-06	8.003268e-06	5.609432e-09	5.658258e+01	3.704448e+02
1.590000e-06	8.021680e-06	5.614964e-09	5.671275e+01	3.707966e+02
1.600000e-06	8.037065e-06	5.620013e-09	5.682152e+01	3.711097e+02
1.610000e-06	8.049286e-06	5.624874e-09	5.690792e+01	3.713719e+02
1.620000e-06	8.058362e-06	5.627800e-09	5.697208e+01	3.715688e+02
1.630000e-06	8.064490e-06	5.630313e-09	5.701541e+01	3.716860e+02
1.640000e-06	8.067779e-06	5.632031e-09	5.703866e+01	3.717111e+02
1.650000e-06	8.068180e-06	5.630119e-09	5.704150e+01	3.716366e+02
1.660000e-06	8.065867e-06	5.623985e-09	5.702514e+01	3.714609e+02
1.670000e-06	8.060837e-06	5.616874e-09	5.698959e+01	3.711897e+02
1.680000e-06	8.053089e-06	5.611384e-09	5.693481e+01	3.708356e+02
1.690000e-06	8.042767e-06	5.605949e-09	5.686183e+01	3.704172e+02
1.700000e-06	8.029587e-06	5.602250e-09	5.676864e+01	3.699575e+02
1.710000e-06	8.013630e-06	5.601883e-09	5.665583e+01	3.694808e+02
1.720000e-06	7.995266e-06	5.595162e-09	5.652600e+01	3.690107e+02
1.730000e-06	7.974527e-06	5.553306e-09	5.637938e+01	3.685668e+02
1.740000e-06	7.950972e-06	5.529716e-09	5.621285e+01	3.681625e+02
1.750000e-06	7.923962e-06	5.537753e-09	5.602189e+01	3.678034e+02
1.760000e-06	7.893313e-06	5.531804e-09	5.580520e+01	3.674863e+02
1.770000e-06	7.859643e-06	5.536355e-09	5.556715e+01	3.671993e+02
1.780000e-06	7.823650e-06	5.584727e-09	5.531268e+01	3.669233e+02
1.790000e-06	7.785299e-06	5.601344e-09	5.504155e+01	3.666334e+02
1.800000e-06	7.744824e-06	5.556528e-09	5.475539e+01	3.663013e+02
1.810000e-06	7.702203e-06	5.558404e-09	5.445407e+01	3.658984e+02
1.820000e-06	7.656860e-06	5.527172e-09	5.413349e+01	3.653982e+02
1.830000e-06	7.608854e-06	5.538912e-09	5.379409e+01	3.647786e+02
1.840000e-06	7.557950e-06	5.602491e-09	5.343420e+01	3.640236e+02
1.850000e-06	7.503966e-06	5.618018e-09	5.305254e+01	3.631244e+02
1.860000e-06	7.447245e-06	5.621586e-09	5.265153e+01	3.620795e+02
1.870000e-06	7.387780e-06	5.519535e-09	5.223112e+01	3.608942e+02
1.880000e-06	7.325595e-06	5.473853e-09	5.179147e+01	3.595794e+02
1.890000e-06	7.260653e-06	5.476168e-09	5.133233e+01	3.581498e+02
1.900000e-06	7.192950e-06	5.444227e-09	5.085368e+01	3.566222e+02
1.910000e-06	7.122388e-06	5.453503e-09	5.035481e+01	3.550133e+02
1.920000e-06	7.049024e-06	5.401460e-09	4.983613e+01	3.533384e+02
1.930000e-06	6.972959e-06	5.358322e-09	4.929836e+01	3.516098e+02
1.940000e-06	6.894066e-06	5.327006e-09	4.874059e+01	3.498357e+02
1.950000e-06	6.812643e-06	5.327145e-09	4.816494e+01	3.480205e+02
1.960000e-06	6.728752e-06	5.321478e-09	4.757183e+01	3.461641e+02
1.970000e-06	6.642297e-06	5.259506e-09	4.696060e+01	3.442632e+02
1.980000e-06	6.553408e-06	5.233539e-09	4.633216e+01	3.423114e+02
1.990000e-06	6.462261e-06	5.201483e-09	4.568776e+01	3.403009e+02
2.000000e-06	6.368871e-06	5.185672e-09	4.502749e+01	3.382231e+02
2.010000e-06	6.273090e-06	5.150019e-09	4.435033e+01	3.360694e+02
2.020000e-06	6.175087e-06	5.114720e-09	4.365746e+01	3.338328e+02
2.030000e-06	6.074842e-06	5.055163e-09	4.294873e+01	3.315075e+02
2.040000e-06	5.972332e-06	4.999710e-09	4.222399e+01	3.290899e+02
2.050000e-06	5.867737e-06	5.003110e-09	4.148451e+01	3.265784e+02
2.060000e-06	5.761258e-06	4.993859e-09	4.073171e+01	3.239732e+02
2.070000e-06	5.652898e-06	4.943404e-09	3.996562e+01	3.212760e+02
2.080000e-06	5.542481e-06	4.865010e-09	3.918498e+01	3.184894e+02
2.090000e-06	5.429979e-06	4.807299e-09	3.838959e+01	3.156165e+02
2.100000e-06	5.315329e-06	4.754060e-09	3.757902e+01	3.126599e+02
2.110000e-06	5.198554e-06	4.733135e-09	3.675343e+01	3.096218e+02
2.120000e-06	5.079787e-06	4.722362e-09	3.591376e+01	3.065026e+02
2.130000e-06	4.959254e-06	4.674544e-09	3.506160e+01	3.033013e+02
2.140000e-06	4.836984e-06	4.588767e-09	3.419716e+01	3.000152e+02
2.150000e-06	4.712870e-06	4.524741e-09	3.331968e+01	2.966394e+02
2.160000e-06	4.586945e-06	4.495253e-09	3.242940e+01	2.931678e+02
2.170000e-06	4.459383e-06	4.449938e-09	3.152755e+01	2.895929e+02
2.180000e-06	4.330268e-06	4.386239e-09	3.061471e+01	2.859066e+02
2.190000e-06	4.199659e-06	4.321722e-09	2.969131e+01	2.821008e+02
2.200000e-06	4.067460e-06	4.254101e-09	2.875667e+01	2.781681e+02
2.210000e-06	3.933608e-06	4.185517e-09	2.781035e+01	2.741025e+02
2.220000e-06	3.798300e-06	4.138346e-09	2.685373e+01	2.698997e+02
2.230000e-06	3.661580e-06	4.091038e-09	2.588713e+01	2.655573e+02
2.240000e-06	3.523477e-06	4.014955e-09	2.491075e+01	2.610750e+02
2.250000e-06	3.383932e-06	3.928372e-09	2.392417e+01	2.564539e+02
2.260000e-06	3.243009e-06	3.868346e-09	2.292786e+01	2.516961e+02
2.270000e-06	3.100827e-06	3.811058e-09	2.192264e+01	2.468038e+02
2.280000e-06	2.957421e-06	3.728384e-09	2.090877e+01	2.417783e+02
2.290000e-06	2.812957e-06	3.629856e-09	1.988742e+01	2.366187e+02
2.300000e-06	2.667599e-06	3.533907e-09	1.885975e+01	2.313216e+02
2.310000e-06	2.521395e-06	3.446659e-09	1.782609e+01	2.258799e+02
2.320000e-06	2.374414e-06	3.373885e-09	1.678695e+01	2.202832e+02
2.330000e-06	2.226529e-06	3.311816e-09	1.574141e+01	2.145179e+02
2.340000e-06	2.077677e-06	3.232477e-09	1.468904e+01	2.085676e+02
2.350000e-06	1.928120e-06	3.125342e-09	1.363168e+01	2.024150e+02
2.360000e-06	1.777981e-06	3.015408e-09	1.257021e+01	1.960423e+02
2.370000e-06	1.627298e-06	2.919654e-09	1.150489e+01	1.894333e+02
2.380000e-06	1.476049e-06	2.826022e-09	1.043557e+01	1.825745e+02
2.390000e-06	1.324291e-06	2.717686e-09	9.362648e+00	1.754557e+02
2.400000e-06	1.172157e-06	2.594897e-09	8.287074e+00	1.680702e+02
2.410000e-06	1.019708e-06	2.469637e-09	7.209270e+00	1.604146e+02
2.420000e-06	8.669986e-07	2.350415e-09	6.129623e+00	1.524875e+02
2.430000e-06	7.139878e-07	2.237334e-09	5.047846e+00	1.442876e+02
2.440000e-06	5.607310e-07	2.119700e-09	3.964331e+00	1.358118e+02
2.450000e-06	4.072828e-07	1.988866e-09	2.879462e+00	1.270527e+02
2.460000e-06	2.536203e-07	1.846789e-09	1.793079e+00	1.179969e+02
2.470000e-06	9.983081e-08	1.698878e-09	7.057972e-01	1.086235e+02
2.480000e-06	-5.402104e-08	1.547256e-09	-3.819251e-01	9.890382e+01
2.490000e-06	-2.078755e-07	1.391131e-09	-1.469666e+00	8.880221e+01
2.500000e-06	-3.616630e-07	1.229785e-09	-2.556934e+00	7.827847e+01
2.510000e-06	-5.153438e-07	1.060629e-09	-3.643446e+00	6.729114e+01
2.520000e-06	-6.688582e-07	8.841109e-10	-4.728783e+00	5.580214e+01
2.530000e-06	-8.221462e-07	7.061057e-10	-5.812519e+00	4.378192e+01
2.540000e-06	-9.751581e-07	5.231021e-10	-6.894303e+00	3.121480e+01
2.550000e-06	-1.127846e-06	3.257981e-10	-7.973798e+00	1.810382e+01
2.560000e-06	-1.280165e-06	1.108094e-10	-9.050680e+00	4.474592e+00
2.570000e-06	-1.432055e-06	-1.117402e-10	-1.012453e+01	-9.622417e+00
2.580000e-06	-1.583432e-06	-3.340277e-10	-1.119476e+01	-2.411155e+01
2.590000e-06	-1.734134e-06	-5.590199e-10	-1.226021e+01	-3.889375e+01
2.600000e-06	-1.884169e-06	-7.904294e-10	-1.332095e+01	-5.385043e+01
2.610000e-06	-2.033637e-06	-1.024140e-09	-1.437768e+01	-6.884919e+01
2.620000e-06	-2.182353e-06	-1.255230e-09	-1.542909e+01	-8.375089e+01
2.630000e-06	-2.330099e-06	-1.482498e-09	-1.647365e+01	-9.841746e+01
2.640000e-06	-2.476872e-06	-1.702349e-09	-1.751132e+01	-1.127197e+02
2.650000e-06	-2.622706e-06	-1.912717e-09	-1.854236e+01	-1.265444e+02
2.660000e-06	-2.767625e-06	-2.113909e-09	-1.956692e+01	-1.397999e+02
2.670000e-06	-2.911526e-06	-2.308655e-09	-2.058429e+01	-1.524202e+02
2.680000e-06	-3.054289e-06	-2.493596e-09	-2.159362e+01	-1.643662e+02
2.690000e-06	-3.195937e-06	-2.664972e-09	-2.259506e+01	-1.756254e+02
2.700000e-06	-3.336318e-06	-2.824368e-09	-2.358755e+01	-1.862089e+02
2.710000e-06	-3.475328e-06	-2.973932e-09	-2.457034e+01	-1.961475e+02
2.720000e-06	-3.612976e-06	-3.117639e-09	-2.554350e+01	-2.054857e+02
2.730000e-06	-3.749273e-06	-3.255155e-09	-2.650711e+01	-2.142762e+02
2.740000e-06	-3.884271e-06	-3.385553e-09	-2.746154e+01	-2.225737e+02
2.750000e-06	-4.017911e-06	-3.507757e-09	-2.840636e+01	-2.304306e+02
2.760000e-06	-4.150024e-06	-3.622966e-09	-2.934040e+01	-2.378928e+02
2.770000e-06	-4.280639e-06	-3.733102e-09	-3.026383e+01	-2.449976e+02
2.780000e-06	-4.409862e-06	-3.838180e-09	-3.117743e+01	-2.517732e+02
2.790000e-06	-4.537612e-06	-3.937529e-09	-3.208062e+01	-2.582394e+02
2.800000e-06	-4.663829e-06	-4.029123e-09	-3.297296e+01	-2.644093e+02
2.810000e-06	-4.788313e-06	-4.115026e-09	-3.385305e+01	-2.702919e+02
2.820000e-06	-4.911043e-06	-4.198423e-09	-3.472075e+01	-2.758948e+02
2.830000e-06	-5.032112e-06	-4.281595e-09	-3.557670e+01	-2.812265e+02
2.840000e-06	-5.151367e-06	-4.362316e-09	-3.641982e+01	-2.862981e+02
2.850000e-06	-5.268569e-06	-4.437288e-09	-3.724844e+01	-2.911240e+02
2.860000e-06	-5.383577e-06	-4.508413e-09	-3.806153e+01	-2.957220e+02
2.870000e-06	-5.496368e-06	-4.577057e-09	-3.885896e+01	-3.001122e+02
2.880000e-06	-5.606924e-06	-4.645408e-09	-3.964058e+01	-3.043151e+02
2.890000e-06	-5.715428e-06	-4.712511e-09	-4.040770e+01	-3.083498e+02
2.900000e-06	-5.822030e-06	-4.776684e-09	-4.116137e+01	-3.122319e+02
2.910000e-06	-5.926631e-06	-4.836531e-09	-4.190089e+01	-3.159723e+02
2.920000e-06	-6.029087e-06	-4.890218e-09	-4.262525e+01	-3.195757e+02
2.930000e-06	-6.129252e-06	-4.943637e-09	-4.333340e+01	-3.230413e+02
2.940000e-06	-6.227222e-06	-4.997007e-09	-4.402604e+01	-3.263631e+02
2.950000e-06	-6.323093e-06	-5.046567e-09	-4.470385e+01	-3.295319e+02
2.960000e-06	-6.416649e-06	-5.091914e-09	-4.536529e+01	-3.325370e+02
2.970000e-06	-6.507835e-06	-5.133674e-09	-4.600996e+01	-3.353691e+02
2.980000e-06	-6.596794e-06	-5.174884e-09	-4.663890e+01	-3.380218e+02
2.990000e-06	-6.683399e-06	-5.214528e-09	-4.725119e+01	-3.404938e+02
3.000000e-06	-6.767499e-06	-5.252326e-09	-4.784577e+01	-3.427896e+02
3.010000e-06	-6.849197e-06	-5.286839e-09	-4.842337e+01	-3.449197e+02
3.020000e-06	-6.928456e-06	-5.317111e-09	-4.898372e+01	-3.468995e+02
3.030000e-06	-7.005020e-06	-5.345370e-09	-4.952503e+01	-3.487480e+02
3.040000e-06	-7.078841e-06	-5.372167e-09	-5.004694e+01	-3.504859e+02
3.050000e-06	-7.150063e-06	-5.399046e-09	-5.055047e+01	-3.521325e+02
3.060000e-06	-7.218709e-06	-5.423618e-09	-5.103579e+01	-3.537046e+02
3.070000e-06	-7.284798e-06	-5.447299e-09	-5.150304e+01	-3.552139e+02
3.080000e-06	-7.348344e-06	-5.471460e-09	-5.195231e+01	-3.566665e+02
3.090000e-06	-7.409285e-06	-5.493066e-09	-5.238316e+01	-3.580627e+02
3.100000e-06	-7.467600e-06	-5.513013e-09	-5.279544e+01	-3.593975e+02
3.110000e-06	-7.523224e-06	-5.531033e-09	-5.318870e+01	-3.606624e+02
3.120000e-06	-7.576003e-06	-5.547412e-09	-5.356184e+01	-3.618470e+02
3.130000e-06	-7.625689e-06	-5.563448e-09	-5.391312e+01	-3.629414e+02
3.140000e-06	-7.672278e-06	-5.577762e-09	-5.424250e+01	-3.639381e+02
3.150000e-06	-7.716317e-06	-5.592601e-09	-5.455385e+01	-3.648337e+02
3.160000e-06	-7.757957e-06	-5.608071e-09	-5.484824e+01	-3.656296e+02
3.170000e-06	-7.796861e-06	-5.622935e-09	-5.512329e+01	-3.663322e+02
3.180000e-06	-7.832965e-06	-5.635820e-09	-5.537854e+01	-3.669521e+02
3.190000e-06	-7.866339e-06	-5.645093e-09	-5.561450e+01	-3.675026e+02
3.200000e-06	-7.896841e-06	-5.652738e-09	-5.583014e+01	-3.679976e+02
3.210000e-06	-7.924404e-06	-5.657935e-09	-5.602501e+01	-3.684500e+02
3.220000e-06	-7.949130e-06	-5.660964e-09	-5.619982e+01	-3.688690e+02
3.230000e-06	-7.970972e-06	-5.663428e-09	-5.635424e+01	-3.692593e+02
3.240000e-06	-7.989945e-06	-5.668062e-09	-5.648838e+01	-3.696198e+02
3.250000e-06	-8.006094e-06	-5.674175e-09	-5.660255e+01	-3.699439e+02
3.260000e-06	-8.019182e-06	-5.677777e-09	-5.669509e+01	-3.702205e+02
3.270000e-06	-8.029136e-06	-5.678870e-09	-5.676546e+01	-3.704356e+02
3.280000e-06	-8.036135e-06	-5.678367e-09	-5.681494e+01	-3.705743e+02
3.290000e-06	-8.040246e-06	-5.678655e-09	-5.684401e+01	-3.706237e+02
3.300000e-06	-8.041592e-06	-5.681974e-09	-5.685352e+01	-3.705749e+02
