# Temperatura_=_31.91
# Concentracion g/m^3_=_5000.0
# C_Vs_to_Am_M_A/Vsm_=_65563218390.804596
# pendiente_HvsI_1/m_=_3716.3
# ordenada_HvsI_A/m_=_1297.0
# frecuencia_Hz_=_302566.88341300434

Tiempo_(s)	Campo_(V.s)	Magnetizacion_(V.s)	Campo_(kA/m)	Magnetizacion_(A/m)
0.000000e+00	-7.931627e-06	-5.978235e-09	-5.685845e+01	-3.920879e+02
1.000000e-08	-7.928691e-06	-5.973556e-09	-5.683741e+01	-3.918571e+02
2.000000e-08	-7.923108e-06	-5.969343e-09	-5.679738e+01	-3.915626e+02
3.000000e-08	-7.914998e-06	-5.963168e-09	-5.673925e+01	-3.912243e+02
4.000000e-08	-7.904072e-06	-5.956991e-09	-5.666092e+01	-3.908622e+02
5.000000e-08	-7.890164e-06	-5.951866e-09	-5.656122e+01	-3.904933e+02
6.000000e-08	-7.873364e-06	-5.945062e-09	-5.644079e+01	-3.901286e+02
7.000000e-08	-7.854159e-06	-5.939839e-09	-5.630312e+01	-3.897717e+02
8.000000e-08	-7.832680e-06	-5.943901e-09	-5.614914e+01	-3.894172e+02
9.000000e-08	-7.808325e-06	-5.930097e-09	-5.597455e+01	-3.890514e+02
1.000000e-07	-7.780708e-06	-5.953468e-09	-5.577658e+01	-3.886535e+02
1.100000e-07	-7.750069e-06	-5.950604e-09	-5.555694e+01	-3.881982e+02
1.200000e-07	-7.716676e-06	-5.903810e-09	-5.531756e+01	-3.876588e+02
1.300000e-07	-7.680637e-06	-5.855963e-09	-5.505921e+01	-3.870105e+02
1.400000e-07	-7.642237e-06	-5.820831e-09	-5.478394e+01	-3.862340e+02
1.500000e-07	-7.601764e-06	-5.862312e-09	-5.449381e+01	-3.853176e+02
1.600000e-07	-7.558871e-06	-5.853942e-09	-5.418632e+01	-3.842590e+02
1.700000e-07	-7.513244e-06	-5.883735e-09	-5.385925e+01	-3.830658e+02
1.800000e-07	-7.465031e-06	-5.871896e-09	-5.351362e+01	-3.817539e+02
1.900000e-07	-7.413830e-06	-5.790082e-09	-5.314659e+01	-3.803461e+02
2.000000e-07	-7.359613e-06	-5.788946e-09	-5.275792e+01	-3.788686e+02
2.100000e-07	-7.302651e-06	-5.741209e-09	-5.234959e+01	-3.773481e+02
2.200000e-07	-7.242994e-06	-5.751283e-09	-5.192194e+01	-3.758082e+02
2.300000e-07	-7.180833e-06	-5.742964e-09	-5.147633e+01	-3.742668e+02
2.400000e-07	-7.115993e-06	-5.679407e-09	-5.101152e+01	-3.727339e+02
2.500000e-07	-7.048361e-06	-5.683312e-09	-5.052669e+01	-3.712110e+02
2.600000e-07	-6.978142e-06	-5.677231e-09	-5.002333e+01	-3.696911e+02
2.700000e-07	-6.905234e-06	-5.662992e-09	-4.950068e+01	-3.681605e+02
2.800000e-07	-6.829542e-06	-5.618792e-09	-4.895807e+01	-3.666005e+02
2.900000e-07	-6.751074e-06	-5.613288e-09	-4.839557e+01	-3.649904e+02
3.000000e-07	-6.669874e-06	-5.580934e-09	-4.781349e+01	-3.633103e+02
3.100000e-07	-6.586297e-06	-5.531303e-09	-4.721436e+01	-3.615434e+02
3.200000e-07	-6.500523e-06	-5.533789e-09	-4.659948e+01	-3.596779e+02
3.300000e-07	-6.412486e-06	-5.484358e-09	-4.596838e+01	-3.577078e+02
3.400000e-07	-6.322057e-06	-5.425832e-09	-4.532013e+01	-3.556331e+02
3.500000e-07	-6.229320e-06	-5.377912e-09	-4.465534e+01	-3.534589e+02
3.600000e-07	-6.134381e-06	-5.369714e-09	-4.397476e+01	-3.511935e+02
3.700000e-07	-6.037135e-06	-5.344907e-09	-4.327765e+01	-3.488469e+02
3.800000e-07	-5.937656e-06	-5.301847e-09	-4.256452e+01	-3.464283e+02
3.900000e-07	-5.836086e-06	-5.277965e-09	-4.183641e+01	-3.439449e+02
4.000000e-07	-5.732520e-06	-5.233436e-09	-4.109399e+01	-3.413998e+02
4.100000e-07	-5.626904e-06	-5.179024e-09	-4.033688e+01	-3.387922e+02
4.200000e-07	-5.519250e-06	-5.132564e-09	-3.956515e+01	-3.361169e+02
4.300000e-07	-5.409685e-06	-5.124885e-09	-3.877972e+01	-3.333655e+02
4.400000e-07	-5.298188e-06	-5.076719e-09	-3.798045e+01	-3.305274e+02
4.500000e-07	-5.184619e-06	-5.001876e-09	-3.716632e+01	-3.275914e+02
4.600000e-07	-5.068963e-06	-4.946677e-09	-3.633723e+01	-3.245472e+02
4.700000e-07	-4.951461e-06	-4.905076e-09	-3.549491e+01	-3.213866e+02
4.800000e-07	-4.832237e-06	-4.851030e-09	-3.464025e+01	-3.181039e+02
4.900000e-07	-4.711265e-06	-4.799111e-09	-3.377305e+01	-3.146969e+02
5.000000e-07	-4.588452e-06	-4.759901e-09	-3.289265e+01	-3.111657e+02
5.100000e-07	-4.463918e-06	-4.700516e-09	-3.199993e+01	-3.075124e+02
5.200000e-07	-4.337845e-06	-4.639036e-09	-3.109616e+01	-3.037399e+02
5.300000e-07	-4.210199e-06	-4.583676e-09	-3.018112e+01	-2.998508e+02
5.400000e-07	-4.081100e-06	-4.524202e-09	-2.925567e+01	-2.958463e+02
5.500000e-07	-3.950452e-06	-4.445708e-09	-2.831911e+01	-2.917256e+02
5.600000e-07	-3.818213e-06	-4.377137e-09	-2.737114e+01	-2.874858e+02
5.700000e-07	-3.684597e-06	-4.318503e-09	-2.641330e+01	-2.831216e+02
5.800000e-07	-3.549567e-06	-4.245361e-09	-2.544533e+01	-2.786265e+02
5.900000e-07	-3.413191e-06	-4.166420e-09	-2.446771e+01	-2.739931e+02
6.000000e-07	-3.275485e-06	-4.094920e-09	-2.348056e+01	-2.692143e+02
6.100000e-07	-3.136417e-06	-4.022029e-09	-2.248364e+01	-2.642837e+02
6.200000e-07	-2.996008e-06	-3.937473e-09	-2.147710e+01	-2.591965e+02
6.300000e-07	-2.854333e-06	-3.862101e-09	-2.046150e+01	-2.539489e+02
6.400000e-07	-2.711526e-06	-3.791183e-09	-1.943777e+01	-2.485384e+02
6.500000e-07	-2.567610e-06	-3.708031e-09	-1.840610e+01	-2.429625e+02
6.600000e-07	-2.422703e-06	-3.613197e-09	-1.736732e+01	-2.372179e+02
6.700000e-07	-2.276925e-06	-3.520327e-09	-1.632230e+01	-2.312998e+02
6.800000e-07	-2.130376e-06	-3.425669e-09	-1.527176e+01	-2.252009e+02
6.900000e-07	-1.983213e-06	-3.322231e-09	-1.421681e+01	-2.189107e+02
7.000000e-07	-1.835479e-06	-3.221255e-09	-1.315776e+01	-2.124162e+02
7.100000e-07	-1.687151e-06	-3.121519e-09	-1.209447e+01	-2.057021e+02
7.200000e-07	-1.538336e-06	-3.013621e-09	-1.102767e+01	-1.987519e+02
7.300000e-07	-1.389089e-06	-2.896721e-09	-9.957786e+00	-1.915494e+02
7.400000e-07	-1.239444e-06	-2.781300e-09	-8.885045e+00	-1.840798e+02
7.500000e-07	-1.089407e-06	-2.664699e-09	-7.809495e+00	-1.763311e+02
7.600000e-07	-9.389830e-07	-2.544775e-09	-6.731169e+00	-1.682946e+02
7.700000e-07	-7.882009e-07	-2.420465e-09	-5.650276e+00	-1.599649e+02
7.800000e-07	-6.371260e-07	-2.290546e-09	-4.567285e+00	-1.513389e+02
7.900000e-07	-4.857878e-07	-2.152984e-09	-3.482405e+00	-1.424146e+02
8.000000e-07	-3.342872e-07	-2.007672e-09	-2.396362e+00	-1.331887e+02
8.100000e-07	-1.827241e-07	-1.859693e-09	-1.309871e+00	-1.236546e+02
8.200000e-07	-3.108247e-08	-1.705905e-09	-2.228170e-01	-1.138003e+02
8.300000e-07	1.206384e-07	-1.547162e-09	8.648055e-01	-1.036068e+02
8.400000e-07	2.723732e-07	-1.382475e-09	1.952528e+00	-9.304824e+01
8.500000e-07	4.240189e-07	-1.213265e-09	3.039610e+00	-8.209211e+01
8.600000e-07	5.755926e-07	-1.039166e-09	4.126178e+00	-7.070216e+01
8.700000e-07	7.271070e-07	-8.596902e-10	5.212320e+00	-5.884186e+01
8.800000e-07	8.784253e-07	-6.757422e-10	6.297056e+00	-4.647921e+01
8.900000e-07	1.029411e-06	-4.830600e-10	7.379409e+00	-3.359212e+01
9.000000e-07	1.180013e-06	-2.823228e-10	8.459007e+00	-2.017375e+01
9.100000e-07	1.330149e-06	-7.348184e-11	9.535269e+00	-6.237249e+00
9.200000e-07	1.479805e-06	1.439358e-10	1.060809e+01	8.180864e+00
9.300000e-07	1.628949e-06	3.712344e-10	1.167724e+01	2.301909e+01
9.400000e-07	1.777534e-06	6.051902e-10	1.274238e+01	3.819150e+01
9.500000e-07	1.925518e-06	8.408550e-10	1.380322e+01	5.359062e+01
9.600000e-07	2.072818e-06	1.078652e-09	1.485915e+01	6.909227e+01
9.700000e-07	2.219365e-06	1.314431e-09	1.590968e+01	8.456224e+01
9.800000e-07	2.365046e-06	1.544305e-09	1.695401e+01	9.986389e+01
9.900000e-07	2.509778e-06	1.770174e-09	1.799153e+01	1.148662e+02
1.000000e-06	2.653597e-06	1.990075e-09	1.902251e+01	1.294510e+02
1.010000e-06	2.796443e-06	2.203651e-09	2.004651e+01	1.435195e+02
1.020000e-06	2.938137e-06	2.407795e-09	2.106225e+01	1.569967e+02
1.030000e-06	3.078615e-06	2.598037e-09	2.206928e+01	1.698331e+02
1.040000e-06	3.217796e-06	2.779661e-09	2.306701e+01	1.820052e+02
1.050000e-06	3.355696e-06	2.953035e-09	2.405556e+01	1.935130e+02
1.060000e-06	3.492323e-06	3.117986e-09	2.503498e+01	2.043758e+02
1.070000e-06	3.627669e-06	3.273195e-09	2.600521e+01	2.146273e+02
1.080000e-06	3.761718e-06	3.420686e-09	2.696615e+01	2.243099e+02
1.090000e-06	3.894398e-06	3.560514e-09	2.791728e+01	2.334690e+02
1.100000e-06	4.025649e-06	3.694840e-09	2.885816e+01	2.421488e+02
1.110000e-06	4.155454e-06	3.825788e-09	2.978868e+01	2.503883e+02
1.120000e-06	4.283810e-06	3.949601e-09	3.070881e+01	2.582201e+02
1.130000e-06	4.410644e-06	4.064049e-09	3.161803e+01	2.656694e+02
1.140000e-06	4.536022e-06	4.169041e-09	3.251681e+01	2.727554e+02
1.150000e-06	4.659884e-06	4.268140e-09	3.340473e+01	2.794930e+02
1.160000e-06	4.782080e-06	4.362949e-09	3.428069e+01	2.858949e+02
1.170000e-06	4.902580e-06	4.452096e-09	3.514450e+01	2.919742e+02
1.180000e-06	5.021308e-06	4.536537e-09	3.599562e+01	2.977463e+02
1.190000e-06	5.138085e-06	4.618694e-09	3.683274e+01	3.032295e+02
1.200000e-06	5.252851e-06	4.700264e-09	3.765545e+01	3.084453e+02
1.210000e-06	5.365704e-06	4.781976e-09	3.846444e+01	3.134176e+02
1.220000e-06	5.476558e-06	4.859899e-09	3.925911e+01	3.181709e+02
1.230000e-06	5.585484e-06	4.930226e-09	4.003995e+01	3.227282e+02
1.240000e-06	5.692473e-06	4.993003e-09	4.080691e+01	3.271088e+02
1.250000e-06	5.797349e-06	5.053602e-09	4.155873e+01	3.313267e+02
1.260000e-06	5.900106e-06	5.113927e-09	4.229535e+01	3.353897e+02
1.270000e-06	6.000648e-06	5.170803e-09	4.301609e+01	3.392986e+02
1.280000e-06	6.098936e-06	5.222334e-09	4.372067e+01	3.430488e+02
1.290000e-06	6.194884e-06	5.273230e-09	4.440848e+01	3.466311e+02
1.300000e-06	6.288613e-06	5.325660e-09	4.508038e+01	3.500348e+02
1.310000e-06	6.380179e-06	5.376122e-09	4.573678e+01	3.532497e+02
1.320000e-06	6.469433e-06	5.422396e-09	4.637661e+01	3.562686e+02
1.330000e-06	6.556371e-06	5.465270e-09	4.699983e+01	3.590894e+02
1.340000e-06	6.641066e-06	5.503818e-09	4.760697e+01	3.617164e+02
1.350000e-06	6.723465e-06	5.540577e-09	4.819766e+01	3.641597e+02
1.360000e-06	6.803354e-06	5.577271e-09	4.877035e+01	3.664352e+02
1.370000e-06	6.880728e-06	5.610854e-09	4.932501e+01	3.685626e+02
1.380000e-06	6.955524e-06	5.641963e-09	4.986119e+01	3.705630e+02
1.390000e-06	7.027675e-06	5.672618e-09	5.037841e+01	3.724565e+02
1.400000e-06	7.097353e-06	5.700918e-09	5.087789e+01	3.742600e+02
1.410000e-06	7.164577e-06	5.727770e-09	5.135980e+01	3.759854e+02
1.420000e-06	7.229195e-06	5.753010e-09	5.182302e+01	3.776385e+02
1.430000e-06	7.291263e-06	5.777420e-09	5.226796e+01	3.792192e+02
1.440000e-06	7.350868e-06	5.801140e-09	5.269524e+01	3.807224e+02
1.450000e-06	7.407902e-06	5.821182e-09	5.310409e+01	3.821394e+02
1.460000e-06	7.462204e-06	5.839548e-09	5.349336e+01	3.834605e+02
1.470000e-06	7.513521e-06	5.855434e-09	5.386123e+01	3.846772e+02
1.480000e-06	7.561788e-06	5.869782e-09	5.420724e+01	3.857840e+02
1.490000e-06	7.607344e-06	5.884332e-09	5.453380e+01	3.867801e+02
1.500000e-06	7.650285e-06	5.897003e-09	5.484163e+01	3.876699e+02
1.510000e-06	7.690374e-06	5.911362e-09	5.512902e+01	3.884627e+02
1.520000e-06	7.727767e-06	5.926429e-09	5.539707e+01	3.891714e+02
1.530000e-06	7.762509e-06	5.939660e-09	5.564612e+01	3.898109e+02
1.540000e-06	7.794412e-06	5.950368e-09	5.587481e+01	3.903954e+02
1.550000e-06	7.823612e-06	5.958240e-09	5.608414e+01	3.909367e+02
1.560000e-06	7.850050e-06	5.966595e-09	5.627366e+01	3.914419e+02
1.570000e-06	7.873529e-06	5.974553e-09	5.644197e+01	3.919125e+02
1.580000e-06	7.894235e-06	5.981344e-09	5.659041e+01	3.923443e+02
1.590000e-06	7.912212e-06	5.985654e-09	5.671927e+01	3.927280e+02
1.600000e-06	7.927199e-06	5.988012e-09	5.682671e+01	3.930508e+02
1.610000e-06	7.939104e-06	5.990413e-09	5.691205e+01	3.932990e+02
1.620000e-06	7.947900e-06	5.993422e-09	5.697511e+01	3.934600e+02
1.630000e-06	7.953751e-06	5.996952e-09	5.701705e+01	3.935252e+02
1.640000e-06	7.956826e-06	5.998901e-09	5.703910e+01	3.934919e+02
1.650000e-06	7.957162e-06	5.997150e-09	5.704150e+01	3.933636e+02
1.660000e-06	7.954865e-06	5.998061e-09	5.702503e+01	3.931511e+02
1.670000e-06	7.949900e-06	5.993004e-09	5.698944e+01	3.928701e+02
1.680000e-06	7.942188e-06	5.987607e-09	5.693416e+01	3.925403e+02
1.690000e-06	7.931879e-06	5.982247e-09	5.686026e+01	3.921819e+02
1.700000e-06	7.918759e-06	5.976829e-09	5.676621e+01	3.918129e+02
1.710000e-06	7.902890e-06	5.971184e-09	5.665245e+01	3.914460e+02
1.720000e-06	7.884752e-06	5.960005e-09	5.652243e+01	3.910867e+02
1.730000e-06	7.864336e-06	5.944878e-09	5.637607e+01	3.907320e+02
1.740000e-06	7.841045e-06	5.933506e-09	5.620911e+01	3.903703e+02
1.750000e-06	7.814271e-06	5.898133e-09	5.601717e+01	3.899821e+02
1.760000e-06	7.783906e-06	5.902806e-09	5.579950e+01	3.895432e+02
1.770000e-06	7.750482e-06	5.931531e-09	5.555990e+01	3.890267e+02
1.780000e-06	7.714753e-06	5.964411e-09	5.530377e+01	3.884072e+02
1.790000e-06	7.676761e-06	5.934784e-09	5.503143e+01	3.876636e+02
1.800000e-06	7.636709e-06	5.938330e-09	5.474431e+01	3.867822e+02
1.810000e-06	7.594515e-06	5.852675e-09	5.444184e+01	3.857584e+02
1.820000e-06	7.549701e-06	5.776339e-09	5.412059e+01	3.845971e+02
1.830000e-06	7.502264e-06	5.871593e-09	5.378053e+01	3.833125e+02
1.840000e-06	7.451966e-06	5.805503e-09	5.341997e+01	3.819257e+02
1.850000e-06	7.398698e-06	5.832801e-09	5.303811e+01	3.804626e+02
1.860000e-06	7.342623e-06	5.766710e-09	5.263613e+01	3.789499e+02
1.870000e-06	7.283906e-06	5.678808e-09	5.221521e+01	3.774124e+02
1.880000e-06	7.222652e-06	5.708815e-09	5.177611e+01	3.758696e+02
1.890000e-06	7.158556e-06	5.639441e-09	5.131664e+01	3.743336e+02
1.900000e-06	7.091669e-06	5.660714e-09	5.083715e+01	3.728079e+02
1.910000e-06	7.022010e-06	5.635309e-09	5.033780e+01	3.712879e+02
1.920000e-06	6.949504e-06	5.614462e-09	4.981803e+01	3.697610e+02
1.930000e-06	6.874419e-06	5.550644e-09	4.927978e+01	3.682097e+02
1.940000e-06	6.796580e-06	5.523328e-09	4.872179e+01	3.666135e+02
1.950000e-06	6.716076e-06	5.567889e-09	4.814469e+01	3.649522e+02
1.960000e-06	6.633189e-06	5.495162e-09	4.755051e+01	3.632078e+02
1.970000e-06	6.547857e-06	5.477779e-09	4.693879e+01	3.613672e+02
1.980000e-06	6.460009e-06	5.442891e-09	4.630905e+01	3.594229e+02
1.990000e-06	6.369866e-06	5.428647e-09	4.566286e+01	3.573736e+02
2.000000e-06	6.277577e-06	5.386579e-09	4.500127e+01	3.552230e+02
2.010000e-06	6.182931e-06	5.350808e-09	4.432280e+01	3.529790e+02
2.020000e-06	6.086042e-06	5.336682e-09	4.362824e+01	3.506512e+02
2.030000e-06	5.987066e-06	5.270160e-09	4.291873e+01	3.482494e+02
2.040000e-06	5.886023e-06	5.234053e-09	4.219439e+01	3.457811e+02
2.050000e-06	5.782812e-06	5.217154e-09	4.145451e+01	3.432509e+02
2.060000e-06	5.677530e-06	5.214999e-09	4.069979e+01	3.406587e+02
2.070000e-06	5.570415e-06	5.135623e-09	3.993193e+01	3.380004e+02
2.080000e-06	5.461441e-06	5.071878e-09	3.915074e+01	3.352685e+02
2.090000e-06	5.350434e-06	5.033353e-09	3.835498e+01	3.324526e+02
2.100000e-06	5.237328e-06	4.997315e-09	3.754417e+01	3.295416e+02
2.110000e-06	5.122255e-06	4.965176e-09	3.671926e+01	3.265248e+02
2.120000e-06	5.005207e-06	4.939860e-09	3.588019e+01	3.233933e+02
2.130000e-06	4.886182e-06	4.888810e-09	3.502695e+01	3.201410e+02
2.140000e-06	4.765297e-06	4.801099e-09	3.416038e+01	3.167647e+02
2.150000e-06	4.642737e-06	4.743807e-09	3.328180e+01	3.132638e+02
2.160000e-06	4.518557e-06	4.709603e-09	3.239161e+01	3.096403e+02
2.170000e-06	4.392713e-06	4.672045e-09	3.148949e+01	3.058968e+02
2.180000e-06	4.265155e-06	4.603344e-09	3.057508e+01	3.020361e+02
2.190000e-06	4.136007e-06	4.541727e-09	2.964927e+01	2.980599e+02
2.200000e-06	4.005413e-06	4.473423e-09	2.871310e+01	2.939680e+02
2.210000e-06	3.873415e-06	4.406903e-09	2.776686e+01	2.897578e+02
2.220000e-06	3.739984e-06	4.350143e-09	2.681035e+01	2.854247e+02
2.230000e-06	3.605047e-06	4.295352e-09	2.584305e+01	2.809625e+02
2.240000e-06	3.468749e-06	4.219874e-09	2.486598e+01	2.763638e+02
2.250000e-06	3.331194e-06	4.137876e-09	2.387991e+01	2.716215e+02
2.260000e-06	3.192415e-06	4.072640e-09	2.288506e+01	2.667289e+02
2.270000e-06	3.052330e-06	4.004628e-09	2.188085e+01	2.616807e+02
2.280000e-06	2.910961e-06	3.919471e-09	2.086744e+01	2.564730e+02
2.290000e-06	2.768431e-06	3.827004e-09	1.984570e+01	2.511029e+02
2.300000e-06	2.624812e-06	3.741507e-09	1.881616e+01	2.455680e+02
2.310000e-06	2.480279e-06	3.655840e-09	1.778006e+01	2.398655e+02
2.320000e-06	2.334991e-06	3.577208e-09	1.673855e+01	2.339908e+02
2.330000e-06	2.189020e-06	3.498350e-09	1.569215e+01	2.279374e+02
2.340000e-06	2.042280e-06	3.402176e-09	1.464023e+01	2.216956e+02
2.350000e-06	1.894833e-06	3.288575e-09	1.358325e+01	2.152530e+02
2.360000e-06	1.746835e-06	3.181981e-09	1.252231e+01	2.085948e+02
2.370000e-06	1.598300e-06	3.089323e-09	1.145753e+01	2.017047e+02
2.380000e-06	1.449220e-06	2.992503e-09	1.038884e+01	1.945662e+02
2.390000e-06	1.299655e-06	2.880793e-09	9.316675e+00	1.871641e+02
2.400000e-06	1.149694e-06	2.757019e-09	8.241666e+00	1.794856e+02
2.410000e-06	9.993380e-07	2.627714e-09	7.163828e+00	1.715212e+02
2.420000e-06	8.486563e-07	2.499256e-09	6.083655e+00	1.632646e+02
2.430000e-06	6.977043e-07	2.377910e-09	5.001544e+00	1.547124e+02
2.440000e-06	5.464352e-07	2.255433e-09	3.917161e+00	1.458623e+02
2.450000e-06	3.949346e-07	2.120061e-09	2.831118e+00	1.367117e+02
2.460000e-06	2.433219e-07	1.972750e-09	1.744271e+00	1.272550e+02
2.470000e-06	9.160137e-08	1.821010e-09	6.566511e-01	1.174817e+02
2.480000e-06	-6.021708e-08	1.667631e-09	-4.316705e-01	1.073747e+02
2.490000e-06	-2.120668e-07	1.507777e-09	-1.520216e+00	9.690971e+01
2.500000e-06	-3.638541e-07	1.340451e-09	-2.608315e+00	8.605574e+01
2.510000e-06	-5.155291e-07	1.167340e-09	-3.695608e+00	7.477721e+01
2.520000e-06	-6.670069e-07	9.888441e-10	-4.781488e+00	6.303723e+01
2.530000e-06	-8.182598e-07	8.051718e-10	-5.865756e+00	5.080220e+01
2.540000e-06	-9.692244e-07	6.146023e-10	-6.947956e+00	3.804702e+01
2.550000e-06	-1.119872e-06	4.112976e-10	-8.027882e+00	2.476056e+01
2.560000e-06	-1.270160e-06	1.946335e-10	-9.105232e+00	1.095060e+01
2.570000e-06	-1.419960e-06	-2.680871e-11	-1.017909e+01	-3.352422e+00
2.580000e-06	-1.569204e-06	-2.492752e-10	-1.124895e+01	-1.809327e+01
2.590000e-06	-1.717779e-06	-4.762352e-10	-1.231403e+01	-3.319197e+01
2.600000e-06	-1.865692e-06	-7.129634e-10	-1.337435e+01	-4.854603e+01
2.610000e-06	-2.013021e-06	-9.548202e-10	-1.443049e+01	-6.403489e+01
2.620000e-06	-2.159648e-06	-1.195903e-09	-1.548160e+01	-7.952615e+01
2.630000e-06	-2.305441e-06	-1.432971e-09	-1.652673e+01	-9.488305e+01
2.640000e-06	-2.450439e-06	-1.662706e-09	-1.756615e+01	-1.099724e+02
2.650000e-06	-2.594483e-06	-1.885910e-09	-1.859874e+01	-1.246722e+02
2.660000e-06	-2.737421e-06	-2.104076e-09	-1.962341e+01	-1.388784e+02
2.670000e-06	-2.879209e-06	-2.316238e-09	-2.063982e+01	-1.525095e+02
2.680000e-06	-3.019790e-06	-2.516711e-09	-2.164759e+01	-1.655099e+02
2.690000e-06	-3.159208e-06	-2.703844e-09	-2.264702e+01	-1.778495e+02
2.700000e-06	-3.297480e-06	-2.877587e-09	-2.363823e+01	-1.895227e+02
2.710000e-06	-3.434498e-06	-3.040875e-09	-2.462045e+01	-2.005446e+02
2.720000e-06	-3.570214e-06	-3.199824e-09	-2.559334e+01	-2.109457e+02
2.730000e-06	-3.704624e-06	-3.353865e-09	-2.655687e+01	-2.207668e+02
2.740000e-06	-3.837633e-06	-3.500344e-09	-2.751035e+01	-2.300531e+02
2.750000e-06	-3.969258e-06	-3.636922e-09	-2.845392e+01	-2.388493e+02
2.760000e-06	-4.099552e-06	-3.765854e-09	-2.938794e+01	-2.471961e+02
2.770000e-06	-4.228511e-06	-3.887735e-09	-3.031239e+01	-2.551277e+02
2.780000e-06	-4.355981e-06	-4.001608e-09	-3.122617e+01	-2.626711e+02
2.790000e-06	-4.481879e-06	-4.109594e-09	-3.212868e+01	-2.698470e+02
2.800000e-06	-4.606234e-06	-4.210763e-09	-3.302013e+01	-2.766709e+02
2.810000e-06	-4.728978e-06	-4.306388e-09	-3.390003e+01	-2.831561e+02
2.820000e-06	-4.850034e-06	-4.398643e-09	-3.476783e+01	-2.893153e+02
2.830000e-06	-4.969325e-06	-4.488781e-09	-3.562297e+01	-2.951631e+02
2.840000e-06	-5.086713e-06	-4.574935e-09	-3.646448e+01	-3.007171e+02
2.850000e-06	-5.201961e-06	-4.655070e-09	-3.729064e+01	-3.059981e+02
2.860000e-06	-5.315044e-06	-4.731406e-09	-3.810128e+01	-3.110296e+02
2.870000e-06	-5.426057e-06	-4.806820e-09	-3.889709e+01	-3.158359e+02
2.880000e-06	-5.535112e-06	-4.882035e-09	-3.967886e+01	-3.204407e+02
2.890000e-06	-5.642276e-06	-4.954665e-09	-4.044707e+01	-3.248644e+02
2.900000e-06	-5.747461e-06	-5.023091e-09	-4.120110e+01	-3.291226e+02
2.910000e-06	-5.850525e-06	-5.086430e-09	-4.193992e+01	-3.332245e+02
2.920000e-06	-5.951337e-06	-5.145936e-09	-4.266260e+01	-3.371727e+02
2.930000e-06	-6.050041e-06	-5.203392e-09	-4.337017e+01	-3.409638e+02
2.940000e-06	-6.146689e-06	-5.258660e-09	-4.406300e+01	-3.445896e+02
2.950000e-06	-6.241089e-06	-5.311186e-09	-4.473970e+01	-3.480395e+02
2.960000e-06	-6.333182e-06	-5.361029e-09	-4.539988e+01	-3.513029e+02
2.970000e-06	-6.423065e-06	-5.408452e-09	-4.604421e+01	-3.543718e+02
2.980000e-06	-6.510680e-06	-5.451553e-09	-4.667229e+01	-3.572425e+02
2.990000e-06	-6.595918e-06	-5.491603e-09	-4.728332e+01	-3.599177e+02
3.000000e-06	-6.678837e-06	-5.531060e-09	-4.787773e+01	-3.624062e+02
3.010000e-06	-6.759374e-06	-5.568467e-09	-4.845507e+01	-3.647225e+02
3.020000e-06	-6.837352e-06	-5.602398e-09	-4.901406e+01	-3.668855e+02
3.030000e-06	-6.912706e-06	-5.634192e-09	-4.955424e+01	-3.689162e+02
3.040000e-06	-6.985476e-06	-5.663758e-09	-5.007590e+01	-3.708352e+02
3.050000e-06	-7.055665e-06	-5.690962e-09	-5.057906e+01	-3.726604e+02
3.060000e-06	-7.123300e-06	-5.716579e-09	-5.106390e+01	-3.744050e+02
3.070000e-06	-7.188461e-06	-5.741269e-09	-5.153102e+01	-3.760765e+02
3.080000e-06	-7.251091e-06	-5.765167e-09	-5.197998e+01	-3.776761e+02
3.090000e-06	-7.311095e-06	-5.787759e-09	-5.241012e+01	-3.791999e+02
3.100000e-06	-7.368476e-06	-5.809749e-09	-5.282147e+01	-3.806399e+02
3.110000e-06	-7.423163e-06	-5.829474e-09	-5.321349e+01	-3.819864e+02
3.120000e-06	-7.474975e-06	-5.846944e-09	-5.358491e+01	-3.832304e+02
3.130000e-06	-7.523752e-06	-5.862899e-09	-5.393457e+01	-3.843655e+02
3.140000e-06	-7.569684e-06	-5.876523e-09	-5.426384e+01	-3.853896e+02
3.150000e-06	-7.613124e-06	-5.891850e-09	-5.457524e+01	-3.863058e+02
3.160000e-06	-7.654075e-06	-5.906993e-09	-5.486880e+01	-3.871223e+02
3.170000e-06	-7.692317e-06	-5.921479e-09	-5.514294e+01	-3.878512e+02
3.180000e-06	-7.727845e-06	-5.933061e-09	-5.539763e+01	-3.885071e+02
3.190000e-06	-7.760630e-06	-5.941750e-09	-5.563265e+01	-3.891046e+02
3.200000e-06	-7.790549e-06	-5.948796e-09	-5.584712e+01	-3.896564e+02
3.210000e-06	-7.817620e-06	-5.954516e-09	-5.604119e+01	-3.901707e+02
3.220000e-06	-7.841947e-06	-5.958463e-09	-5.621558e+01	-3.906507e+02
3.230000e-06	-7.863409e-06	-5.961639e-09	-5.636943e+01	-3.910934e+02
3.240000e-06	-7.882023e-06	-5.965364e-09	-5.650286e+01	-3.914908e+02
3.250000e-06	-7.897844e-06	-5.969009e-09	-5.661628e+01	-3.918306e+02
3.260000e-06	-7.910551e-06	-5.971677e-09	-5.670737e+01	-3.920992e+02
3.270000e-06	-7.920278e-06	-5.972896e-09	-5.677710e+01	-3.922835e+02
3.280000e-06	-7.927139e-06	-5.973175e-09	-5.682628e+01	-3.923738e+02
3.290000e-06	-7.931107e-06	-5.973443e-09	-5.685472e+01	-3.923655e+02
3.300000e-06	-7.932387e-06	-5.975876e-09	-5.686390e+01	-3.922608e+02
