# Temperatura_=_51.07
# Concentracion g/m^3_=_5000.0
# C_Vs_to_Am_M_A/Vsm_=_65563218390.804596
# pendiente_HvsI_1/m_=_3716.3
# ordenada_HvsI_A/m_=_1297.0
# frecuencia_Hz_=_302560.4377776198

Tiempo_(s)	Campo_(V.s)	Magnetizacion_(V.s)	Campo_(kA/m)	Magnetizacion_(A/m)
0.000000e+00	-7.903762e-06	-6.110911e-09	-5.685263e+01	-3.999059e+02
1.000000e-08	-7.900604e-06	-6.107299e-09	-5.682990e+01	-3.996636e+02
2.000000e-08	-7.894755e-06	-6.102904e-09	-5.678784e+01	-3.993416e+02
3.000000e-08	-7.886360e-06	-6.094860e-09	-5.672745e+01	-3.989551e+02
4.000000e-08	-7.875213e-06	-6.085443e-09	-5.664727e+01	-3.985199e+02
5.000000e-08	-7.861055e-06	-6.079105e-09	-5.654543e+01	-3.980510e+02
6.000000e-08	-7.844090e-06	-6.075943e-09	-5.642340e+01	-3.975604e+02
7.000000e-08	-7.824767e-06	-6.070170e-09	-5.628440e+01	-3.970553e+02
8.000000e-08	-7.803110e-06	-6.058445e-09	-5.612862e+01	-3.965380e+02
9.000000e-08	-7.778627e-06	-6.048179e-09	-5.595251e+01	-3.960051e+02
1.000000e-07	-7.750903e-06	-6.081954e-09	-5.575309e+01	-3.954479e+02
1.100000e-07	-7.720221e-06	-6.071525e-09	-5.553239e+01	-3.948541e+02
1.200000e-07	-7.686821e-06	-6.022215e-09	-5.529214e+01	-3.942089e+02
1.300000e-07	-7.650756e-06	-5.993389e-09	-5.503272e+01	-3.934968e+02
1.400000e-07	-7.612393e-06	-5.976122e-09	-5.475678e+01	-3.927037e+02
1.500000e-07	-7.571901e-06	-5.963873e-09	-5.446551e+01	-3.918177e+02
1.600000e-07	-7.529036e-06	-5.932455e-09	-5.415718e+01	-3.908305e+02
1.700000e-07	-7.483447e-06	-5.999697e-09	-5.382925e+01	-3.897380e+02
1.800000e-07	-7.435162e-06	-5.949136e-09	-5.348193e+01	-3.885399e+02
1.900000e-07	-7.383977e-06	-5.894821e-09	-5.311375e+01	-3.872392e+02
2.000000e-07	-7.329809e-06	-5.896053e-09	-5.272412e+01	-3.858412e+02
2.100000e-07	-7.272901e-06	-5.797930e-09	-5.231477e+01	-3.843524e+02
2.200000e-07	-7.213284e-06	-5.806895e-09	-5.188594e+01	-3.827793e+02
2.300000e-07	-7.151091e-06	-5.793051e-09	-5.143858e+01	-3.811274e+02
2.400000e-07	-7.086287e-06	-5.781151e-09	-5.097244e+01	-3.794003e+02
2.500000e-07	-7.018745e-06	-5.785584e-09	-5.048660e+01	-3.775998e+02
2.600000e-07	-6.948536e-06	-5.745914e-09	-4.998158e+01	-3.757255e+02
2.700000e-07	-6.875625e-06	-5.716290e-09	-4.945712e+01	-3.737757e+02
2.800000e-07	-6.799949e-06	-5.680219e-09	-4.891278e+01	-3.717475e+02
2.900000e-07	-6.721475e-06	-5.673831e-09	-4.834831e+01	-3.696378e+02
3.000000e-07	-6.640338e-06	-5.619109e-09	-4.776468e+01	-3.674438e+02
3.100000e-07	-6.556881e-06	-5.580793e-09	-4.716436e+01	-3.651638e+02
3.200000e-07	-6.471215e-06	-5.560697e-09	-4.654816e+01	-3.627972e+02
3.300000e-07	-6.383297e-06	-5.487362e-09	-4.591575e+01	-3.603445e+02
3.400000e-07	-6.293019e-06	-5.444356e-09	-4.526637e+01	-3.578071e+02
3.500000e-07	-6.200446e-06	-5.402524e-09	-4.460048e+01	-3.551872e+02
3.600000e-07	-6.105661e-06	-5.375616e-09	-4.391869e+01	-3.524867e+02
3.700000e-07	-6.008660e-06	-5.332785e-09	-4.322095e+01	-3.497074e+02
3.800000e-07	-5.909510e-06	-5.289968e-09	-4.250775e+01	-3.468500e+02
3.900000e-07	-5.808231e-06	-5.261100e-09	-4.177924e+01	-3.439145e+02
4.000000e-07	-5.704849e-06	-5.213879e-09	-4.103560e+01	-3.408995e+02
4.100000e-07	-5.599468e-06	-5.154051e-09	-4.027759e+01	-3.378033e+02
4.200000e-07	-5.492168e-06	-5.089146e-09	-3.950577e+01	-3.346231e+02
4.300000e-07	-5.382911e-06	-5.059276e-09	-3.871987e+01	-3.313564e+02
4.400000e-07	-5.271628e-06	-5.013866e-09	-3.791940e+01	-3.280006e+02
4.500000e-07	-5.158290e-06	-4.957285e-09	-3.710415e+01	-3.245533e+02
4.600000e-07	-5.042908e-06	-4.903402e-09	-3.627419e+01	-3.210128e+02
4.700000e-07	-4.925668e-06	-4.847031e-09	-3.543087e+01	-3.173773e+02
4.800000e-07	-4.806690e-06	-4.776421e-09	-3.457505e+01	-3.136451e+02
4.900000e-07	-4.685984e-06	-4.709060e-09	-3.370680e+01	-3.098143e+02
5.000000e-07	-4.563546e-06	-4.658638e-09	-3.282609e+01	-3.058819e+02
5.100000e-07	-4.439380e-06	-4.599974e-09	-3.193295e+01	-3.018441e+02
5.200000e-07	-4.313645e-06	-4.535215e-09	-3.102852e+01	-2.976962e+02
5.300000e-07	-4.186346e-06	-4.468408e-09	-3.011284e+01	-2.934323e+02
5.400000e-07	-4.057554e-06	-4.405630e-09	-2.918643e+01	-2.890464e+02
5.500000e-07	-3.927221e-06	-4.335238e-09	-2.824893e+01	-2.845321e+02
5.600000e-07	-3.795278e-06	-4.260732e-09	-2.729985e+01	-2.798840e+02
5.700000e-07	-3.661912e-06	-4.185934e-09	-2.634053e+01	-2.750976e+02
5.800000e-07	-3.527189e-06	-4.105271e-09	-2.537146e+01	-2.701704e+02
5.900000e-07	-3.391141e-06	-4.021758e-09	-2.439285e+01	-2.651016e+02
6.000000e-07	-3.253848e-06	-3.941818e-09	-2.340528e+01	-2.598919e+02
6.100000e-07	-3.115249e-06	-3.866194e-09	-2.240833e+01	-2.545431e+02
6.200000e-07	-2.975253e-06	-3.785250e-09	-2.140132e+01	-2.490573e+02
6.300000e-07	-2.834000e-06	-3.702728e-09	-2.038527e+01	-2.434357e+02
6.400000e-07	-2.691611e-06	-3.621162e-09	-1.936105e+01	-2.376774e+02
6.500000e-07	-2.548198e-06	-3.536323e-09	-1.832947e+01	-2.317786e+02
6.600000e-07	-2.403828e-06	-3.444302e-09	-1.729100e+01	-2.257321e+02
6.700000e-07	-2.258524e-06	-3.345687e-09	-1.624581e+01	-2.195266e+02
6.800000e-07	-2.112428e-06	-3.241638e-09	-1.519492e+01	-2.131480e+02
6.900000e-07	-1.965722e-06	-3.133924e-09	-1.413965e+01	-2.065793e+02
7.000000e-07	-1.818447e-06	-3.026271e-09	-1.308029e+01	-1.998027e+02
7.100000e-07	-1.670565e-06	-2.918203e-09	-1.201655e+01	-1.928008e+02
7.200000e-07	-1.522234e-06	-2.807420e-09	-1.094959e+01	-1.855583e+02
7.300000e-07	-1.373549e-06	-2.691984e-09	-9.880088e+00	-1.780631e+02
7.400000e-07	-1.224437e-06	-2.575955e-09	-8.807511e+00	-1.703072e+02
7.500000e-07	-1.074837e-06	-2.457562e-09	-7.731422e+00	-1.622863e+02
7.600000e-07	-9.248265e-07	-2.337344e-09	-6.652378e+00	-1.539991e+02
7.700000e-07	-7.745190e-07	-2.212186e-09	-5.571200e+00	-1.454459e+02
7.800000e-07	-6.239505e-07	-2.077952e-09	-4.488144e+00	-1.366257e+02
7.900000e-07	-4.731828e-07	-1.936639e-09	-3.403656e+00	-1.275344e+02
8.000000e-07	-3.223017e-07	-1.789416e-09	-2.318351e+00	-1.181618e+02
8.100000e-07	-1.712907e-07	-1.639466e-09	-1.232112e+00	-1.084898e+02
8.200000e-07	-2.017952e-08	-1.482550e-09	-1.451535e-01	-9.849167e+01
8.300000e-07	1.309676e-07	-1.318379e-09	9.420640e-01	-8.813244e+01
8.400000e-07	2.820952e-07	-1.150131e-09	2.029141e+00	-7.737049e+01
8.500000e-07	4.331426e-07	-9.781550e-10	3.115642e+00	-6.616101e+01
8.600000e-07	5.840918e-07	-8.015152e-10	4.201436e+00	-5.446061e+01
8.700000e-07	7.348849e-07	-6.194499e-10	5.286107e+00	-4.223275e+01
8.800000e-07	8.854984e-07	-4.315935e-10	6.369487e+00	-2.945356e+01
8.900000e-07	1.035878e-06	-2.338206e-10	7.451181e+00	-1.611733e+01
9.000000e-07	1.185912e-06	-2.609527e-11	8.530397e+00	-2.241001e+00
9.100000e-07	1.335501e-06	1.901443e-10	9.606401e+00	1.213284e+01
9.200000e-07	1.484592e-06	4.152501e-10	1.067884e+01	2.693508e+01
9.300000e-07	1.633233e-06	6.488265e-10	1.174802e+01	4.207144e+01
9.400000e-07	1.781388e-06	8.861720e-10	1.281372e+01	5.742611e+01
9.500000e-07	1.928925e-06	1.122595e-09	1.387497e+01	7.286742e+01
9.600000e-07	2.075765e-06	1.358813e-09	1.493121e+01	8.825504e+01
9.700000e-07	2.221852e-06	1.591674e-09	1.598202e+01	1.034481e+02
9.800000e-07	2.367059e-06	1.817353e-09	1.702652e+01	1.183132e+02
9.900000e-07	2.511285e-06	2.033273e-09	1.806395e+01	1.327320e+02
1.000000e-06	2.654533e-06	2.238789e-09	1.909434e+01	1.466075e+02
1.010000e-06	2.796769e-06	2.438706e-09	2.011747e+01	1.598676e+02
1.020000e-06	2.937944e-06	2.629950e-09	2.113295e+01	1.724674e+02
1.030000e-06	3.077954e-06	2.808190e-09	2.214006e+01	1.843888e+02
1.040000e-06	3.216614e-06	2.977441e-09	2.313745e+01	1.956374e+02
1.050000e-06	3.353890e-06	3.136930e-09	2.412489e+01	2.062387e+02
1.060000e-06	3.489877e-06	3.287848e-09	2.510307e+01	2.162323e+02
1.070000e-06	3.624604e-06	3.429462e-09	2.607217e+01	2.256662e+02
1.080000e-06	3.758063e-06	3.565795e-09	2.703216e+01	2.345911e+02
1.090000e-06	3.890286e-06	3.696317e-09	2.798325e+01	2.430556e+02
1.100000e-06	4.021118e-06	3.819776e-09	2.892434e+01	2.511028e+02
1.110000e-06	4.150424e-06	3.941164e-09	2.985446e+01	2.587681e+02
1.120000e-06	4.278250e-06	4.057227e-09	3.077392e+01	2.660786e+02
1.130000e-06	4.404596e-06	4.163851e-09	3.168274e+01	2.730545e+02
1.140000e-06	4.529453e-06	4.261032e-09	3.258085e+01	2.797102e+02
1.150000e-06	4.652802e-06	4.352945e-09	3.346811e+01	2.860574e+02
1.160000e-06	4.774470e-06	4.442433e-09	3.434329e+01	2.921071e+02
1.170000e-06	4.894385e-06	4.527355e-09	3.520585e+01	2.978720e+02
1.180000e-06	5.012608e-06	4.607011e-09	3.605624e+01	3.033676e+02
1.190000e-06	5.129012e-06	4.686416e-09	3.689354e+01	3.086126e+02
1.200000e-06	5.243344e-06	4.767367e-09	3.771594e+01	3.136286e+02
1.210000e-06	5.355577e-06	4.846112e-09	3.852325e+01	3.184387e+02
1.220000e-06	5.465887e-06	4.919526e-09	3.931673e+01	3.230656e+02
1.230000e-06	5.574360e-06	4.986958e-09	4.009698e+01	3.275294e+02
1.240000e-06	5.680845e-06	5.049882e-09	4.086294e+01	3.318459e+02
1.250000e-06	5.785170e-06	5.110352e-09	4.161336e+01	3.360254e+02
1.260000e-06	5.887361e-06	5.168216e-09	4.234843e+01	3.400717e+02
1.270000e-06	5.987467e-06	5.224096e-09	4.306850e+01	3.439826e+02
1.280000e-06	6.085296e-06	5.277434e-09	4.377220e+01	3.477509e+02
1.290000e-06	6.180764e-06	5.331462e-09	4.445891e+01	3.513664e+02
1.300000e-06	6.274095e-06	5.385849e-09	4.513025e+01	3.548179e+02
1.310000e-06	6.365228e-06	5.436967e-09	4.578578e+01	3.580957e+02
1.320000e-06	6.453990e-06	5.484601e-09	4.642426e+01	3.611932e+02
1.330000e-06	6.540424e-06	5.528426e-09	4.704599e+01	3.641089e+02
1.340000e-06	6.624661e-06	5.567441e-09	4.765191e+01	3.668464e+02
1.350000e-06	6.706565e-06	5.604389e-09	4.824106e+01	3.694149e+02
1.360000e-06	6.785940e-06	5.641436e-09	4.881201e+01	3.718279e+02
1.370000e-06	6.862862e-06	5.677198e-09	4.936532e+01	3.741017e+02
1.380000e-06	6.937206e-06	5.710813e-09	4.990008e+01	3.762530e+02
1.390000e-06	7.008941e-06	5.743551e-09	5.041608e+01	3.782978e+02
1.400000e-06	7.078250e-06	5.775205e-09	5.091462e+01	3.802485e+02
1.410000e-06	7.145007e-06	5.803489e-09	5.139482e+01	3.821136e+02
1.420000e-06	7.209139e-06	5.829331e-09	5.185613e+01	3.838965e+02
1.430000e-06	7.270782e-06	5.854815e-09	5.229953e+01	3.855965e+02
1.440000e-06	7.329991e-06	5.879041e-09	5.272543e+01	3.872087e+02
1.450000e-06	7.386616e-06	5.900492e-09	5.313274e+01	3.887266e+02
1.460000e-06	7.440527e-06	5.918215e-09	5.352053e+01	3.901431e+02
1.470000e-06	7.491473e-06	5.933928e-09	5.388699e+01	3.914526e+02
1.480000e-06	7.539390e-06	5.951149e-09	5.423166e+01	3.926523e+02
1.490000e-06	7.584614e-06	5.969745e-09	5.455696e+01	3.937433e+02
1.500000e-06	7.627192e-06	5.987454e-09	5.486323e+01	3.947307e+02
1.510000e-06	7.666957e-06	6.004284e-09	5.514926e+01	3.956232e+02
1.520000e-06	7.703993e-06	6.019697e-09	5.541566e+01	3.964320e+02
1.530000e-06	7.738350e-06	6.032621e-09	5.566279e+01	3.971691e+02
1.540000e-06	7.769906e-06	6.042241e-09	5.588978e+01	3.978457e+02
1.550000e-06	7.798776e-06	6.049738e-09	5.609745e+01	3.984706e+02
1.560000e-06	7.824878e-06	6.056912e-09	5.628520e+01	3.990485e+02
1.570000e-06	7.848008e-06	6.064336e-09	5.645158e+01	3.995798e+02
1.580000e-06	7.868411e-06	6.072511e-09	5.659834e+01	4.000602e+02
1.590000e-06	7.886124e-06	6.080360e-09	5.672575e+01	4.004814e+02
1.600000e-06	7.900879e-06	6.086605e-09	5.683189e+01	4.008327e+02
1.610000e-06	7.912596e-06	6.090955e-09	5.691617e+01	4.011025e+02
1.620000e-06	7.921225e-06	6.093624e-09	5.697824e+01	4.012802e+02
1.630000e-06	7.926939e-06	6.095102e-09	5.701934e+01	4.013582e+02
1.640000e-06	7.929903e-06	6.096103e-09	5.704066e+01	4.013332e+02
1.650000e-06	7.930020e-06	6.093866e-09	5.704150e+01	4.012068e+02
1.660000e-06	7.927449e-06	6.092356e-09	5.702300e+01	4.009859e+02
1.670000e-06	7.922280e-06	6.086652e-09	5.698583e+01	4.006820e+02
1.680000e-06	7.914454e-06	6.081774e-09	5.692953e+01	4.003095e+02
1.690000e-06	7.904032e-06	6.077959e-09	5.685456e+01	3.998845e+02
1.700000e-06	7.890748e-06	6.073764e-09	5.675902e+01	3.994223e+02
1.710000e-06	7.874693e-06	6.068359e-09	5.664353e+01	3.989356e+02
1.720000e-06	7.856330e-06	6.058050e-09	5.651144e+01	3.984332e+02
1.730000e-06	7.835725e-06	6.047714e-09	5.636323e+01	3.979186e+02
1.740000e-06	7.812291e-06	6.024254e-09	5.619466e+01	3.973896e+02
1.750000e-06	7.785327e-06	5.989340e-09	5.600071e+01	3.968390e+02
1.760000e-06	7.754808e-06	6.002600e-09	5.578118e+01	3.962551e+02
1.770000e-06	7.721387e-06	6.022890e-09	5.554078e+01	3.956237e+02
1.780000e-06	7.685677e-06	6.026953e-09	5.528391e+01	3.949292e+02
1.790000e-06	7.647675e-06	5.993230e-09	5.501056e+01	3.941571e+02
1.800000e-06	7.607568e-06	5.991947e-09	5.472207e+01	3.932946e+02
1.810000e-06	7.565233e-06	5.951424e-09	5.441755e+01	3.923328e+02
1.820000e-06	7.520295e-06	5.947198e-09	5.409431e+01	3.912663e+02
1.830000e-06	7.472764e-06	5.995544e-09	5.375241e+01	3.900939e+02
1.840000e-06	7.422407e-06	5.949283e-09	5.339019e+01	3.888178e+02
1.850000e-06	7.369131e-06	5.994925e-09	5.300697e+01	3.874430e+02
1.860000e-06	7.313018e-06	5.931867e-09	5.260334e+01	3.859758e+02
1.870000e-06	7.254255e-06	5.882715e-09	5.218065e+01	3.844227e+02
1.880000e-06	7.192966e-06	5.865026e-09	5.173979e+01	3.827895e+02
1.890000e-06	7.128874e-06	5.766342e-09	5.127877e+01	3.810804e+02
1.900000e-06	7.061996e-06	5.763143e-09	5.079771e+01	3.792977e+02
1.910000e-06	6.992370e-06	5.744211e-09	5.029688e+01	3.774415e+02
1.920000e-06	6.919978e-06	5.759621e-09	4.977616e+01	3.755103e+02
1.930000e-06	6.844986e-06	5.693214e-09	4.923673e+01	3.735014e+02
1.940000e-06	6.767197e-06	5.648106e-09	4.867719e+01	3.714118e+02
1.950000e-06	6.686710e-06	5.641451e-09	4.809823e+01	3.692386e+02
1.960000e-06	6.603852e-06	5.570118e-09	4.750223e+01	3.669797e+02
1.970000e-06	6.518647e-06	5.570049e-09	4.688934e+01	3.646342e+02
1.980000e-06	6.430989e-06	5.532825e-09	4.625881e+01	3.622023e+02
1.990000e-06	6.340980e-06	5.522556e-09	4.561137e+01	3.596854e+02
2.000000e-06	6.248874e-06	5.455158e-09	4.494883e+01	3.570854e+02
2.010000e-06	6.154486e-06	5.401382e-09	4.426989e+01	3.544043e+02
2.020000e-06	6.057809e-06	5.382368e-09	4.357449e+01	3.516441e+02
2.030000e-06	5.959017e-06	5.332052e-09	4.286386e+01	3.488057e+02
2.040000e-06	5.858165e-06	5.289565e-09	4.213842e+01	3.458892e+02
2.050000e-06	5.755190e-06	5.237370e-09	4.139771e+01	3.428938e+02
2.060000e-06	5.650147e-06	5.218170e-09	4.064213e+01	3.398175e+02
2.070000e-06	5.543229e-06	5.146552e-09	3.987305e+01	3.366581e+02
2.080000e-06	5.434440e-06	5.088097e-09	3.909052e+01	3.334127e+02
2.090000e-06	5.323711e-06	5.035066e-09	3.829404e+01	3.300788e+02
2.100000e-06	5.210965e-06	4.984093e-09	3.748304e+01	3.266541e+02
2.110000e-06	5.096205e-06	4.927656e-09	3.665756e+01	3.231365e+02
2.120000e-06	4.979498e-06	4.889761e-09	3.581807e+01	3.195244e+02
2.130000e-06	4.860851e-06	4.855618e-09	3.496463e+01	3.158160e+02
2.140000e-06	4.740274e-06	4.789562e-09	3.409731e+01	3.120095e+02
2.150000e-06	4.617964e-06	4.717755e-09	3.321752e+01	3.081023e+02
2.160000e-06	4.493969e-06	4.645826e-09	3.232561e+01	3.040908e+02
2.170000e-06	4.368360e-06	4.590698e-09	3.142209e+01	2.999703e+02
2.180000e-06	4.241078e-06	4.525358e-09	3.050654e+01	2.957355e+02
2.190000e-06	4.112194e-06	4.467470e-09	2.957946e+01	2.913802e+02
2.200000e-06	3.981885e-06	4.398989e-09	2.864213e+01	2.868980e+02
2.210000e-06	3.850120e-06	4.324124e-09	2.769434e+01	2.822833e+02
2.220000e-06	3.716994e-06	4.248855e-09	2.673674e+01	2.775313e+02
2.230000e-06	3.582466e-06	4.184827e-09	2.576907e+01	2.726389e+02
2.240000e-06	3.446522e-06	4.116063e-09	2.479121e+01	2.676049e+02
2.250000e-06	3.309295e-06	4.036632e-09	2.380412e+01	2.624297e+02
2.260000e-06	3.170946e-06	3.953371e-09	2.280896e+01	2.571150e+02
2.270000e-06	3.031396e-06	3.865325e-09	2.180516e+01	2.516628e+02
2.280000e-06	2.890596e-06	3.774952e-09	2.079237e+01	2.460746e+02
2.290000e-06	2.748627e-06	3.684633e-09	1.977118e+01	2.403501e+02
2.300000e-06	2.605586e-06	3.596410e-09	1.874226e+01	2.344865e+02
2.310000e-06	2.461516e-06	3.501667e-09	1.770596e+01	2.284772e+02
2.320000e-06	2.316560e-06	3.409990e-09	1.666327e+01	2.223122e+02
2.330000e-06	2.170917e-06	3.323139e-09	1.561565e+01	2.159778e+02
2.340000e-06	2.024510e-06	3.232254e-09	1.456252e+01	2.094578e+02
2.350000e-06	1.877420e-06	3.126453e-09	1.350449e+01	2.027343e+02
2.360000e-06	1.729837e-06	3.013771e-09	1.244290e+01	1.957897e+02
2.370000e-06	1.581766e-06	2.901447e-09	1.137782e+01	1.886081e+02
2.380000e-06	1.433173e-06	2.787557e-09	1.030897e+01	1.811765e+02
2.390000e-06	1.284063e-06	2.671992e-09	9.236408e+00	1.734858e+02
2.400000e-06	1.134505e-06	2.553036e-09	8.160622e+00	1.655308e+02
2.410000e-06	9.846273e-07	2.426400e-09	7.082532e+00	1.573097e+02
2.420000e-06	8.344642e-07	2.294338e-09	6.002392e+00	1.488224e+02
2.430000e-06	6.840391e-07	2.164440e-09	4.920368e+00	1.400687e+02
2.440000e-06	5.333992e-07	2.035197e-09	3.836799e+00	1.310453e+02
2.450000e-06	3.825346e-07	1.898064e-09	2.751613e+00	1.217438e+02
2.460000e-06	2.314318e-07	1.750181e-09	1.664715e+00	1.121483e+02
2.470000e-06	8.014223e-08	1.593830e-09	5.764718e-01	1.022342e+02
2.480000e-06	-7.121296e-08	1.431674e-09	-5.122426e-01	9.196838e+01
2.490000e-06	-2.225587e-07	1.266880e-09	-1.600889e+00	8.131072e+01
2.500000e-06	-3.738457e-07	1.100020e-09	-2.689113e+00	7.021680e+01
2.510000e-06	-5.249778e-07	9.260972e-10	-3.776222e+00	5.864239e+01
2.520000e-06	-6.758961e-07	7.425098e-10	-4.861795e+00	4.654870e+01
2.530000e-06	-8.265449e-07	5.508705e-10	-5.945428e+00	3.390815e+01
2.540000e-06	-9.768951e-07	3.530394e-10	-7.026914e+00	2.071000e+01
2.550000e-06	-1.126932e-06	1.452349e-10	-8.106147e+00	6.965206e+00
2.560000e-06	-1.276616e-06	-7.453343e-11	-9.182837e+00	-7.290236e+00
2.570000e-06	-1.425862e-06	-3.019109e-10	-1.025638e+01	-2.199381e+01
2.580000e-06	-1.574557e-06	-5.336516e-10	-1.132596e+01	-3.705727e+01
2.590000e-06	-1.722659e-06	-7.689125e-10	-1.239128e+01	-5.236973e+01
2.600000e-06	-1.870205e-06	-1.008853e-09	-1.345259e+01	-6.780286e+01
2.610000e-06	-2.017035e-06	-1.248111e-09	-1.450876e+01	-8.321777e+01
2.620000e-06	-2.163025e-06	-1.483550e-09	-1.555887e+01	-9.847291e+01
2.630000e-06	-2.308265e-06	-1.713962e-09	-1.660360e+01	-1.134323e+02
2.640000e-06	-2.452761e-06	-1.937264e-09	-1.764298e+01	-1.279733e+02
2.650000e-06	-2.596320e-06	-2.152758e-09	-1.867561e+01	-1.419929e+02
2.660000e-06	-2.738749e-06	-2.358535e-09	-1.970012e+01	-1.554126e+02
2.670000e-06	-2.879960e-06	-2.553925e-09	-2.071587e+01	-1.681808e+02
2.680000e-06	-3.019957e-06	-2.737323e-09	-2.172288e+01	-1.802727e+02
2.690000e-06	-3.158757e-06	-2.910151e-09	-2.272128e+01	-1.916883e+02
2.700000e-06	-3.296368e-06	-3.072819e-09	-2.371114e+01	-2.024487e+02
2.710000e-06	-3.432842e-06	-3.225767e-09	-2.469281e+01	-2.125905e+02
2.720000e-06	-3.568011e-06	-3.373525e-09	-2.566510e+01	-2.221601e+02
2.730000e-06	-3.701763e-06	-3.516166e-09	-2.662719e+01	-2.312080e+02
2.740000e-06	-3.834203e-06	-3.653439e-09	-2.757984e+01	-2.397839e+02
2.750000e-06	-3.965349e-06	-3.782054e-09	-2.852319e+01	-2.479324e+02
2.760000e-06	-4.095157e-06	-3.900304e-09	-2.945691e+01	-2.556908e+02
2.770000e-06	-4.223617e-06	-4.012885e-09	-3.038094e+01	-2.630884e+02
2.780000e-06	-4.350576e-06	-4.119650e-09	-3.129417e+01	-2.701469e+02
2.790000e-06	-4.475905e-06	-4.220535e-09	-3.219568e+01	-2.768820e+02
2.800000e-06	-4.599759e-06	-4.315987e-09	-3.308657e+01	-2.833059e+02
2.810000e-06	-4.722089e-06	-4.406216e-09	-3.396650e+01	-2.894294e+02
2.820000e-06	-4.842602e-06	-4.493418e-09	-3.483336e+01	-2.952647e+02
2.830000e-06	-4.961166e-06	-4.578566e-09	-3.568621e+01	-3.008265e+02
2.840000e-06	-5.077815e-06	-4.662298e-09	-3.652528e+01	-3.061327e+02
2.850000e-06	-5.192511e-06	-4.742145e-09	-3.735030e+01	-3.112044e+02
2.860000e-06	-5.305009e-06	-4.817400e-09	-3.815951e+01	-3.160643e+02
2.870000e-06	-5.415374e-06	-4.891104e-09	-3.895338e+01	-3.207355e+02
2.880000e-06	-5.523886e-06	-4.964489e-09	-3.973392e+01	-3.252389e+02
2.890000e-06	-5.630623e-06	-5.034851e-09	-4.050168e+01	-3.295917e+02
2.900000e-06	-5.735442e-06	-5.100756e-09	-4.125566e+01	-3.338053e+02
2.910000e-06	-5.838043e-06	-5.163365e-09	-4.199368e+01	-3.378854e+02
2.920000e-06	-5.938409e-06	-5.222142e-09	-4.271562e+01	-3.418312e+02
2.930000e-06	-6.036665e-06	-5.279208e-09	-4.342239e+01	-3.456365e+02
2.940000e-06	-6.132802e-06	-5.336194e-09	-4.411392e+01	-3.492918e+02
2.950000e-06	-6.226697e-06	-5.391463e-09	-4.478931e+01	-3.527859e+02
2.960000e-06	-6.318359e-06	-5.443942e-09	-4.544865e+01	-3.561084e+02
2.970000e-06	-6.407851e-06	-5.492700e-09	-4.609237e+01	-3.592519e+02
2.980000e-06	-6.494999e-06	-5.536637e-09	-4.671923e+01	-3.622134e+02
2.990000e-06	-6.579714e-06	-5.578495e-09	-4.732860e+01	-3.649953e+02
3.000000e-06	-6.662139e-06	-5.619676e-09	-4.792149e+01	-3.676055e+02
3.010000e-06	-6.742302e-06	-5.658195e-09	-4.849811e+01	-3.700565e+02
3.020000e-06	-6.819850e-06	-5.695496e-09	-4.905593e+01	-3.723640e+02
3.030000e-06	-6.894609e-06	-5.731184e-09	-4.959368e+01	-3.745449e+02
3.040000e-06	-6.966830e-06	-5.763045e-09	-5.011317e+01	-3.766155e+02
3.050000e-06	-7.036542e-06	-5.793043e-09	-5.061461e+01	-3.785893e+02
3.060000e-06	-7.103738e-06	-5.822526e-09	-5.109796e+01	-3.804758e+02
3.070000e-06	-7.168471e-06	-5.851152e-09	-5.156359e+01	-3.822798e+02
3.080000e-06	-7.230621e-06	-5.877187e-09	-5.201065e+01	-3.840013e+02
3.090000e-06	-7.290230e-06	-5.900000e-09	-5.243942e+01	-3.856366e+02
3.100000e-06	-7.347329e-06	-5.923651e-09	-5.285014e+01	-3.871793e+02
3.110000e-06	-7.401667e-06	-5.944162e-09	-5.324100e+01	-3.886223e+02
3.120000e-06	-7.453035e-06	-5.961240e-09	-5.361050e+01	-3.899594e+02
3.130000e-06	-7.501395e-06	-5.979193e-09	-5.395835e+01	-3.911872e+02
3.140000e-06	-7.546988e-06	-5.996511e-09	-5.428631e+01	-3.923056e+02
3.150000e-06	-7.590127e-06	-6.014366e-09	-5.459661e+01	-3.933187e+02
3.160000e-06	-7.630777e-06	-6.031218e-09	-5.488901e+01	-3.942345e+02
3.170000e-06	-7.668723e-06	-6.046525e-09	-5.516196e+01	-3.950636e+02
3.180000e-06	-7.703925e-06	-6.058454e-09	-5.541517e+01	-3.958180e+02
3.190000e-06	-7.736329e-06	-6.067694e-09	-5.564826e+01	-3.965094e+02
3.200000e-06	-7.765857e-06	-6.074398e-09	-5.586066e+01	-3.971471e+02
3.210000e-06	-7.792612e-06	-6.080624e-09	-5.605311e+01	-3.977370e+02
3.220000e-06	-7.816616e-06	-6.087361e-09	-5.622578e+01	-3.982808e+02
3.230000e-06	-7.837752e-06	-6.092672e-09	-5.637781e+01	-3.987750e+02
3.240000e-06	-7.856145e-06	-6.097001e-09	-5.651011e+01	-3.992125e+02
3.250000e-06	-7.871732e-06	-6.102099e-09	-5.662223e+01	-3.995829e+02
3.260000e-06	-7.884151e-06	-6.107666e-09	-5.671156e+01	-3.998747e+02
3.270000e-06	-7.893547e-06	-6.110301e-09	-5.677915e+01	-4.000768e+02
3.280000e-06	-7.900057e-06	-6.109625e-09	-5.682597e+01	-4.001808e+02
3.290000e-06	-7.903753e-06	-6.108842e-09	-5.685256e+01	-4.001821e+02
3.300000e-06	-7.904788e-06	-6.109858e-09	-5.686000e+01	-4.000811e+02
