# Temperatura_=_42.09
# Concentracion g/m^3_=_5000.0
# C_Vs_to_Am_M_A/Vsm_=_65563218390.804596
# pendiente_HvsI_1/m_=_3716.3
# ordenada_HvsI_A/m_=_1297.0
# frecuencia_Hz_=_302574.72039596306

Tiempo_(s)	Campo_(V.s)	Magnetizacion_(V.s)	Campo_(kA/m)	Magnetizacion_(A/m)
0.000000e+00	-7.978813e-06	-5.763535e-09	-5.685099e+01	-3.780879e+02
1.000000e-08	-7.975566e-06	-5.762446e-09	-5.682785e+01	-3.778174e+02
2.000000e-08	-7.969686e-06	-5.755783e-09	-5.678595e+01	-3.774806e+02
3.000000e-08	-7.961221e-06	-5.749585e-09	-5.672564e+01	-3.771007e+02
4.000000e-08	-7.949983e-06	-5.744398e-09	-5.664556e+01	-3.767010e+02
5.000000e-08	-7.935774e-06	-5.737542e-09	-5.654432e+01	-3.763019e+02
6.000000e-08	-7.918586e-06	-5.728668e-09	-5.642186e+01	-3.759177e+02
7.000000e-08	-7.898984e-06	-5.712771e-09	-5.628218e+01	-3.755545e+02
8.000000e-08	-7.877123e-06	-5.733616e-09	-5.612642e+01	-3.752089e+02
9.000000e-08	-7.852361e-06	-5.768551e-09	-5.594998e+01	-3.748683e+02
1.000000e-07	-7.824336e-06	-5.752814e-09	-5.575030e+01	-3.745118e+02
1.100000e-07	-7.793283e-06	-5.727161e-09	-5.552904e+01	-3.741130e+02
1.200000e-07	-7.759419e-06	-5.699776e-09	-5.528775e+01	-3.736427e+02
1.300000e-07	-7.722947e-06	-5.649641e-09	-5.502788e+01	-3.730726e+02
1.400000e-07	-7.684203e-06	-5.573780e-09	-5.475182e+01	-3.723786e+02
1.500000e-07	-7.643301e-06	-5.584406e-09	-5.446038e+01	-3.715436e+02
1.600000e-07	-7.599926e-06	-5.715293e-09	-5.415133e+01	-3.705591e+02
1.700000e-07	-7.553871e-06	-5.662740e-09	-5.382317e+01	-3.694263e+02
1.800000e-07	-7.505144e-06	-5.640485e-09	-5.347598e+01	-3.681554e+02
1.900000e-07	-7.453371e-06	-5.619733e-09	-5.310708e+01	-3.667639e+02
2.000000e-07	-7.398612e-06	-5.516363e-09	-5.271691e+01	-3.652742e+02
2.100000e-07	-7.341142e-06	-5.506338e-09	-5.230743e+01	-3.637110e+02
2.200000e-07	-7.280947e-06	-5.512792e-09	-5.187852e+01	-3.620977e+02
2.300000e-07	-7.218122e-06	-5.545771e-09	-5.143088e+01	-3.604540e+02
2.400000e-07	-7.152591e-06	-5.463768e-09	-5.096395e+01	-3.587936e+02
2.500000e-07	-7.084295e-06	-5.428838e-09	-5.047733e+01	-3.571235e+02
2.600000e-07	-7.013323e-06	-5.455549e-09	-4.997164e+01	-3.554431e+02
2.700000e-07	-6.939632e-06	-5.439059e-09	-4.944657e+01	-3.537455e+02
2.800000e-07	-6.863143e-06	-5.398453e-09	-4.890157e+01	-3.520187e+02
2.900000e-07	-6.783881e-06	-5.360007e-09	-4.833680e+01	-3.502478e+02
3.000000e-07	-6.702018e-06	-5.346169e-09	-4.775351e+01	-3.484169e+02
3.100000e-07	-6.617797e-06	-5.298533e-09	-4.715341e+01	-3.465117e+02
3.200000e-07	-6.531301e-06	-5.273748e-09	-4.653711e+01	-3.445204e+02
3.300000e-07	-6.442470e-06	-5.258467e-09	-4.590417e+01	-3.424355e+02
3.400000e-07	-6.351294e-06	-5.196736e-09	-4.525452e+01	-3.402535e+02
3.500000e-07	-6.257883e-06	-5.136350e-09	-4.458894e+01	-3.379749e+02
3.600000e-07	-6.162219e-06	-5.109520e-09	-4.390731e+01	-3.356035e+02
3.700000e-07	-6.064245e-06	-5.103963e-09	-4.320922e+01	-3.331447e+02
3.800000e-07	-5.964078e-06	-5.078827e-09	-4.249551e+01	-3.306046e+02
3.900000e-07	-5.861798e-06	-5.042996e-09	-4.176674e+01	-3.279884e+02
4.000000e-07	-5.757406e-06	-4.984159e-09	-4.102292e+01	-3.252996e+02
4.100000e-07	-5.651012e-06	-4.906419e-09	-4.026484e+01	-3.225395e+02
4.200000e-07	-5.542661e-06	-4.861749e-09	-3.949281e+01	-3.197068e+02
4.300000e-07	-5.432305e-06	-4.850373e-09	-3.870649e+01	-3.167984e+02
4.400000e-07	-5.319962e-06	-4.815678e-09	-3.790603e+01	-3.138091e+02
4.500000e-07	-5.205599e-06	-4.752303e-09	-3.709116e+01	-3.107335e+02
4.600000e-07	-5.089173e-06	-4.697670e-09	-3.626160e+01	-3.075654e+02
4.700000e-07	-4.970770e-06	-4.643756e-09	-3.541795e+01	-3.042997e+02
4.800000e-07	-4.850561e-06	-4.582594e-09	-3.456143e+01	-3.009319e+02
4.900000e-07	-4.728581e-06	-4.538664e-09	-3.369229e+01	-2.974583e+02
5.000000e-07	-4.604903e-06	-4.498326e-09	-3.281106e+01	-2.938763e+02
5.100000e-07	-4.479618e-06	-4.430528e-09	-3.191837e+01	-2.901837e+02
5.200000e-07	-4.352669e-06	-4.364352e-09	-3.101383e+01	-2.863783e+02
5.300000e-07	-4.224096e-06	-4.320402e-09	-3.009772e+01	-2.824578e+02
5.400000e-07	-4.094013e-06	-4.263579e-09	-2.917084e+01	-2.784193e+02
5.500000e-07	-3.962413e-06	-4.177243e-09	-2.823316e+01	-2.742596e+02
5.600000e-07	-3.829250e-06	-4.105877e-09	-2.728434e+01	-2.699749e+02
5.700000e-07	-3.694645e-06	-4.049024e-09	-2.632524e+01	-2.655618e+02
5.800000e-07	-3.558708e-06	-3.976451e-09	-2.535666e+01	-2.610170e+02
5.900000e-07	-3.421353e-06	-3.895491e-09	-2.437798e+01	-2.563381e+02
6.000000e-07	-3.282605e-06	-3.831035e-09	-2.338936e+01	-2.515237e+02
6.100000e-07	-3.142421e-06	-3.762278e-09	-2.239051e+01	-2.465733e+02
6.200000e-07	-3.000806e-06	-3.670893e-09	-2.138147e+01	-2.414868e+02
6.300000e-07	-2.857995e-06	-3.587588e-09	-2.036391e+01	-2.362640e+02
6.400000e-07	-2.714098e-06	-3.520519e-09	-1.933861e+01	-2.309038e+02
6.500000e-07	-2.569269e-06	-3.444355e-09	-1.830666e+01	-2.254031e+02
6.600000e-07	-2.423526e-06	-3.348606e-09	-1.726821e+01	-2.197561e+02
6.700000e-07	-2.276885e-06	-3.253341e-09	-1.622336e+01	-2.139540e+02
6.800000e-07	-2.129538e-06	-3.158329e-09	-1.517348e+01	-2.079846e+02
6.900000e-07	-1.981555e-06	-3.057965e-09	-1.411906e+01	-2.018328e+02
7.000000e-07	-1.833001e-06	-2.957706e-09	-1.306058e+01	-1.954815e+02
7.100000e-07	-1.683883e-06	-2.863032e-09	-1.199808e+01	-1.889129e+02
7.200000e-07	-1.534194e-06	-2.765022e-09	-1.093151e+01	-1.821098e+02
7.300000e-07	-1.384036e-06	-2.655614e-09	-9.861594e+00	-1.750573e+02
7.400000e-07	-1.233414e-06	-2.540409e-09	-8.788379e+00	-1.677434e+02
7.500000e-07	-1.082333e-06	-2.424405e-09	-7.711884e+00	-1.601597e+02
7.600000e-07	-9.308809e-07	-2.309862e-09	-6.632753e+00	-1.523015e+02
7.700000e-07	-7.791361e-07	-2.187012e-09	-5.551535e+00	-1.441663e+02
7.800000e-07	-6.271011e-07	-2.056462e-09	-4.468248e+00	-1.357523e+02
7.900000e-07	-4.748038e-07	-1.920029e-09	-3.383093e+00	-1.270559e+02
8.000000e-07	-3.224055e-07	-1.780053e-09	-2.297217e+00	-1.180700e+02
8.100000e-07	-1.698808e-07	-1.636356e-09	-1.210442e+00	-1.087808e+02
8.200000e-07	-1.717096e-08	-1.486145e-09	-1.223472e-01	-9.916750e+01
8.300000e-07	1.355943e-07	-1.330841e-09	9.661424e-01	-8.920082e+01
8.400000e-07	2.883093e-07	-1.169675e-09	2.054274e+00	-7.884474e+01
8.500000e-07	4.409427e-07	-1.004115e-09	3.141824e+00	-6.805864e+01
8.600000e-07	5.934748e-07	-8.332885e-10	4.228653e+00	-5.680126e+01
8.700000e-07	7.458411e-07	-6.592080e-10	5.314300e+00	-4.503574e+01
8.800000e-07	8.979754e-07	-4.768951e-10	6.398294e+00	-3.273531e+01
8.900000e-07	1.049859e-06	-2.832655e-10	7.480505e+00	-1.988900e+01
9.000000e-07	1.201351e-06	-8.014911e-11	8.559921e+00	-6.506699e+00
9.100000e-07	1.352274e-06	1.292512e-10	9.635279e+00	7.377004e+00
9.200000e-07	1.502681e-06	3.455079e-10	1.070697e+01	2.170100e+01
9.300000e-07	1.652629e-06	5.707206e-10	1.177538e+01	3.637801e+01
9.400000e-07	1.801999e-06	8.004254e-10	1.283968e+01	5.129737e+01
9.500000e-07	1.950736e-06	1.032088e-09	1.389947e+01	6.633010e+01
9.600000e-07	2.098816e-06	1.264490e-09	1.495457e+01	8.133578e+01
9.700000e-07	2.246149e-06	1.492538e-09	1.600436e+01	9.617074e+01
9.800000e-07	2.392649e-06	1.709381e-09	1.704821e+01	1.106966e+02
9.900000e-07	2.538219e-06	1.917661e-09	1.808543e+01	1.247886e+02
1.000000e-06	2.682790e-06	2.118566e-09	1.911553e+01	1.383423e+02
1.010000e-06	2.826305e-06	2.315006e-09	2.013811e+01	1.512789e+02
1.020000e-06	2.968749e-06	2.500729e-09	2.115306e+01	1.635480e+02
1.030000e-06	3.110113e-06	2.674047e-09	2.216031e+01	1.751275e+02
1.040000e-06	3.250210e-06	2.839738e-09	2.315854e+01	1.860218e+02
1.050000e-06	3.388907e-06	2.996068e-09	2.414679e+01	1.962571e+02
1.060000e-06	3.526269e-06	3.142439e-09	2.512553e+01	2.058762e+02
1.070000e-06	3.662309e-06	3.279566e-09	2.609484e+01	2.149318e+02
1.080000e-06	3.796982e-06	3.412714e-09	2.705442e+01	2.234799e+02
1.090000e-06	3.930320e-06	3.539151e-09	2.800448e+01	2.315748e+02
1.100000e-06	4.062262e-06	3.659174e-09	2.894460e+01	2.392643e+02
1.110000e-06	4.192710e-06	3.775822e-09	2.987408e+01	2.465874e+02
1.120000e-06	4.321677e-06	3.884275e-09	3.079300e+01	2.535731e+02
1.130000e-06	4.449124e-06	3.982794e-09	3.170109e+01	2.602415e+02
1.140000e-06	4.575122e-06	4.074129e-09	3.259886e+01	2.666058e+02
1.150000e-06	4.699579e-06	4.162642e-09	3.348564e+01	2.726746e+02
1.160000e-06	4.822361e-06	4.250457e-09	3.436050e+01	2.784555e+02
1.170000e-06	4.943462e-06	4.333263e-09	3.522337e+01	2.839574e+02
1.180000e-06	5.062742e-06	4.411439e-09	3.607327e+01	2.891925e+02
1.190000e-06	5.180175e-06	4.488516e-09	3.691001e+01	2.941770e+02
1.200000e-06	5.295647e-06	4.565129e-09	3.773277e+01	2.989308e+02
1.210000e-06	5.408968e-06	4.640415e-09	3.854021e+01	3.034765e+02
1.220000e-06	5.520211e-06	4.711653e-09	3.933285e+01	3.078370e+02
1.230000e-06	5.629625e-06	4.773743e-09	4.011245e+01	3.120332e+02
1.240000e-06	5.737194e-06	4.830137e-09	4.087890e+01	3.160820e+02
1.250000e-06	5.842642e-06	4.884554e-09	4.163024e+01	3.199944e+02
1.260000e-06	5.945811e-06	4.939229e-09	4.236535e+01	3.237744e+02
1.270000e-06	6.046785e-06	4.992764e-09	4.308481e+01	3.274195e+02
1.280000e-06	6.145490e-06	5.040854e-09	4.378811e+01	3.309219e+02
1.290000e-06	6.241797e-06	5.087841e-09	4.447432e+01	3.342700e+02
1.300000e-06	6.335918e-06	5.138121e-09	4.514496e+01	3.374515e+02
1.310000e-06	6.427905e-06	5.188079e-09	4.580039e+01	3.404556e+02
1.320000e-06	6.517512e-06	5.231950e-09	4.643886e+01	3.432759e+02
1.330000e-06	6.604678e-06	5.269876e-09	4.705994e+01	3.459115e+02
1.340000e-06	6.689585e-06	5.304477e-09	4.766492e+01	3.483687e+02
1.350000e-06	6.772212e-06	5.338577e-09	4.825366e+01	3.506596e+02
1.360000e-06	6.852341e-06	5.372163e-09	4.882460e+01	3.528021e+02
1.370000e-06	6.929930e-06	5.405408e-09	4.937744e+01	3.548167e+02
1.380000e-06	7.004951e-06	5.437169e-09	4.991198e+01	3.567250e+02
1.390000e-06	7.077315e-06	5.466326e-09	5.042760e+01	3.585462e+02
1.400000e-06	7.147141e-06	5.493739e-09	5.092512e+01	3.602955e+02
1.410000e-06	7.214399e-06	5.520296e-09	5.140435e+01	3.619822e+02
1.420000e-06	7.279050e-06	5.544297e-09	5.186501e+01	3.636089e+02
1.430000e-06	7.341208e-06	5.565364e-09	5.230790e+01	3.651722e+02
1.440000e-06	7.400896e-06	5.586346e-09	5.273319e+01	3.666637e+02
1.450000e-06	7.457987e-06	5.607126e-09	5.313997e+01	3.680724e+02
1.460000e-06	7.512370e-06	5.626302e-09	5.352746e+01	3.693866e+02
1.470000e-06	7.563784e-06	5.641374e-09	5.389380e+01	3.705968e+02
1.480000e-06	7.612085e-06	5.655607e-09	5.423796e+01	3.716974e+02
1.490000e-06	7.657642e-06	5.671650e-09	5.456256e+01	3.726882e+02
1.500000e-06	7.700545e-06	5.686743e-09	5.486826e+01	3.735748e+02
1.510000e-06	7.740624e-06	5.701794e-09	5.515383e+01	3.743675e+02
1.520000e-06	7.778032e-06	5.717312e-09	5.542037e+01	3.750806e+02
1.530000e-06	7.812773e-06	5.731443e-09	5.566791e+01	3.757295e+02
1.540000e-06	7.844630e-06	5.741148e-09	5.589490e+01	3.763286e+02
1.550000e-06	7.873750e-06	5.746203e-09	5.610239e+01	3.768889e+02
1.560000e-06	7.900047e-06	5.752298e-09	5.628976e+01	3.774161e+02
1.570000e-06	7.923384e-06	5.760037e-09	5.645604e+01	3.779100e+02
1.580000e-06	7.944018e-06	5.766851e-09	5.660306e+01	3.783637e+02
1.590000e-06	7.961890e-06	5.771760e-09	5.673041e+01	3.787655e+02
1.600000e-06	7.976709e-06	5.776454e-09	5.683600e+01	3.791004e+02
1.610000e-06	7.988404e-06	5.783427e-09	5.691933e+01	3.793525e+02
1.620000e-06	7.996988e-06	5.788156e-09	5.698049e+01	3.795082e+02
1.630000e-06	8.002691e-06	5.789728e-09	5.702112e+01	3.795583e+02
1.640000e-06	8.005551e-06	5.790724e-09	5.704150e+01	3.795004e+02
1.650000e-06	8.005498e-06	5.788871e-09	5.704112e+01	3.793396e+02
1.660000e-06	8.002902e-06	5.780219e-09	5.702262e+01	3.790883e+02
1.670000e-06	7.997657e-06	5.775677e-09	5.698526e+01	3.787653e+02
1.680000e-06	7.989579e-06	5.770256e-09	5.692770e+01	3.783933e+02
1.690000e-06	7.978894e-06	5.763346e-09	5.685156e+01	3.779958e+02
1.700000e-06	7.965422e-06	5.760523e-09	5.675557e+01	3.775943e+02
1.710000e-06	7.949235e-06	5.763772e-09	5.664023e+01	3.772049e+02
1.720000e-06	7.930756e-06	5.772491e-09	5.650857e+01	3.768357e+02
1.730000e-06	7.909852e-06	5.699612e-09	5.635963e+01	3.764859e+02
1.740000e-06	7.886029e-06	5.676807e-09	5.618988e+01	3.761451e+02
1.750000e-06	7.858708e-06	5.699679e-09	5.599521e+01	3.757943e+02
1.760000e-06	7.827811e-06	5.687809e-09	5.577506e+01	3.754081e+02
1.770000e-06	7.794097e-06	5.686000e-09	5.553484e+01	3.749577e+02
1.780000e-06	7.757998e-06	5.762189e-09	5.527762e+01	3.744144e+02
1.790000e-06	7.719596e-06	5.795358e-09	5.500400e+01	3.737527e+02
1.800000e-06	7.679232e-06	5.643888e-09	5.471640e+01	3.729535e+02
1.810000e-06	7.636603e-06	5.668585e-09	5.441266e+01	3.720060e+02
1.820000e-06	7.591287e-06	5.603417e-09	5.408977e+01	3.709090e+02
1.830000e-06	7.543335e-06	5.616072e-09	5.374810e+01	3.696706e+02
1.840000e-06	7.492403e-06	5.686460e-09	5.338520e+01	3.683066e+02
1.850000e-06	7.438484e-06	5.596387e-09	5.300101e+01	3.668386e+02
1.860000e-06	7.381808e-06	5.628736e-09	5.259718e+01	3.652909e+02
1.870000e-06	7.322454e-06	5.458735e-09	5.217427e+01	3.636874e+02
1.880000e-06	7.260468e-06	5.436147e-09	5.173260e+01	3.620491e+02
1.890000e-06	7.195614e-06	5.485252e-09	5.127050e+01	3.603913e+02
1.900000e-06	7.127988e-06	5.419243e-09	5.078865e+01	3.587228e+02
1.910000e-06	7.057572e-06	5.465877e-09	5.028692e+01	3.570447e+02
1.920000e-06	6.984367e-06	5.387555e-09	4.976532e+01	3.553517e+02
1.930000e-06	6.908505e-06	5.350743e-09	4.922478e+01	3.536329e+02
1.940000e-06	6.829921e-06	5.302752e-09	4.866485e+01	3.518739e+02
1.950000e-06	6.748815e-06	5.317016e-09	4.808695e+01	3.500588e+02
1.960000e-06	6.665211e-06	5.328163e-09	4.749125e+01	3.481728e+02
1.970000e-06	6.579069e-06	5.229308e-09	4.687747e+01	3.462033e+02
1.980000e-06	6.490493e-06	5.215243e-09	4.624635e+01	3.441416e+02
1.990000e-06	6.399669e-06	5.170427e-09	4.559920e+01	3.419833e+02
2.000000e-06	6.306656e-06	5.173867e-09	4.493646e+01	3.397280e+02
2.010000e-06	6.211282e-06	5.133062e-09	4.425690e+01	3.373787e+02
2.020000e-06	6.113714e-06	5.097143e-09	4.356170e+01	3.349406e+02
2.030000e-06	6.013971e-06	5.024165e-09	4.285101e+01	3.324196e+02
2.040000e-06	5.912033e-06	4.956252e-09	4.212468e+01	3.298214e+02
2.050000e-06	5.807987e-06	4.967313e-09	4.138332e+01	3.271499e+02
2.060000e-06	5.701998e-06	4.963957e-09	4.062812e+01	3.244070e+02
2.070000e-06	5.594067e-06	4.922467e-09	3.985909e+01	3.215921e+02
2.080000e-06	5.484089e-06	4.834192e-09	3.907547e+01	3.187023e+02
2.090000e-06	5.372166e-06	4.777790e-09	3.827799e+01	3.157332e+02
2.100000e-06	5.258254e-06	4.719569e-09	3.746634e+01	3.126790e+02
2.110000e-06	5.142342e-06	4.703732e-09	3.664044e+01	3.095340e+02
2.120000e-06	5.024410e-06	4.691148e-09	3.580014e+01	3.062925e+02
2.130000e-06	4.904487e-06	4.636355e-09	3.494567e+01	3.029499e+02
2.140000e-06	4.782753e-06	4.535473e-09	3.407828e+01	2.995024e+02
2.150000e-06	4.659350e-06	4.465085e-09	3.319900e+01	2.959471e+02
2.160000e-06	4.534225e-06	4.438227e-09	3.230746e+01	2.922817e+02
2.170000e-06	4.407456e-06	4.400038e-09	3.140420e+01	2.885041e+02
2.180000e-06	4.279101e-06	4.341357e-09	3.048964e+01	2.846120e+02
2.190000e-06	4.149186e-06	4.272327e-09	2.956396e+01	2.806027e+02
2.200000e-06	4.017728e-06	4.199294e-09	2.862729e+01	2.764730e+02
2.210000e-06	3.884748e-06	4.124260e-09	2.767978e+01	2.722192e+02
2.220000e-06	3.750320e-06	4.080262e-09	2.672194e+01	2.678379e+02
2.230000e-06	3.614432e-06	4.034118e-09	2.575371e+01	2.633256e+02
2.240000e-06	3.477160e-06	3.950712e-09	2.477561e+01	2.586798e+02
2.250000e-06	3.338584e-06	3.853022e-09	2.378822e+01	2.538987e+02
2.260000e-06	3.198738e-06	3.788006e-09	2.279179e+01	2.489817e+02
2.270000e-06	3.057581e-06	3.733251e-09	2.178601e+01	2.439286e+02
2.280000e-06	2.915235e-06	3.654939e-09	2.077176e+01	2.387393e+02
2.290000e-06	2.771818e-06	3.560034e-09	1.974988e+01	2.334130e+02
2.300000e-06	2.627386e-06	3.465043e-09	1.872077e+01	2.279472e+02
2.310000e-06	2.482031e-06	3.374011e-09	1.768508e+01	2.223369e+02
2.320000e-06	2.335885e-06	3.297648e-09	1.664375e+01	2.165740e+02
2.330000e-06	2.188989e-06	3.233503e-09	1.559708e+01	2.106471e+02
2.340000e-06	2.041342e-06	3.151106e-09	1.454506e+01	2.045417e+02
2.350000e-06	1.893008e-06	3.036089e-09	1.348814e+01	1.982413e+02
2.360000e-06	1.744047e-06	2.916495e-09	1.242676e+01	1.917281e+02
2.370000e-06	1.594498e-06	2.816935e-09	1.136119e+01	1.849845e+02
2.380000e-06	1.444387e-06	2.726751e-09	1.029161e+01	1.779950e+02
2.390000e-06	1.293820e-06	2.623299e-09	9.218785e+00	1.707467e+02
2.400000e-06	1.142812e-06	2.500719e-09	8.142817e+00	1.632304e+02
2.410000e-06	9.914455e-07	2.371121e-09	7.064291e+00	1.554405e+02
2.420000e-06	8.397932e-07	2.246673e-09	5.983731e+00	1.473741e+02
2.430000e-06	6.878592e-07	2.131357e-09	4.901164e+00	1.390293e+02
2.440000e-06	5.356696e-07	2.013019e-09	3.816777e+00	1.304034e+02
2.450000e-06	3.832495e-07	1.880838e-09	2.730746e+00	1.214902e+02
2.460000e-06	2.306556e-07	1.734874e-09	1.643477e+00	1.122779e+02
2.470000e-06	7.797278e-08	1.583266e-09	5.555750e-01	1.027474e+02
2.480000e-06	-7.477463e-08	1.432663e-09	-5.327874e-01	9.287157e+01
2.490000e-06	-2.276017e-07	1.279653e-09	-1.621717e+00	8.261589e+01
2.500000e-06	-3.803671e-07	1.117435e-09	-2.710208e+00	7.194058e+01
2.510000e-06	-5.329170e-07	9.422815e-10	-3.797163e+00	6.080410e+01
2.520000e-06	-6.853355e-07	7.606058e-10	-4.883182e+00	4.916799e+01
2.530000e-06	-8.375749e-07	5.805509e-10	-5.967925e+00	3.700240e+01
2.540000e-06	-9.894512e-07	3.985392e-10	-7.050081e+00	2.429188e+01
2.550000e-06	-1.140930e-06	2.020732e-10	-8.129401e+00	1.104071e+01
2.560000e-06	-1.291978e-06	-1.227002e-11	-9.205654e+00	-2.722955e+00
2.570000e-06	-1.442572e-06	-2.348089e-10	-1.027867e+01	-1.694470e+01
2.580000e-06	-1.592707e-06	-4.599078e-10	-1.134843e+01	-3.154362e+01
2.590000e-06	-1.742271e-06	-6.863756e-10	-1.241411e+01	-4.641452e+01
2.600000e-06	-1.891153e-06	-9.193234e-10	-1.347493e+01	-6.143239e+01
2.610000e-06	-2.039314e-06	-1.155924e-09	-1.453061e+01	-7.645896e+01
2.620000e-06	-2.186642e-06	-1.388921e-09	-1.558035e+01	-9.135056e+01
2.630000e-06	-2.333091e-06	-1.615833e-09	-1.662384e+01	-1.059667e+02
2.640000e-06	-2.478744e-06	-1.830168e-09	-1.766165e+01	-1.201785e+02
2.650000e-06	-2.623586e-06	-2.034103e-09	-1.869369e+01	-1.338758e+02
2.660000e-06	-2.767392e-06	-2.230796e-09	-1.971834e+01	-1.469732e+02
2.670000e-06	-2.910023e-06	-2.422093e-09	-2.073463e+01	-1.594130e+02
2.680000e-06	-3.051526e-06	-2.602861e-09	-2.174286e+01	-1.711661e+02
2.690000e-06	-3.191864e-06	-2.770141e-09	-2.274281e+01	-1.822306e+02
2.700000e-06	-3.330849e-06	-2.926521e-09	-2.373311e+01	-1.926278e+02
2.710000e-06	-3.468521e-06	-3.073817e-09	-2.471405e+01	-2.023970e+02
2.720000e-06	-3.604945e-06	-3.216013e-09	-2.568611e+01	-2.115888e+02
2.730000e-06	-3.739983e-06	-3.353385e-09	-2.664829e+01	-2.202592e+02
2.740000e-06	-3.873727e-06	-3.483425e-09	-2.760125e+01	-2.284633e+02
2.750000e-06	-4.006175e-06	-3.602122e-09	-2.854497e+01	-2.362507e+02
2.760000e-06	-4.137113e-06	-3.713557e-09	-2.947794e+01	-2.436629e+02
2.770000e-06	-4.266608e-06	-3.821700e-09	-3.040062e+01	-2.507314e+02
2.780000e-06	-4.394705e-06	-3.925339e-09	-3.131334e+01	-2.574783e+02
2.790000e-06	-4.521235e-06	-4.021394e-09	-3.221490e+01	-2.639183e+02
2.800000e-06	-4.646145e-06	-4.110343e-09	-3.310492e+01	-2.700609e+02
2.810000e-06	-4.769429e-06	-4.196006e-09	-3.398334e+01	-2.759137e+02
2.820000e-06	-4.891097e-06	-4.280176e-09	-3.485026e+01	-2.814850e+02
2.830000e-06	-5.011012e-06	-4.362757e-09	-3.570468e+01	-2.867861e+02
2.840000e-06	-5.128937e-06	-4.441080e-09	-3.654493e+01	-2.918321e+02
2.850000e-06	-5.244764e-06	-4.514804e-09	-3.737022e+01	-2.966422e+02
2.860000e-06	-5.358425e-06	-4.585305e-09	-3.818008e+01	-3.012384e+02
2.870000e-06	-5.469912e-06	-4.655100e-09	-3.897446e+01	-3.056437e+02
2.880000e-06	-5.579360e-06	-4.723930e-09	-3.975430e+01	-3.098799e+02
2.890000e-06	-5.686907e-06	-4.790733e-09	-4.052060e+01	-3.139649e+02
2.900000e-06	-5.792563e-06	-4.854043e-09	-4.127342e+01	-3.179114e+02
2.910000e-06	-5.896102e-06	-4.912090e-09	-4.201117e+01	-3.217251e+02
2.920000e-06	-5.997333e-06	-4.968021e-09	-4.273246e+01	-3.254051e+02
2.930000e-06	-6.096386e-06	-5.021902e-09	-4.343824e+01	-3.289448e+02
2.940000e-06	-6.193361e-06	-5.074559e-09	-4.412920e+01	-3.323333e+02
2.950000e-06	-6.288121e-06	-5.123571e-09	-4.480439e+01	-3.355582e+02
2.960000e-06	-6.380540e-06	-5.168501e-09	-4.546290e+01	-3.386081e+02
2.970000e-06	-6.470766e-06	-5.212158e-09	-4.610578e+01	-3.414752e+02
2.980000e-06	-6.558844e-06	-5.253775e-09	-4.673336e+01	-3.441574e+02
2.990000e-06	-6.644454e-06	-5.292491e-09	-4.734335e+01	-3.466589e+02
3.000000e-06	-6.727589e-06	-5.328132e-09	-4.793571e+01	-3.489905e+02
3.010000e-06	-6.808449e-06	-5.364180e-09	-4.851186e+01	-3.511689e+02
3.020000e-06	-6.886757e-06	-5.398661e-09	-4.906982e+01	-3.532141e+02
3.030000e-06	-6.962284e-06	-5.428757e-09	-4.960797e+01	-3.551476e+02
3.040000e-06	-7.035244e-06	-5.456129e-09	-5.012783e+01	-3.569896e+02
3.050000e-06	-7.105581e-06	-5.481026e-09	-5.062899e+01	-3.587565e+02
3.060000e-06	-7.173240e-06	-5.505638e-09	-5.111109e+01	-3.604589e+02
3.070000e-06	-7.238449e-06	-5.529942e-09	-5.157571e+01	-3.621013e+02
3.080000e-06	-7.301177e-06	-5.554942e-09	-5.202267e+01	-3.636817e+02
3.090000e-06	-7.361303e-06	-5.578121e-09	-5.245108e+01	-3.651928e+02
3.100000e-06	-7.418816e-06	-5.600032e-09	-5.286087e+01	-3.666240e+02
3.110000e-06	-7.473593e-06	-5.618334e-09	-5.325117e+01	-3.679634e+02
3.120000e-06	-7.525477e-06	-5.634505e-09	-5.362086e+01	-3.692010e+02
3.130000e-06	-7.574170e-06	-5.650773e-09	-5.396781e+01	-3.703299e+02
3.140000e-06	-7.619938e-06	-5.665799e-09	-5.429391e+01	-3.713485e+02
3.150000e-06	-7.663393e-06	-5.680342e-09	-5.460354e+01	-3.722609e+02
3.160000e-06	-7.704408e-06	-5.693843e-09	-5.489578e+01	-3.730765e+02
3.170000e-06	-7.742606e-06	-5.707140e-09	-5.516795e+01	-3.738087e+02
3.180000e-06	-7.778015e-06	-5.718090e-09	-5.542025e+01	-3.744729e+02
3.190000e-06	-7.810730e-06	-5.728866e-09	-5.565335e+01	-3.750838e+02
3.200000e-06	-7.840490e-06	-5.737656e-09	-5.586540e+01	-3.756537e+02
3.210000e-06	-7.867304e-06	-5.743001e-09	-5.605646e+01	-3.761896e+02
3.220000e-06	-7.891429e-06	-5.745494e-09	-5.622835e+01	-3.766928e+02
3.230000e-06	-7.912757e-06	-5.748355e-09	-5.638032e+01	-3.771581e+02
3.240000e-06	-7.931210e-06	-5.753310e-09	-5.651180e+01	-3.775749e+02
3.250000e-06	-7.946836e-06	-5.758468e-09	-5.662314e+01	-3.779286e+02
3.260000e-06	-7.959294e-06	-5.761171e-09	-5.671191e+01	-3.782035e+02
3.270000e-06	-7.968704e-06	-5.762102e-09	-5.677896e+01	-3.783850e+02
3.280000e-06	-7.975266e-06	-5.760537e-09	-5.682571e+01	-3.784627e+02
3.290000e-06	-7.978950e-06	-5.759205e-09	-5.685197e+01	-3.784323e+02
3.300000e-06	-7.979920e-06	-5.759069e-09	-5.685888e+01	-3.782969e+02
