# Temperatura_=_41.43
# Concentracion g/m^3_=_5000.0
# C_Vs_to_Am_M_A/Vsm_=_65563218390.804596
# pendiente_HvsI_1/m_=_3716.3
# ordenada_HvsI_A/m_=_1297.0
# frecuencia_Hz_=_302576.3596427714

Tiempo_(s)	Campo_(V.s)	Magnetizacion_(V.s)	Campo_(kA/m)	Magnetizacion_(A/m)
0.000000e+00	-7.961595e-06	-5.741315e-09	-5.685159e+01	-3.744439e+02
1.000000e-08	-7.958576e-06	-5.738669e-09	-5.683004e+01	-3.742333e+02
2.000000e-08	-7.952888e-06	-5.733766e-09	-5.678942e+01	-3.739272e+02
3.000000e-08	-7.944689e-06	-5.728702e-09	-5.673087e+01	-3.735415e+02
4.000000e-08	-7.933660e-06	-5.722735e-09	-5.665212e+01	-3.730971e+02
5.000000e-08	-7.919536e-06	-5.717111e-09	-5.655126e+01	-3.726176e+02
6.000000e-08	-7.902570e-06	-5.711041e-09	-5.643011e+01	-3.721266e+02
7.000000e-08	-7.883236e-06	-5.702199e-09	-5.629205e+01	-3.716448e+02
8.000000e-08	-7.861555e-06	-5.713095e-09	-5.613723e+01	-3.711877e+02
9.000000e-08	-7.836947e-06	-5.733655e-09	-5.596152e+01	-3.707634e+02
1.000000e-07	-7.809103e-06	-5.724092e-09	-5.576269e+01	-3.703718e+02
1.100000e-07	-7.778314e-06	-5.698428e-09	-5.554283e+01	-3.700044e+02
1.200000e-07	-7.744734e-06	-5.666905e-09	-5.530305e+01	-3.696452e+02
1.300000e-07	-7.708466e-06	-5.624400e-09	-5.504406e+01	-3.692720e+02
1.400000e-07	-7.669917e-06	-5.575369e-09	-5.476880e+01	-3.688592e+02
1.500000e-07	-7.629301e-06	-5.597981e-09	-5.447877e+01	-3.683804e+02
1.600000e-07	-7.586272e-06	-5.664323e-09	-5.417151e+01	-3.678103e+02
1.700000e-07	-7.540448e-06	-5.615651e-09	-5.384429e+01	-3.671281e+02
1.800000e-07	-7.491918e-06	-5.614045e-09	-5.349776e+01	-3.663181e+02
1.900000e-07	-7.440422e-06	-5.579483e-09	-5.313004e+01	-3.653718e+02
2.000000e-07	-7.385926e-06	-5.505718e-09	-5.274090e+01	-3.642874e+02
2.100000e-07	-7.328719e-06	-5.491368e-09	-5.233239e+01	-3.630696e+02
2.200000e-07	-7.268830e-06	-5.477683e-09	-5.190475e+01	-3.617283e+02
2.300000e-07	-7.206428e-06	-5.485891e-09	-5.145915e+01	-3.602771e+02
2.400000e-07	-7.141294e-06	-5.423353e-09	-5.099404e+01	-3.587316e+02
2.500000e-07	-7.073308e-06	-5.408741e-09	-5.050858e+01	-3.571071e+02
2.600000e-07	-7.002675e-06	-5.423159e-09	-5.000420e+01	-3.554174e+02
2.700000e-07	-6.929295e-06	-5.401748e-09	-4.948022e+01	-3.536732e+02
2.800000e-07	-6.853142e-06	-5.361416e-09	-4.893643e+01	-3.518817e+02
2.900000e-07	-6.774168e-06	-5.339311e-09	-4.837250e+01	-3.500461e+02
3.000000e-07	-6.692508e-06	-5.328161e-09	-4.778939e+01	-3.481658e+02
3.100000e-07	-6.608544e-06	-5.272130e-09	-4.718982e+01	-3.462369e+02
3.200000e-07	-6.522383e-06	-5.240386e-09	-4.657457e+01	-3.442533e+02
3.300000e-07	-6.433903e-06	-5.220743e-09	-4.594275e+01	-3.422074e+02
3.400000e-07	-6.343063e-06	-5.165262e-09	-4.529409e+01	-3.400914e+02
3.500000e-07	-6.249998e-06	-5.113762e-09	-4.462954e+01	-3.378978e+02
3.600000e-07	-6.154678e-06	-5.095608e-09	-4.394889e+01	-3.356201e+02
3.700000e-07	-6.056992e-06	-5.079334e-09	-4.325134e+01	-3.332537e+02
3.800000e-07	-5.957078e-06	-5.036882e-09	-4.253788e+01	-3.307953e+02
3.900000e-07	-5.855145e-06	-4.998076e-09	-4.181000e+01	-3.282436e+02
4.000000e-07	-5.751204e-06	-4.960178e-09	-4.106779e+01	-3.255986e+02
4.100000e-07	-5.645200e-06	-4.905182e-09	-4.031084e+01	-3.228614e+02
4.200000e-07	-5.537138e-06	-4.859105e-09	-3.953920e+01	-3.200338e+02
4.300000e-07	-5.427155e-06	-4.835035e-09	-3.875384e+01	-3.171177e+02
4.400000e-07	-5.315228e-06	-4.794793e-09	-3.795460e+01	-3.141150e+02
4.500000e-07	-5.201153e-06	-4.731548e-09	-3.714002e+01	-3.110268e+02
4.600000e-07	-5.084961e-06	-4.677651e-09	-3.631033e+01	-3.078534e+02
4.700000e-07	-4.966969e-06	-4.633061e-09	-3.546778e+01	-3.045938e+02
4.800000e-07	-4.847252e-06	-4.577446e-09	-3.461292e+01	-3.012460e+02
4.900000e-07	-4.725795e-06	-4.523323e-09	-3.374562e+01	-2.978064e+02
5.000000e-07	-4.602530e-06	-4.471551e-09	-3.286542e+01	-2.942705e+02
5.100000e-07	-4.477554e-06	-4.409092e-09	-3.197300e+01	-2.906329e+02
5.200000e-07	-4.351034e-06	-4.350339e-09	-3.106956e+01	-2.868874e+02
5.300000e-07	-4.222877e-06	-4.304081e-09	-3.015442e+01	-2.830277e+02
5.400000e-07	-4.093216e-06	-4.248346e-09	-2.922855e+01	-2.790479e+02
5.500000e-07	-3.962002e-06	-4.172493e-09	-2.829158e+01	-2.749425e+02
5.600000e-07	-3.829181e-06	-4.104833e-09	-2.734315e+01	-2.707076e+02
5.700000e-07	-3.694908e-06	-4.042379e-09	-2.638433e+01	-2.663401e+02
5.800000e-07	-3.559254e-06	-3.966741e-09	-2.541567e+01	-2.618387e+02
5.900000e-07	-3.422285e-06	-3.887461e-09	-2.443761e+01	-2.572032e+02
6.000000e-07	-3.283972e-06	-3.819811e-09	-2.344996e+01	-2.524343e+02
6.100000e-07	-3.144206e-06	-3.749162e-09	-2.245192e+01	-2.475328e+02
6.200000e-07	-3.003052e-06	-3.667483e-09	-2.144398e+01	-2.424991e+02
6.300000e-07	-2.860670e-06	-3.592755e-09	-2.042727e+01	-2.373323e+02
6.400000e-07	-2.717179e-06	-3.524293e-09	-1.940264e+01	-2.320295e+02
6.500000e-07	-2.572676e-06	-3.443160e-09	-1.837078e+01	-2.265850e+02
6.600000e-07	-2.427191e-06	-3.349005e-09	-1.733191e+01	-2.209903e+02
6.700000e-07	-2.280950e-06	-3.257959e-09	-1.628765e+01	-2.152340e+02
6.800000e-07	-2.134092e-06	-3.165322e-09	-1.523897e+01	-2.093024e+02
6.900000e-07	-1.986510e-06	-3.067109e-09	-1.418513e+01	-2.031803e+02
7.000000e-07	-1.838301e-06	-2.966246e-09	-1.312681e+01	-1.968521e+02
7.100000e-07	-1.689547e-06	-2.865493e-09	-1.206460e+01	-1.903031e+02
7.200000e-07	-1.540260e-06	-2.761828e-09	-1.099858e+01	-1.835204e+02
7.300000e-07	-1.390516e-06	-2.654747e-09	-9.929299e+00	-1.764942e+02
7.400000e-07	-1.240347e-06	-2.548710e-09	-8.856982e+00	-1.692175e+02
7.500000e-07	-1.089752e-06	-2.438773e-09	-7.781620e+00	-1.616867e+02
7.600000e-07	-9.387381e-07	-2.323422e-09	-6.703274e+00	-1.539000e+02
7.700000e-07	-7.873863e-07	-2.199286e-09	-5.622512e+00	-1.458562e+02
7.800000e-07	-6.357507e-07	-2.070562e-09	-4.539723e+00	-1.375528e+02
7.900000e-07	-4.838266e-07	-1.938104e-09	-3.454875e+00	-1.289838e+02
8.000000e-07	-3.317385e-07	-1.800858e-09	-2.368855e+00	-1.201376e+02
8.100000e-07	-1.795746e-07	-1.659158e-09	-1.282294e+00	-1.109954e+02
8.200000e-07	-2.729544e-08	-1.511860e-09	-1.949094e-01	-1.015308e+02
8.300000e-07	1.250903e-07	-1.358732e-09	8.932356e-01	-9.170948e+01
8.400000e-07	2.774369e-07	-1.199564e-09	1.981102e+00	-8.149169e+01
8.500000e-07	4.296870e-07	-1.037045e-09	3.068279e+00	-7.083456e+01
8.600000e-07	5.818180e-07	-8.685341e-10	4.154604e+00	-5.969645e+01
8.700000e-07	7.337950e-07	-6.934516e-10	5.239831e+00	-4.804176e+01
8.800000e-07	8.855659e-07	-5.104600e-10	6.323586e+00	-3.584629e+01
8.900000e-07	1.037013e-06	-3.205347e-10	7.405032e+00	-2.310231e+01
9.000000e-07	1.188077e-06	-1.234141e-10	8.483733e+00	-9.822900e+00
9.100000e-07	1.338700e-06	8.112729e-11	9.559295e+00	3.954992e+00
9.200000e-07	1.488926e-06	2.949965e-10	1.063201e+01	1.816928e+01
9.300000e-07	1.638635e-06	5.192519e-10	1.170105e+01	3.273348e+01
9.400000e-07	1.787708e-06	7.472677e-10	1.276554e+01	4.753961e+01
9.500000e-07	1.936178e-06	9.767363e-10	1.382573e+01	6.246299e+01
9.600000e-07	2.083989e-06	1.206715e-09	1.488120e+01	7.736867e+01
9.700000e-07	2.231059e-06	1.432756e-09	1.593139e+01	9.211880e+01
9.800000e-07	2.377253e-06	1.650953e-09	1.697532e+01	1.065805e+02
9.900000e-07	2.522528e-06	1.860885e-09	1.801269e+01	1.206331e+02
1.000000e-06	2.666897e-06	2.060633e-09	1.904359e+01	1.341747e+02
1.010000e-06	2.810214e-06	2.253151e-09	2.006697e+01	1.471265e+02
1.020000e-06	2.952439e-06	2.437019e-09	2.108257e+01	1.594358e+02
1.030000e-06	3.093533e-06	2.610872e-09	2.209008e+01	1.710761e+02
1.040000e-06	3.233400e-06	2.777135e-09	2.308884e+01	1.820458e+02
1.050000e-06	3.371990e-06	2.934426e-09	2.407847e+01	1.923643e+02
1.060000e-06	3.509203e-06	3.084018e-09	2.505827e+01	2.020671e+02
1.070000e-06	3.645066e-06	3.223570e-09	2.602842e+01	2.112007e+02
1.080000e-06	3.779599e-06	3.356612e-09	2.698909e+01	2.198165e+02
1.090000e-06	3.912796e-06	3.483083e-09	2.794021e+01	2.279656e+02
1.100000e-06	4.044623e-06	3.602460e-09	2.888156e+01	2.356951e+02
1.110000e-06	4.174947e-06	3.717575e-09	2.981217e+01	2.430447e+02
1.120000e-06	4.303760e-06	3.825817e-09	3.073199e+01	2.500461e+02
1.130000e-06	4.431081e-06	3.926013e-09	3.164115e+01	2.567228e+02
1.140000e-06	4.556861e-06	4.017787e-09	3.253931e+01	2.630916e+02
1.150000e-06	4.681114e-06	4.106506e-09	3.342656e+01	2.691645e+02
1.160000e-06	4.803730e-06	4.193681e-09	3.430213e+01	2.749514e+02
1.170000e-06	4.924596e-06	4.276197e-09	3.516521e+01	2.804625e+02
1.180000e-06	5.043715e-06	4.353761e-09	3.601580e+01	2.857098e+02
1.190000e-06	5.161010e-06	4.429023e-09	3.685337e+01	2.907081e+02
1.200000e-06	5.276294e-06	4.505333e-09	3.767658e+01	2.954756e+02
1.210000e-06	5.389520e-06	4.580388e-09	3.848510e+01	3.000325e+02
1.220000e-06	5.500742e-06	4.648324e-09	3.927930e+01	3.043997e+02
1.230000e-06	5.610112e-06	4.706982e-09	4.006029e+01	3.085970e+02
1.240000e-06	5.717540e-06	4.762909e-09	4.082740e+01	3.126409e+02
1.250000e-06	5.822807e-06	4.819829e-09	4.157908e+01	3.165431e+02
1.260000e-06	5.925854e-06	4.877328e-09	4.231492e+01	3.203097e+02
1.270000e-06	6.026751e-06	4.932485e-09	4.303540e+01	3.239406e+02
1.280000e-06	6.125480e-06	4.982533e-09	4.374039e+01	3.274303e+02
1.290000e-06	6.221818e-06	5.030731e-09	4.442831e+01	3.307696e+02
1.300000e-06	6.315864e-06	5.079078e-09	4.509987e+01	3.339475e+02
1.310000e-06	6.407696e-06	5.125451e-09	4.575562e+01	3.369535e+02
1.320000e-06	6.497234e-06	5.165796e-09	4.639499e+01	3.397801e+02
1.330000e-06	6.584461e-06	5.202472e-09	4.701785e+01	3.424244e+02
1.340000e-06	6.669388e-06	5.237282e-09	4.762429e+01	3.448893e+02
1.350000e-06	6.751965e-06	5.271997e-09	4.821395e+01	3.471840e+02
1.360000e-06	6.832068e-06	5.305870e-09	4.878595e+01	3.493229e+02
1.370000e-06	6.909718e-06	5.338227e-09	4.934042e+01	3.513248e+02
1.380000e-06	6.984793e-06	5.369528e-09	4.987651e+01	3.532103e+02
1.390000e-06	7.057174e-06	5.396133e-09	5.039337e+01	3.549994e+02
1.400000e-06	7.127069e-06	5.421864e-09	5.089247e+01	3.567096e+02
1.410000e-06	7.194444e-06	5.448255e-09	5.137357e+01	3.583538e+02
1.420000e-06	7.259172e-06	5.472713e-09	5.183578e+01	3.599389e+02
1.430000e-06	7.321365e-06	5.494178e-09	5.227988e+01	3.614657e+02
1.440000e-06	7.381124e-06	5.513824e-09	5.270660e+01	3.629294e+02
1.450000e-06	7.438283e-06	5.533479e-09	5.311476e+01	3.643211e+02
1.460000e-06	7.492722e-06	5.551305e-09	5.350350e+01	3.656293e+02
1.470000e-06	7.544178e-06	5.567093e-09	5.387093e+01	3.668429e+02
1.480000e-06	7.592543e-06	5.582761e-09	5.421629e+01	3.679527e+02
1.490000e-06	7.638173e-06	5.597539e-09	5.454212e+01	3.689537e+02
1.500000e-06	7.681188e-06	5.610026e-09	5.484928e+01	3.698460e+02
1.510000e-06	7.721424e-06	5.622100e-09	5.513659e+01	3.706354e+02
1.520000e-06	7.758900e-06	5.634519e-09	5.540420e+01	3.713324e+02
1.530000e-06	7.793716e-06	5.646763e-09	5.565281e+01	3.719511e+02
1.540000e-06	7.825741e-06	5.655980e-09	5.588149e+01	3.725071e+02
1.550000e-06	7.854987e-06	5.662180e-09	5.609034e+01	3.730153e+02
1.560000e-06	7.881381e-06	5.668589e-09	5.627880e+01	3.734877e+02
1.570000e-06	7.904786e-06	5.676147e-09	5.644593e+01	3.739315e+02
1.580000e-06	7.925449e-06	5.683701e-09	5.659349e+01	3.743481e+02
1.590000e-06	7.943383e-06	5.688837e-09	5.672155e+01	3.747325e+02
1.600000e-06	7.958377e-06	5.693064e-09	5.682861e+01	3.750747e+02
1.610000e-06	7.970277e-06	5.697426e-09	5.691358e+01	3.753605e+02
1.620000e-06	7.979028e-06	5.700643e-09	5.697608e+01	3.755739e+02
1.630000e-06	7.984877e-06	5.702287e-09	5.701784e+01	3.756999e+02
1.640000e-06	7.987951e-06	5.703103e-09	5.703979e+01	3.757264e+02
1.650000e-06	7.988190e-06	5.701429e-09	5.704150e+01	3.756469e+02
1.660000e-06	7.985706e-06	5.694389e-09	5.702376e+01	3.754615e+02
1.670000e-06	7.980569e-06	5.690343e-09	5.698708e+01	3.751776e+02
1.680000e-06	7.972748e-06	5.687211e-09	5.693123e+01	3.748096e+02
1.690000e-06	7.962348e-06	5.682852e-09	5.685697e+01	3.743773e+02
1.700000e-06	7.949136e-06	5.679217e-09	5.676263e+01	3.739039e+02
1.710000e-06	7.933165e-06	5.678042e-09	5.664858e+01	3.734133e+02
1.720000e-06	7.914867e-06	5.677084e-09	5.651792e+01	3.729271e+02
1.730000e-06	7.894255e-06	5.623384e-09	5.637073e+01	3.724623e+02
1.740000e-06	7.870775e-06	5.598783e-09	5.620307e+01	3.720291e+02
1.750000e-06	7.843803e-06	5.608456e-09	5.601047e+01	3.716294e+02
1.760000e-06	7.813210e-06	5.605707e-09	5.579202e+01	3.712568e+02
1.770000e-06	7.779655e-06	5.612171e-09	5.555241e+01	3.708970e+02
1.780000e-06	7.743816e-06	5.667532e-09	5.529649e+01	3.705292e+02
1.790000e-06	7.705632e-06	5.662845e-09	5.502383e+01	3.701284e+02
1.800000e-06	7.665404e-06	5.577917e-09	5.473657e+01	3.696681e+02
1.810000e-06	7.623021e-06	5.629236e-09	5.443392e+01	3.691226e+02
1.820000e-06	7.577966e-06	5.573617e-09	5.411220e+01	3.684697e+02
1.830000e-06	7.530237e-06	5.599448e-09	5.377138e+01	3.676924e+02
1.840000e-06	7.479604e-06	5.664030e-09	5.340983e+01	3.667802e+02
1.850000e-06	7.426006e-06	5.609345e-09	5.302709e+01	3.657297e+02
1.860000e-06	7.369589e-06	5.628836e-09	5.262424e+01	3.645441e+02
1.870000e-06	7.310488e-06	5.517267e-09	5.220221e+01	3.632321e+02
1.880000e-06	7.248781e-06	5.507587e-09	5.176158e+01	3.618066e+02
1.890000e-06	7.184254e-06	5.516440e-09	5.130081e+01	3.602828e+02
1.900000e-06	7.116954e-06	5.451641e-09	5.082024e+01	3.586762e+02
1.910000e-06	7.046861e-06	5.469699e-09	5.031972e+01	3.570013e+02
1.920000e-06	6.973993e-06	5.411693e-09	4.979939e+01	3.552695e+02
1.930000e-06	6.898495e-06	5.379174e-09	4.926028e+01	3.534890e+02
1.940000e-06	6.820188e-06	5.338383e-09	4.870111e+01	3.516639e+02
1.950000e-06	6.739304e-06	5.339366e-09	4.812354e+01	3.497946e+02
1.960000e-06	6.656028e-06	5.336841e-09	4.752889e+01	3.478780e+02
1.970000e-06	6.570255e-06	5.260239e-09	4.691641e+01	3.459083e+02
1.980000e-06	6.481999e-06	5.251149e-09	4.628620e+01	3.438783e+02
1.990000e-06	6.391492e-06	5.219371e-09	4.563991e+01	3.417802e+02
2.000000e-06	6.298865e-06	5.195416e-09	4.497849e+01	3.396062e+02
2.010000e-06	6.203875e-06	5.147467e-09	4.430019e+01	3.373497e+02
2.020000e-06	6.106604e-06	5.119233e-09	4.360561e+01	3.350054e+02
2.030000e-06	6.007235e-06	5.076168e-09	4.289604e+01	3.325698e+02
2.040000e-06	5.905798e-06	5.019375e-09	4.217170e+01	3.300411e+02
2.050000e-06	5.802194e-06	5.005253e-09	4.143190e+01	3.274189e+02
2.060000e-06	5.696542e-06	4.976762e-09	4.067746e+01	3.247042e+02
2.070000e-06	5.589066e-06	4.922452e-09	3.991000e+01	3.218986e+02
2.080000e-06	5.479642e-06	4.851145e-09	3.912864e+01	3.190041e+02
2.090000e-06	5.368145e-06	4.814152e-09	3.833247e+01	3.160225e+02
2.100000e-06	5.254564e-06	4.771511e-09	3.752142e+01	3.129552e+02
2.110000e-06	5.139023e-06	4.738188e-09	3.669637e+01	3.098027e+02
2.120000e-06	5.021514e-06	4.700766e-09	3.585727e+01	3.065644e+02
2.130000e-06	4.901975e-06	4.643856e-09	3.500368e+01	3.032385e+02
2.140000e-06	4.780583e-06	4.570829e-09	3.413685e+01	2.998218e+02
2.150000e-06	4.657579e-06	4.516254e-09	3.325851e+01	2.963102e+02
2.160000e-06	4.532895e-06	4.482544e-09	3.236818e+01	2.926981e+02
2.170000e-06	4.406478e-06	4.429149e-09	3.146547e+01	2.889798e+02
2.180000e-06	4.278401e-06	4.361327e-09	3.055090e+01	2.851488e+02
2.190000e-06	4.148778e-06	4.293829e-09	2.962530e+01	2.811991e+02
2.200000e-06	4.017666e-06	4.228721e-09	2.868906e+01	2.771252e+02
2.210000e-06	3.885077e-06	4.162792e-09	2.774228e+01	2.729226e+02
2.220000e-06	3.751102e-06	4.115142e-09	2.678560e+01	2.685880e+02
2.230000e-06	3.615607e-06	4.061269e-09	2.581807e+01	2.641198e+02
2.240000e-06	3.478656e-06	3.983778e-09	2.484014e+01	2.595174e+02
2.250000e-06	3.340442e-06	3.901491e-09	2.385319e+01	2.547813e+02
2.260000e-06	3.201051e-06	3.835638e-09	2.285784e+01	2.499124e+02
2.270000e-06	3.060400e-06	3.766793e-09	2.185349e+01	2.449114e+02
2.280000e-06	2.918481e-06	3.678460e-09	2.084008e+01	2.397777e+02
2.290000e-06	2.775364e-06	3.589055e-09	1.981812e+01	2.345089e+02
2.300000e-06	2.631173e-06	3.505662e-09	1.878849e+01	2.291001e+02
2.310000e-06	2.486106e-06	3.421731e-09	1.775261e+01	2.235435e+02
2.320000e-06	2.340281e-06	3.339620e-09	1.671131e+01	2.178284e+02
2.330000e-06	2.193699e-06	3.260221e-09	1.566461e+01	2.119416e+02
2.340000e-06	2.046376e-06	3.169100e-09	1.461262e+01	2.058682e+02
2.350000e-06	1.898359e-06	3.063030e-09	1.355567e+01	1.995926e+02
2.360000e-06	1.749693e-06	2.960566e-09	1.249408e+01	1.930997e+02
2.370000e-06	1.600545e-06	2.866948e-09	1.142906e+01	1.863761e+02
2.380000e-06	1.450943e-06	2.767511e-09	1.036079e+01	1.794111e+02
2.390000e-06	1.300838e-06	2.653702e-09	9.288928e+00	1.721971e+02
2.400000e-06	1.150320e-06	2.531034e-09	8.214124e+00	1.647296e+02
2.410000e-06	9.993759e-07	2.407451e-09	7.136272e+00	1.570066e+02
2.420000e-06	8.479658e-07	2.288342e-09	6.055094e+00	1.490268e+02
2.430000e-06	6.962606e-07	2.174415e-09	4.971808e+00	1.407883e+02
2.440000e-06	5.442955e-07	2.054255e-09	3.886667e+00	1.322861e+02
2.450000e-06	3.921213e-07	1.919793e-09	2.800032e+00	1.235103e+02
2.460000e-06	2.398307e-07	1.775042e-09	1.712566e+00	1.144439e+02
2.470000e-06	8.743936e-08	1.626491e-09	6.243808e-01	1.050623e+02
2.480000e-06	-6.506996e-08	1.476752e-09	-4.646469e-01	9.533337e+01
2.490000e-06	-2.175938e-07	1.323632e-09	-1.553779e+00	8.521827e+01
2.500000e-06	-3.700183e-07	1.163780e-09	-2.642201e+00	7.467460e+01
2.510000e-06	-5.223109e-07	9.957642e-10	-3.729681e+00	6.365999e+01
2.520000e-06	-6.744472e-07	8.200363e-10	-4.816045e+00	5.213685e+01
2.530000e-06	-8.264365e-07	6.392594e-10	-5.901359e+00	4.007763e+01
2.540000e-06	-9.781584e-07	4.525986e-10	-6.984764e+00	2.747002e+01
2.550000e-06	-1.129470e-06	2.525583e-10	-8.065239e+00	1.432157e+01
2.560000e-06	-1.280303e-06	3.885229e-11	-9.142296e+00	6.630568e-01
2.570000e-06	-1.430554e-06	-1.822360e-10	-1.021520e+01	-1.344972e+01
2.580000e-06	-1.580277e-06	-4.055971e-10	-1.128433e+01	-2.793620e+01
2.590000e-06	-1.729463e-06	-6.301880e-10	-1.234963e+01	-4.269338e+01
2.600000e-06	-1.878047e-06	-8.606608e-10	-1.341062e+01	-5.760023e+01
2.610000e-06	-2.025888e-06	-1.093224e-09	-1.446632e+01	-7.252368e+01
2.620000e-06	-2.172856e-06	-1.323882e-09	-1.551578e+01	-8.732588e+01
2.630000e-06	-2.319048e-06	-1.548688e-09	-1.655970e+01	-1.018720e+02
2.640000e-06	-2.464429e-06	-1.764481e-09	-1.759782e+01	-1.160377e+02
2.650000e-06	-2.608952e-06	-1.972585e-09	-1.862982e+01	-1.297157e+02
2.660000e-06	-2.752468e-06	-2.174450e-09	-1.965463e+01	-1.428214e+02
2.670000e-06	-2.894802e-06	-2.369817e-09	-2.067100e+01	-1.552952e+02
2.680000e-06	-3.035977e-06	-2.552385e-09	-2.167909e+01	-1.671043e+02
2.690000e-06	-3.175953e-06	-2.720124e-09	-2.267862e+01	-1.782410e+02
2.700000e-06	-3.314660e-06	-2.875118e-09	-2.366909e+01	-1.887198e+02
2.710000e-06	-3.452124e-06	-3.021238e-09	-2.465068e+01	-1.985729e+02
2.720000e-06	-3.588323e-06	-3.163468e-09	-2.562324e+01	-2.078446e+02
2.730000e-06	-3.723154e-06	-3.300921e-09	-2.658603e+01	-2.165853e+02
2.740000e-06	-3.856593e-06	-3.431082e-09	-2.753888e+01	-2.248469e+02
2.750000e-06	-3.988698e-06	-3.552218e-09	-2.848221e+01	-2.326776e+02
2.760000e-06	-4.119443e-06	-3.665662e-09	-2.941583e+01	-2.401192e+02
2.770000e-06	-4.248799e-06	-3.775321e-09	-3.033953e+01	-2.472056e+02
2.780000e-06	-4.376733e-06	-3.881232e-09	-3.125307e+01	-2.539621e+02
2.790000e-06	-4.503071e-06	-3.981303e-09	-3.215521e+01	-2.604070e+02
2.800000e-06	-4.627822e-06	-4.072187e-09	-3.304602e+01	-2.665533e+02
2.810000e-06	-4.750960e-06	-4.154843e-09	-3.392531e+01	-2.724112e+02
2.820000e-06	-4.872461e-06	-4.234989e-09	-3.479293e+01	-2.779907e+02
2.830000e-06	-4.992176e-06	-4.315588e-09	-3.564778e+01	-2.833030e+02
2.840000e-06	-5.109885e-06	-4.396592e-09	-3.648830e+01	-2.883624e+02
2.850000e-06	-5.225610e-06	-4.473717e-09	-3.731466e+01	-2.931862e+02
2.860000e-06	-5.339146e-06	-4.545186e-09	-3.812540e+01	-2.977942e+02
2.870000e-06	-5.450444e-06	-4.615680e-09	-3.892014e+01	-3.022073e+02
2.880000e-06	-5.559760e-06	-4.685482e-09	-3.970074e+01	-3.064457e+02
2.890000e-06	-5.667206e-06	-4.753249e-09	-4.046798e+01	-3.105270e+02
2.900000e-06	-5.772760e-06	-4.815370e-09	-4.122171e+01	-3.144643e+02
2.910000e-06	-5.876200e-06	-4.872775e-09	-4.196035e+01	-3.182650e+02
2.920000e-06	-5.977395e-06	-4.927590e-09	-4.268296e+01	-3.219305e+02
2.930000e-06	-6.076403e-06	-4.981186e-09	-4.338995e+01	-3.254566e+02
2.940000e-06	-6.173353e-06	-5.034265e-09	-4.408224e+01	-3.288349e+02
2.950000e-06	-6.268145e-06	-5.084933e-09	-4.475913e+01	-3.320546e+02
2.960000e-06	-6.360568e-06	-5.132760e-09	-4.541909e+01	-3.351049e+02
2.970000e-06	-6.450763e-06	-5.176615e-09	-4.606315e+01	-3.379773e+02
2.980000e-06	-6.538724e-06	-5.218674e-09	-4.669125e+01	-3.406675e+02
2.990000e-06	-6.624267e-06	-5.258736e-09	-4.730209e+01	-3.431770e+02
3.000000e-06	-6.707417e-06	-5.295049e-09	-4.789584e+01	-3.455135e+02
3.010000e-06	-6.788284e-06	-5.327548e-09	-4.847329e+01	-3.476901e+02
3.020000e-06	-6.866583e-06	-5.357667e-09	-4.903241e+01	-3.497248e+02
3.030000e-06	-6.942081e-06	-5.387107e-09	-4.957152e+01	-3.516378e+02
3.040000e-06	-7.014995e-06	-5.417038e-09	-5.009217e+01	-3.534497e+02
3.050000e-06	-7.085389e-06	-5.445827e-09	-5.059484e+01	-3.551786e+02
3.060000e-06	-7.153230e-06	-5.472869e-09	-5.107927e+01	-3.568388e+02
3.070000e-06	-7.218574e-06	-5.498478e-09	-5.154588e+01	-3.584387e+02
3.080000e-06	-7.281355e-06	-5.522796e-09	-5.199418e+01	-3.599807e+02
3.090000e-06	-7.341490e-06	-5.544098e-09	-5.242359e+01	-3.614614e+02
3.100000e-06	-7.399018e-06	-5.564235e-09	-5.283438e+01	-3.628725e+02
3.110000e-06	-7.453851e-06	-5.582760e-09	-5.322593e+01	-3.642031e+02
3.120000e-06	-7.505811e-06	-5.599737e-09	-5.359696e+01	-3.654417e+02
3.130000e-06	-7.554677e-06	-5.616123e-09	-5.394590e+01	-3.665785e+02
3.140000e-06	-7.600632e-06	-5.631394e-09	-5.427405e+01	-3.676073e+02
3.150000e-06	-7.644161e-06	-5.648387e-09	-5.458488e+01	-3.685269e+02
3.160000e-06	-7.685209e-06	-5.665693e-09	-5.487800e+01	-3.693416e+02
3.170000e-06	-7.723455e-06	-5.681443e-09	-5.515110e+01	-3.700608e+02
3.180000e-06	-7.758899e-06	-5.692137e-09	-5.540419e+01	-3.706981e+02
3.190000e-06	-7.791644e-06	-5.700431e-09	-5.563802e+01	-3.712687e+02
3.200000e-06	-7.821526e-06	-5.706719e-09	-5.585140e+01	-3.717880e+02
3.210000e-06	-7.848536e-06	-5.711346e-09	-5.604426e+01	-3.722689e+02
3.220000e-06	-7.872825e-06	-5.715091e-09	-5.621771e+01	-3.727199e+02
3.230000e-06	-7.894278e-06	-5.718643e-09	-5.637090e+01	-3.731438e+02
3.240000e-06	-7.912878e-06	-5.724412e-09	-5.650372e+01	-3.735375e+02
3.250000e-06	-7.928666e-06	-5.731030e-09	-5.661646e+01	-3.738918e+02
3.260000e-06	-7.941315e-06	-5.736627e-09	-5.670678e+01	-3.741936e+02
3.270000e-06	-7.950885e-06	-5.740243e-09	-5.677512e+01	-3.744270e+02
3.280000e-06	-7.957545e-06	-5.740803e-09	-5.682267e+01	-3.745766e+02
3.290000e-06	-7.961351e-06	-5.740165e-09	-5.684985e+01	-3.746292e+02
3.300000e-06	-7.962490e-06	-5.739388e-09	-5.685798e+01	-3.745769e+02
