# Temperatura_=_33.9
# Concentracion g/m^3_=_5000.0
# C_Vs_to_Am_M_A/Vsm_=_65563218390.804596
# pendiente_HvsI_1/m_=_3716.3
# ordenada_HvsI_A/m_=_1297.0
# frecuencia_Hz_=_302569.762134927

Tiempo_(s)	Campo_(V.s)	Magnetizacion_(V.s)	Campo_(kA/m)	Magnetizacion_(A/m)
0.000000e+00	-7.965372e-06	-5.967277e-09	-5.685139e+01	-3.894383e+02
1.000000e-08	-7.962019e-06	-5.966750e-09	-5.682746e+01	-3.892273e+02
2.000000e-08	-7.956077e-06	-5.961902e-09	-5.678505e+01	-3.889308e+02
3.000000e-08	-7.947615e-06	-5.958671e-09	-5.672465e+01	-3.885666e+02
4.000000e-08	-7.936277e-06	-5.955431e-09	-5.664373e+01	-3.881568e+02
5.000000e-08	-7.921943e-06	-5.949492e-09	-5.654142e+01	-3.877256e+02
6.000000e-08	-7.904785e-06	-5.938694e-09	-5.641896e+01	-3.872960e+02
7.000000e-08	-7.885256e-06	-5.922855e-09	-5.627958e+01	-3.868873e+02
8.000000e-08	-7.863378e-06	-5.945089e-09	-5.612342e+01	-3.865130e+02
9.000000e-08	-7.838553e-06	-5.988267e-09	-5.594625e+01	-3.861784e+02
1.000000e-07	-7.810406e-06	-5.966459e-09	-5.574535e+01	-3.858806e+02
1.100000e-07	-7.779319e-06	-5.933788e-09	-5.552347e+01	-3.856080e+02
1.200000e-07	-7.745507e-06	-5.907530e-09	-5.528214e+01	-3.853418e+02
1.300000e-07	-7.709013e-06	-5.853513e-09	-5.502168e+01	-3.850582e+02
1.400000e-07	-7.670283e-06	-5.780913e-09	-5.474525e+01	-3.847302e+02
1.500000e-07	-7.629450e-06	-5.819256e-09	-5.445381e+01	-3.843310e+02
1.600000e-07	-7.586103e-06	-5.951142e-09	-5.414442e+01	-3.838360e+02
1.700000e-07	-7.539989e-06	-5.876638e-09	-5.381530e+01	-3.832257e+02
1.800000e-07	-7.491198e-06	-5.875293e-09	-5.346706e+01	-3.824863e+02
1.900000e-07	-7.439438e-06	-5.831220e-09	-5.309763e+01	-3.816112e+02
2.000000e-07	-7.384720e-06	-5.716782e-09	-5.270709e+01	-3.806007e+02
2.100000e-07	-7.327270e-06	-5.733331e-09	-5.229705e+01	-3.794611e+02
2.200000e-07	-7.267076e-06	-5.738764e-09	-5.186743e+01	-3.782032e+02
2.300000e-07	-7.204346e-06	-5.777052e-09	-5.141971e+01	-3.768408e+02
2.400000e-07	-7.138921e-06	-5.699183e-09	-5.095274e+01	-3.753885e+02
2.500000e-07	-7.070744e-06	-5.654730e-09	-5.046615e+01	-3.738604e+02
2.600000e-07	-6.999907e-06	-5.677752e-09	-4.996056e+01	-3.722682e+02
2.700000e-07	-6.926240e-06	-5.667104e-09	-4.943478e+01	-3.706203e+02
2.800000e-07	-6.849808e-06	-5.628150e-09	-4.888925e+01	-3.689216e+02
2.900000e-07	-6.770576e-06	-5.595795e-09	-4.832375e+01	-3.671733e+02
3.000000e-07	-6.688675e-06	-5.595365e-09	-4.773920e+01	-3.653737e+02
3.100000e-07	-6.604563e-06	-5.540698e-09	-4.713887e+01	-3.635183e+02
3.200000e-07	-6.518211e-06	-5.505616e-09	-4.652254e+01	-3.616015e+02
3.300000e-07	-6.429476e-06	-5.499121e-09	-4.588922e+01	-3.596170e+02
3.400000e-07	-6.338445e-06	-5.437080e-09	-4.523950e+01	-3.575588e+02
3.500000e-07	-6.245133e-06	-5.379723e-09	-4.457350e+01	-3.554217e+02
3.600000e-07	-6.149475e-06	-5.358933e-09	-4.389076e+01	-3.532016e+02
3.700000e-07	-6.051477e-06	-5.355824e-09	-4.319132e+01	-3.508958e+02
3.800000e-07	-5.951282e-06	-5.327329e-09	-4.247619e+01	-3.485028e+02
3.900000e-07	-5.848972e-06	-5.289192e-09	-4.174597e+01	-3.460217e+02
4.000000e-07	-5.744658e-06	-5.234606e-09	-4.100145e+01	-3.434525e+02
4.100000e-07	-5.638374e-06	-5.161203e-09	-4.024287e+01	-3.407951e+02
4.200000e-07	-5.530112e-06	-5.122859e-09	-3.947017e+01	-3.380497e+02
4.300000e-07	-5.419955e-06	-5.112605e-09	-3.868394e+01	-3.352159e+02
4.400000e-07	-5.307793e-06	-5.079723e-09	-3.788340e+01	-3.322930e+02
4.500000e-07	-5.193467e-06	-5.015785e-09	-3.706742e+01	-3.292799e+02
4.600000e-07	-5.077089e-06	-4.959972e-09	-3.623680e+01	-3.261747e+02
4.700000e-07	-4.958907e-06	-4.907742e-09	-3.539330e+01	-3.229752e+02
4.800000e-07	-4.838888e-06	-4.850336e-09	-3.453668e+01	-3.196785e+02
4.900000e-07	-4.717106e-06	-4.807835e-09	-3.366748e+01	-3.162810e+02
5.000000e-07	-4.593584e-06	-4.766317e-09	-3.278587e+01	-3.127787e+02
5.100000e-07	-4.468415e-06	-4.699144e-09	-3.189250e+01	-3.091670e+02
5.200000e-07	-4.341703e-06	-4.631727e-09	-3.098811e+01	-3.054406e+02
5.300000e-07	-4.213290e-06	-4.587420e-09	-3.007159e+01	-3.015940e+02
5.400000e-07	-4.083337e-06	-4.532006e-09	-2.914408e+01	-2.976217e+02
5.500000e-07	-3.951896e-06	-4.451555e-09	-2.820593e+01	-2.935181e+02
5.600000e-07	-3.818945e-06	-4.384864e-09	-2.725702e+01	-2.892785e+02
5.700000e-07	-3.684549e-06	-4.328036e-09	-2.629779e+01	-2.848987e+02
5.800000e-07	-3.548756e-06	-4.253306e-09	-2.532860e+01	-2.803758e+02
5.900000e-07	-3.411573e-06	-4.172211e-09	-2.434948e+01	-2.757080e+02
6.000000e-07	-3.273078e-06	-4.108370e-09	-2.336100e+01	-2.708944e+02
6.100000e-07	-3.133145e-06	-4.036301e-09	-2.236225e+01	-2.659349e+02
6.200000e-07	-2.991730e-06	-3.945863e-09	-2.135293e+01	-2.608292e+02
6.300000e-07	-2.849160e-06	-3.867876e-09	-2.033536e+01	-2.555763e+02
6.400000e-07	-2.705580e-06	-3.802939e-09	-1.931059e+01	-2.501739e+02
6.500000e-07	-2.561071e-06	-3.724230e-09	-1.827918e+01	-2.446170e+02
6.600000e-07	-2.415615e-06	-3.626052e-09	-1.724101e+01	-2.388979e+02
6.700000e-07	-2.269219e-06	-3.531124e-09	-1.619613e+01	-2.330057e+02
6.800000e-07	-2.122101e-06	-3.436309e-09	-1.514611e+01	-2.269266e+02
6.900000e-07	-1.974368e-06	-3.333218e-09	-1.409169e+01	-2.206443e+02
7.000000e-07	-1.825989e-06	-3.229373e-09	-1.303267e+01	-2.141410e+02
7.100000e-07	-1.677009e-06	-3.130147e-09	-1.196935e+01	-2.073989e+02
7.200000e-07	-1.527545e-06	-3.027180e-09	-1.090258e+01	-2.004013e+02
7.300000e-07	-1.377586e-06	-2.914956e-09	-9.832271e+00	-1.931338e+02
7.400000e-07	-1.227138e-06	-2.799447e-09	-8.758472e+00	-1.855854e+02
7.500000e-07	-1.076272e-06	-2.682895e-09	-7.681694e+00	-1.777488e+02
7.600000e-07	-9.250718e-07	-2.564872e-09	-6.602531e+00	-1.696203e+02
7.700000e-07	-7.736099e-07	-2.437439e-09	-5.521500e+00	-1.611985e+02
7.800000e-07	-6.218882e-07	-2.303403e-09	-4.438613e+00	-1.524830e+02
7.900000e-07	-4.699384e-07	-2.163894e-09	-3.354100e+00	-1.434722e+02
8.000000e-07	-3.177655e-07	-2.018134e-09	-2.267993e+00	-1.341609e+02
8.100000e-07	-1.654126e-07	-1.867241e-09	-1.180602e+00	-1.245388e+02
8.200000e-07	-1.298640e-08	-1.711765e-09	-9.268804e-02	-1.145885e+02
8.300000e-07	1.394475e-07	-1.554018e-09	9.952813e-01	-1.042849e+02
8.400000e-07	2.918953e-07	-1.389308e-09	2.083350e+00	-9.359625e+01
8.500000e-07	4.443186e-07	-1.219187e-09	3.171243e+00	-8.248564e+01
8.600000e-07	5.965877e-07	-1.044312e-09	4.258036e+00	-7.091439e+01
8.700000e-07	7.486608e-07	-8.656947e-10	5.343430e+00	-5.884622e+01
8.800000e-07	9.004981e-07	-6.781547e-10	6.427141e+00	-4.625235e+01
8.900000e-07	1.052103e-06	-4.797903e-10	7.509194e+00	-3.311669e+01
9.000000e-07	1.203429e-06	-2.734202e-10	8.589253e+00	-1.944070e+01
9.100000e-07	1.354291e-06	-6.075506e-11	9.666003e+00	-5.247335e+00
9.200000e-07	1.504618e-06	1.593952e-10	1.073893e+01	9.416469e+00
9.300000e-07	1.654397e-06	3.893270e-10	1.180796e+01	2.447922e+01
9.400000e-07	1.803577e-06	6.243388e-10	1.287270e+01	3.984634e+01
9.500000e-07	1.952038e-06	8.632108e-10	1.393231e+01	5.540367e+01
9.600000e-07	2.099772e-06	1.104030e-09	1.498674e+01	7.102285e+01
9.700000e-07	2.246820e-06	1.341605e-09	1.603627e+01	8.656802e+01
9.800000e-07	2.392999e-06	1.572134e-09	1.707960e+01	1.019033e+02
9.900000e-07	2.538216e-06	1.797678e-09	1.811605e+01	1.169004e+02
1.000000e-06	2.682550e-06	2.017995e-09	1.914621e+01	1.314452e+02
1.010000e-06	2.825884e-06	2.231339e-09	2.016923e+01	1.454439e+02
1.020000e-06	2.968123e-06	2.432399e-09	2.118444e+01	1.588262e+02
1.030000e-06	3.109140e-06	2.620097e-09	2.219092e+01	1.715472e+02
1.040000e-06	3.248815e-06	2.799372e-09	2.318782e+01	1.835874e+02
1.050000e-06	3.387231e-06	2.969753e-09	2.417574e+01	1.949498e+02
1.060000e-06	3.524352e-06	3.131240e-09	2.515442e+01	2.056562e+02
1.070000e-06	3.660131e-06	3.284206e-09	2.612351e+01	2.157421e+02
1.080000e-06	3.794575e-06	3.432005e-09	2.708309e+01	2.252516e+02
1.090000e-06	3.927661e-06	3.572458e-09	2.803296e+01	2.342320e+02
1.100000e-06	4.059355e-06	3.703897e-09	2.897291e+01	2.427293e+02
1.110000e-06	4.189600e-06	3.830688e-09	2.990250e+01	2.507854e+02
1.120000e-06	4.318345e-06	3.949329e-09	3.082140e+01	2.584353e+02
1.130000e-06	4.445561e-06	4.056967e-09	3.172938e+01	2.657075e+02
1.140000e-06	4.571315e-06	4.155501e-09	3.262693e+01	2.726238e+02
1.150000e-06	4.695500e-06	4.253233e-09	3.351327e+01	2.792017e+02
1.160000e-06	4.818003e-06	4.349881e-09	3.438762e+01	2.854555e+02
1.170000e-06	4.938823e-06	4.438824e-09	3.524995e+01	2.913993e+02
1.180000e-06	5.057846e-06	4.521311e-09	3.609945e+01	2.970478e+02
1.190000e-06	5.175002e-06	4.601785e-09	3.693563e+01	3.024182e+02
1.200000e-06	5.290175e-06	4.683224e-09	3.775766e+01	3.075300e+02
1.210000e-06	5.403262e-06	4.763011e-09	3.856480e+01	3.124045e+02
1.220000e-06	5.514334e-06	4.836704e-09	3.935755e+01	3.170633e+02
1.230000e-06	5.623486e-06	4.901909e-09	4.013661e+01	3.215272e+02
1.240000e-06	5.730632e-06	4.960594e-09	4.090134e+01	3.258140e+02
1.250000e-06	5.835690e-06	5.016953e-09	4.165117e+01	3.299368e+02
1.260000e-06	5.938625e-06	5.075408e-09	4.238585e+01	3.339034e+02
1.270000e-06	6.039352e-06	5.133484e-09	4.310477e+01	3.377157e+02
1.280000e-06	6.137759e-06	5.188831e-09	4.380714e+01	3.413703e+02
1.290000e-06	6.233879e-06	5.240978e-09	4.449317e+01	3.448601e+02
1.300000e-06	6.327793e-06	5.292154e-09	4.516347e+01	3.481758e+02
1.310000e-06	6.419437e-06	5.340065e-09	4.581756e+01	3.513084e+02
1.320000e-06	6.508784e-06	5.382585e-09	4.645526e+01	3.542513e+02
1.330000e-06	6.595839e-06	5.420819e-09	4.707660e+01	3.570022e+02
1.340000e-06	6.680621e-06	5.455541e-09	4.768171e+01	3.595643e+02
1.350000e-06	6.763084e-06	5.490701e-09	4.827028e+01	3.619464e+02
1.360000e-06	6.843033e-06	5.525600e-09	4.884090e+01	3.641629e+02
1.370000e-06	6.920387e-06	5.559368e-09	4.939300e+01	3.662320e+02
1.380000e-06	6.995135e-06	5.589740e-09	4.992650e+01	3.681740e+02
1.390000e-06	7.067265e-06	5.617858e-09	5.044131e+01	3.700089e+02
1.400000e-06	7.136914e-06	5.646355e-09	5.093843e+01	3.717545e+02
1.410000e-06	7.204104e-06	5.672563e-09	5.141798e+01	3.734241e+02
1.420000e-06	7.268661e-06	5.695396e-09	5.187875e+01	3.750259e+02
1.430000e-06	7.330666e-06	5.715659e-09	5.232129e+01	3.765618e+02
1.440000e-06	7.390223e-06	5.734789e-09	5.274637e+01	3.780287e+02
1.450000e-06	7.447215e-06	5.753579e-09	5.315314e+01	3.794192e+02
1.460000e-06	7.501490e-06	5.770502e-09	5.354052e+01	3.807238e+02
1.470000e-06	7.552740e-06	5.785770e-09	5.390630e+01	3.819328e+02
1.480000e-06	7.600899e-06	5.801856e-09	5.425003e+01	3.830386e+02
1.490000e-06	7.646322e-06	5.817809e-09	5.457423e+01	3.840372e+02
1.500000e-06	7.689045e-06	5.831109e-09	5.487916e+01	3.849294e+02
1.510000e-06	7.728944e-06	5.843390e-09	5.516393e+01	3.857212e+02
1.520000e-06	7.766193e-06	5.856473e-09	5.542979e+01	3.864231e+02
1.530000e-06	7.800737e-06	5.868970e-09	5.567634e+01	3.870484e+02
1.540000e-06	7.832399e-06	5.877298e-09	5.590232e+01	3.876119e+02
1.550000e-06	7.861387e-06	5.882430e-09	5.610922e+01	3.881274e+02
1.560000e-06	7.887587e-06	5.889226e-09	5.629622e+01	3.886056e+02
1.570000e-06	7.910769e-06	5.899264e-09	5.646167e+01	3.890525e+02
1.580000e-06	7.931202e-06	5.908290e-09	5.660751e+01	3.894686e+02
1.590000e-06	7.948897e-06	5.913544e-09	5.673380e+01	3.898486e+02
1.600000e-06	7.963604e-06	5.916971e-09	5.683877e+01	3.901822e+02
1.610000e-06	7.975145e-06	5.920155e-09	5.692115e+01	3.904558e+02
1.620000e-06	7.983592e-06	5.921700e-09	5.698143e+01	3.906547e+02
1.630000e-06	7.989222e-06	5.921082e-09	5.702162e+01	3.907655e+02
1.640000e-06	7.992008e-06	5.921449e-09	5.704150e+01	3.907785e+02
1.650000e-06	7.991935e-06	5.921767e-09	5.704098e+01	3.906896e+02
1.660000e-06	7.989232e-06	5.915256e-09	5.702169e+01	3.905017e+02
1.670000e-06	7.983835e-06	5.913344e-09	5.698317e+01	3.902247e+02
1.680000e-06	7.975743e-06	5.911308e-09	5.692541e+01	3.898751e+02
1.690000e-06	7.965039e-06	5.906095e-09	5.684901e+01	3.894740e+02
1.700000e-06	7.951457e-06	5.903029e-09	5.675208e+01	3.890455e+02
1.710000e-06	7.935198e-06	5.905003e-09	5.663603e+01	3.886130e+02
1.720000e-06	7.916645e-06	5.910374e-09	5.650361e+01	3.881972e+02
1.730000e-06	7.895751e-06	5.838111e-09	5.635449e+01	3.878130e+02
1.740000e-06	7.871955e-06	5.805313e-09	5.618464e+01	3.874681e+02
1.750000e-06	7.844564e-06	5.833757e-09	5.598914e+01	3.871614e+02
1.760000e-06	7.813605e-06	5.829304e-09	5.576818e+01	3.868835e+02
1.770000e-06	7.779779e-06	5.833102e-09	5.552675e+01	3.866174e+02
1.780000e-06	7.743653e-06	5.917675e-09	5.526891e+01	3.863402e+02
1.790000e-06	7.705235e-06	5.943852e-09	5.499471e+01	3.860254e+02
1.800000e-06	7.664758e-06	5.809346e-09	5.470581e+01	3.856460e+02
1.810000e-06	7.622071e-06	5.848490e-09	5.440114e+01	3.851767e+02
1.820000e-06	7.576776e-06	5.795458e-09	5.407785e+01	3.845962e+02
1.830000e-06	7.528835e-06	5.825311e-09	5.373569e+01	3.838896e+02
1.840000e-06	7.477930e-06	5.934509e-09	5.337236e+01	3.830483e+02
1.850000e-06	7.424075e-06	5.875122e-09	5.298798e+01	3.820708e+02
1.860000e-06	7.367435e-06	5.904200e-09	5.258373e+01	3.809622e+02
1.870000e-06	7.308100e-06	5.737229e-09	5.216023e+01	3.797322e+02
1.880000e-06	7.246146e-06	5.710153e-09	5.171805e+01	3.783942e+02
1.890000e-06	7.181314e-06	5.774076e-09	5.125532e+01	3.769626e+02
1.900000e-06	7.113730e-06	5.714850e-09	5.077295e+01	3.754518e+02
1.910000e-06	7.043357e-06	5.760188e-09	5.027068e+01	3.738742e+02
1.920000e-06	6.970210e-06	5.680785e-09	4.974860e+01	3.722392e+02
1.930000e-06	6.894517e-06	5.635517e-09	4.920836e+01	3.705525e+02
1.940000e-06	6.815976e-06	5.596096e-09	4.864778e+01	3.688163e+02
1.950000e-06	6.734805e-06	5.598149e-09	4.806844e+01	3.670294e+02
1.960000e-06	6.651287e-06	5.618985e-09	4.747235e+01	3.651881e+02
1.970000e-06	6.565279e-06	5.521077e-09	4.685848e+01	3.632868e+02
1.980000e-06	6.476759e-06	5.512763e-09	4.622669e+01	3.613194e+02
1.990000e-06	6.385968e-06	5.473202e-09	4.557868e+01	3.592797e+02
2.000000e-06	6.293044e-06	5.469076e-09	4.491546e+01	3.571623e+02
2.010000e-06	6.197790e-06	5.435442e-09	4.423560e+01	3.549628e+02
2.020000e-06	6.100292e-06	5.392718e-09	4.353972e+01	3.526783e+02
2.030000e-06	6.000611e-06	5.332095e-09	4.282827e+01	3.503067e+02
2.040000e-06	5.898798e-06	5.266274e-09	4.210160e+01	3.478472e+02
2.050000e-06	5.794893e-06	5.283821e-09	4.135999e+01	3.452996e+02
2.060000e-06	5.688987e-06	5.271667e-09	4.060411e+01	3.426639e+02
2.070000e-06	5.581215e-06	5.225660e-09	3.983491e+01	3.399400e+02
2.080000e-06	5.471511e-06	5.137963e-09	3.905191e+01	3.371280e+02
2.090000e-06	5.359752e-06	5.081878e-09	3.825425e+01	3.342270e+02
2.100000e-06	5.245908e-06	5.031055e-09	3.744171e+01	3.312362e+02
2.110000e-06	5.130070e-06	5.015989e-09	3.661494e+01	3.281538e+02
2.120000e-06	5.012205e-06	5.009331e-09	3.577370e+01	3.249777e+02
2.130000e-06	4.892398e-06	4.951026e-09	3.491860e+01	3.217051e+02
2.140000e-06	4.770786e-06	4.855532e-09	3.405062e+01	3.183328e+02
2.150000e-06	4.647464e-06	4.786308e-09	3.317043e+01	3.148567e+02
2.160000e-06	4.522449e-06	4.760582e-09	3.227815e+01	3.112724e+02
2.170000e-06	4.395806e-06	4.716452e-09	3.137427e+01	3.075748e+02
2.180000e-06	4.267549e-06	4.655767e-09	3.045886e+01	3.037583e+02
2.190000e-06	4.137746e-06	4.588939e-09	2.953241e+01	2.998175e+02
2.200000e-06	4.006430e-06	4.520327e-09	2.859516e+01	2.957469e+02
2.210000e-06	3.873586e-06	4.448071e-09	2.764701e+01	2.915412e+02
2.220000e-06	3.739404e-06	4.402296e-09	2.668932e+01	2.871964e+02
2.230000e-06	3.603822e-06	4.354187e-09	2.572162e+01	2.827090e+02
2.240000e-06	3.466791e-06	4.270531e-09	2.474359e+01	2.780771e+02
2.250000e-06	3.328395e-06	4.175234e-09	2.375581e+01	2.732996e+02
2.260000e-06	3.188778e-06	4.109533e-09	2.275932e+01	2.683762e+02
2.270000e-06	3.047912e-06	4.053546e-09	2.175391e+01	2.633066e+02
2.280000e-06	2.905840e-06	3.972207e-09	2.073990e+01	2.580903e+02
2.290000e-06	2.762667e-06	3.877081e-09	1.971803e+01	2.527252e+02
2.300000e-06	2.618407e-06	3.781024e-09	1.868840e+01	2.472071e+02
2.310000e-06	2.473200e-06	3.689506e-09	1.765201e+01	2.415290e+02
2.320000e-06	2.327191e-06	3.610455e-09	1.660990e+01	2.356809e+02
2.330000e-06	2.180478e-06	3.541910e-09	1.556276e+01	2.296495e+02
2.340000e-06	2.033037e-06	3.455494e-09	1.451043e+01	2.234192e+02
2.350000e-06	1.884910e-06	3.339456e-09	1.345320e+01	2.169724e+02
2.360000e-06	1.736128e-06	3.220929e-09	1.239130e+01	2.102913e+02
2.370000e-06	1.586824e-06	3.120074e-09	1.132566e+01	2.033586e+02
2.380000e-06	1.437025e-06	3.026166e-09	1.025651e+01	1.961593e+02
2.390000e-06	1.286722e-06	2.919338e-09	9.183746e+00	1.886815e+02
2.400000e-06	1.135998e-06	2.793272e-09	8.107980e+00	1.809170e+02
2.410000e-06	9.849389e-07	2.661002e-09	7.029822e+00	1.728613e+02
2.420000e-06	8.335892e-07	2.531978e-09	5.949591e+00	1.645124e+02
2.430000e-06	6.819812e-07	2.409643e-09	4.867517e+00	1.558700e+02
2.440000e-06	5.301438e-07	2.285329e-09	3.783805e+00	1.469329e+02
2.450000e-06	3.780463e-07	2.146882e-09	2.698237e+00	1.376970e+02
2.460000e-06	2.257468e-07	1.995076e-09	1.611226e+00	1.281536e+02
2.470000e-06	7.335523e-08	1.838937e-09	5.235596e-01	1.182869e+02
2.480000e-06	-7.912308e-08	1.684132e-09	-5.647265e-01	1.080739e+02
2.490000e-06	-2.315829e-07	1.526709e-09	-1.652881e+00	9.748444e+01
2.500000e-06	-3.839263e-07	1.361251e-09	-2.740204e+00	8.648253e+01
2.510000e-06	-5.361494e-07	1.183296e-09	-3.826669e+00	7.502959e+01
2.520000e-06	-6.881365e-07	9.963565e-10	-4.911449e+00	6.308831e+01
2.530000e-06	-8.398544e-07	8.088818e-10	-5.994308e+00	5.062754e+01
2.540000e-06	-9.912948e-07	6.167047e-10	-7.075186e+00	3.762753e+01
2.550000e-06	-1.142434e-06	4.110151e-10	-8.153917e+00	2.408493e+01
2.560000e-06	-1.293236e-06	1.908912e-10	-9.230237e+00	1.001705e+01
2.570000e-06	-1.443651e-06	-3.654266e-11	-1.030379e+01	-4.535315e+00
2.580000e-06	-1.593553e-06	-2.649059e-10	-1.137369e+01	-1.950676e+01
2.590000e-06	-1.742832e-06	-4.967616e-10	-1.243914e+01	-3.480823e+01
2.600000e-06	-1.891436e-06	-7.345304e-10	-1.349978e+01	-5.033001e+01
2.610000e-06	-2.039390e-06	-9.762699e-10	-1.455577e+01	-6.594672e+01
2.620000e-06	-2.186639e-06	-1.218760e-09	-1.560674e+01	-8.152369e+01
2.630000e-06	-2.333055e-06	-1.458002e-09	-1.665176e+01	-9.692433e+01
2.640000e-06	-2.478547e-06	-1.689491e-09	-1.769018e+01	-1.120177e+02
2.650000e-06	-2.622916e-06	-1.912656e-09	-1.872059e+01	-1.266857e+02
2.660000e-06	-2.766286e-06	-2.130837e-09	-1.974386e+01	-1.408289e+02
2.670000e-06	-2.908662e-06	-2.342083e-09	-2.076005e+01	-1.543709e+02
2.680000e-06	-3.049807e-06	-2.540486e-09	-2.176744e+01	-1.672605e+02
2.690000e-06	-3.189743e-06	-2.724146e-09	-2.276621e+01	-1.794719e+02
2.700000e-06	-3.328474e-06	-2.895767e-09	-2.375637e+01	-1.910028e+02
2.710000e-06	-3.465943e-06	-3.058848e-09	-2.473753e+01	-2.018706e+02
2.720000e-06	-3.602051e-06	-3.216950e-09	-2.570898e+01	-2.121082e+02
2.730000e-06	-3.736867e-06	-3.369893e-09	-2.667121e+01	-2.217578e+02
2.740000e-06	-3.870381e-06	-3.514230e-09	-2.762414e+01	-2.308665e+02
2.750000e-06	-4.002484e-06	-3.648219e-09	-2.856700e+01	-2.394809e+02
2.760000e-06	-4.133223e-06	-3.773498e-09	-2.950012e+01	-2.476441e+02
2.770000e-06	-4.262560e-06	-3.892214e-09	-3.042325e+01	-2.553931e+02
2.780000e-06	-4.390362e-06	-4.004642e-09	-3.133541e+01	-2.627578e+02
2.790000e-06	-4.516617e-06	-4.110297e-09	-3.223653e+01	-2.697618e+02
2.800000e-06	-4.641357e-06	-4.208134e-09	-3.312684e+01	-2.764233e+02
2.810000e-06	-4.764478e-06	-4.301566e-09	-3.400559e+01	-2.827573e+02
2.820000e-06	-4.885872e-06	-4.393429e-09	-3.487202e+01	-2.887776e+02
2.830000e-06	-5.005423e-06	-4.483577e-09	-3.572529e+01	-2.944989e+02
2.840000e-06	-5.123030e-06	-4.570835e-09	-3.656470e+01	-2.999375e+02
2.850000e-06	-5.238614e-06	-4.651261e-09	-3.738965e+01	-3.051124e+02
2.860000e-06	-5.351986e-06	-4.726562e-09	-3.819882e+01	-3.100446e+02
2.870000e-06	-5.463213e-06	-4.799052e-09	-3.899269e+01	-3.147557e+02
2.880000e-06	-5.572537e-06	-4.870218e-09	-3.977297e+01	-3.192670e+02
2.890000e-06	-5.679937e-06	-4.940402e-09	-4.053952e+01	-3.235971e+02
2.900000e-06	-5.785392e-06	-5.008032e-09	-4.129218e+01	-3.277603e+02
2.910000e-06	-5.888739e-06	-5.073661e-09	-4.202980e+01	-3.317660e+02
2.920000e-06	-5.989789e-06	-5.134264e-09	-4.275103e+01	-3.356174e+02
2.930000e-06	-6.088627e-06	-5.192277e-09	-4.345646e+01	-3.393124e+02
2.940000e-06	-6.185354e-06	-5.248167e-09	-4.414683e+01	-3.428446e+02
2.950000e-06	-6.279887e-06	-5.298225e-09	-4.482155e+01	-3.462052e+02
2.960000e-06	-6.372124e-06	-5.345888e-09	-4.547987e+01	-3.493847e+02
2.970000e-06	-6.462157e-06	-5.392321e-09	-4.612246e+01	-3.523759e+02
2.980000e-06	-6.549909e-06	-5.437153e-09	-4.674878e+01	-3.551751e+02
2.990000e-06	-6.635219e-06	-5.478335e-09	-4.735767e+01	-3.577842e+02
3.000000e-06	-6.718193e-06	-5.514972e-09	-4.794988e+01	-3.602106e+02
3.010000e-06	-6.798811e-06	-5.548947e-09	-4.852527e+01	-3.624674e+02
3.020000e-06	-6.876814e-06	-5.581966e-09	-4.908200e+01	-3.645719e+02
3.030000e-06	-6.952093e-06	-5.612995e-09	-4.961930e+01	-3.665441e+02
3.040000e-06	-7.024891e-06	-5.642881e-09	-5.013888e+01	-3.684045e+02
3.050000e-06	-7.095096e-06	-5.673062e-09	-5.063995e+01	-3.701713e+02
3.060000e-06	-7.162633e-06	-5.700615e-09	-5.112199e+01	-3.718594e+02
3.070000e-06	-7.227756e-06	-5.724648e-09	-5.158679e+01	-3.734781e+02
3.080000e-06	-7.290323e-06	-5.748021e-09	-5.203335e+01	-3.750311e+02
3.090000e-06	-7.350210e-06	-5.769864e-09	-5.246079e+01	-3.765162e+02
3.100000e-06	-7.407526e-06	-5.792697e-09	-5.286987e+01	-3.779271e+02
3.110000e-06	-7.462101e-06	-5.812706e-09	-5.325939e+01	-3.792545e+02
3.120000e-06	-7.513752e-06	-5.830203e-09	-5.362804e+01	-3.804887e+02
3.130000e-06	-7.562321e-06	-5.846524e-09	-5.397468e+01	-3.816212e+02
3.140000e-06	-7.607989e-06	-5.860069e-09	-5.430064e+01	-3.826471e+02
3.150000e-06	-7.651278e-06	-5.875052e-09	-5.460960e+01	-3.835660e+02
3.160000e-06	-7.692127e-06	-5.889588e-09	-5.490115e+01	-3.843825e+02
3.170000e-06	-7.730209e-06	-5.904707e-09	-5.517296e+01	-3.851061e+02
3.180000e-06	-7.765489e-06	-5.916508e-09	-5.542476e+01	-3.857496e+02
3.190000e-06	-7.798064e-06	-5.925710e-09	-5.565726e+01	-3.863277e+02
3.200000e-06	-7.827759e-06	-5.934054e-09	-5.586920e+01	-3.868544e+02
3.210000e-06	-7.854615e-06	-5.940958e-09	-5.606088e+01	-3.873416e+02
3.220000e-06	-7.878662e-06	-5.945854e-09	-5.623251e+01	-3.877965e+02
3.230000e-06	-7.899808e-06	-5.949496e-09	-5.638344e+01	-3.882210e+02
3.240000e-06	-7.918157e-06	-5.954074e-09	-5.651440e+01	-3.886112e+02
3.250000e-06	-7.933672e-06	-5.959866e-09	-5.662514e+01	-3.889580e+02
3.260000e-06	-7.946054e-06	-5.963511e-09	-5.671351e+01	-3.892484e+02
3.270000e-06	-7.955424e-06	-5.964812e-09	-5.678039e+01	-3.894677e+02
3.280000e-06	-7.961911e-06	-5.964316e-09	-5.682669e+01	-3.896021e+02
3.290000e-06	-7.965524e-06	-5.963988e-09	-5.685247e+01	-3.896406e+02
3.300000e-06	-7.966493e-06	-5.963575e-09	-5.685939e+01	-3.895776e+02
