# Temperatura_=_40.82
# Concentracion g/m^3_=_5000.0
# C_Vs_to_Am_M_A/Vsm_=_65563218390.804596
# pendiente_HvsI_1/m_=_3716.3
# ordenada_HvsI_A/m_=_1297.0
# frecuencia_Hz_=_302578.73951059463

Tiempo_(s)	Campo_(V.s)	Magnetizacion_(V.s)	Campo_(kA/m)	Magnetizacion_(A/m)
0.000000e+00	-8.002589e-06	-5.695302e-09	-5.684746e+01	-3.727292e+02
1.000000e-08	-7.999522e-06	-5.695656e-09	-5.682567e+01	-3.724996e+02
2.000000e-08	-7.993749e-06	-5.688348e-09	-5.678466e+01	-3.721927e+02
3.000000e-08	-7.985359e-06	-5.683749e-09	-5.672506e+01	-3.718256e+02
4.000000e-08	-7.974153e-06	-5.680938e-09	-5.664546e+01	-3.714180e+02
5.000000e-08	-7.959912e-06	-5.676024e-09	-5.654430e+01	-3.709898e+02
6.000000e-08	-7.942814e-06	-5.666919e-09	-5.642284e+01	-3.705586e+02
7.000000e-08	-7.923399e-06	-5.654111e-09	-5.628492e+01	-3.701373e+02
8.000000e-08	-7.901651e-06	-5.668585e-09	-5.613043e+01	-3.697328e+02
9.000000e-08	-7.876869e-06	-5.721310e-09	-5.595439e+01	-3.693449e+02
1.000000e-07	-7.848774e-06	-5.695283e-09	-5.575481e+01	-3.689662e+02
1.100000e-07	-7.817742e-06	-5.646490e-09	-5.553437e+01	-3.685828e+02
1.200000e-07	-7.783939e-06	-5.626430e-09	-5.529425e+01	-3.681761e+02
1.300000e-07	-7.747438e-06	-5.587473e-09	-5.503496e+01	-3.677246e+02
1.400000e-07	-7.708629e-06	-5.522416e-09	-5.475927e+01	-3.672061e+02
1.500000e-07	-7.667768e-06	-5.523858e-09	-5.446901e+01	-3.666006e+02
1.600000e-07	-7.624521e-06	-5.662463e-09	-5.416180e+01	-3.658911e+02
1.700000e-07	-7.578427e-06	-5.578314e-09	-5.383437e+01	-3.650661e+02
1.800000e-07	-7.529516e-06	-5.546076e-09	-5.348692e+01	-3.641197e+02
1.900000e-07	-7.477611e-06	-5.568823e-09	-5.311821e+01	-3.630517e+02
2.000000e-07	-7.422776e-06	-5.455887e-09	-5.272868e+01	-3.618672e+02
2.100000e-07	-7.365230e-06	-5.468137e-09	-5.231989e+01	-3.605752e+02
2.200000e-07	-7.305015e-06	-5.477388e-09	-5.189215e+01	-3.591873e+02
2.300000e-07	-7.242286e-06	-5.481136e-09	-5.144655e+01	-3.577158e+02
2.400000e-07	-7.176744e-06	-5.411050e-09	-5.098095e+01	-3.561727e+02
2.500000e-07	-7.108366e-06	-5.364524e-09	-5.049522e+01	-3.545678e+02
2.600000e-07	-7.037381e-06	-5.394949e-09	-4.999098e+01	-3.529087e+02
2.700000e-07	-6.963637e-06	-5.374119e-09	-4.946712e+01	-3.511994e+02
2.800000e-07	-6.887065e-06	-5.344262e-09	-4.892319e+01	-3.494412e+02
2.900000e-07	-6.807670e-06	-5.306073e-09	-4.835919e+01	-3.476326e+02
3.000000e-07	-6.725679e-06	-5.295974e-09	-4.777676e+01	-3.457700e+02
3.100000e-07	-6.641376e-06	-5.258990e-09	-4.717790e+01	-3.438487e+02
3.200000e-07	-6.554800e-06	-5.205692e-09	-4.656289e+01	-3.418634e+02
3.300000e-07	-6.465876e-06	-5.197254e-09	-4.593121e+01	-3.398087e+02
3.400000e-07	-6.374558e-06	-5.145213e-09	-4.528252e+01	-3.376801e+02
3.500000e-07	-6.280958e-06	-5.096590e-09	-4.461762e+01	-3.354739e+02
3.600000e-07	-6.185125e-06	-5.070618e-09	-4.393686e+01	-3.331873e+02
3.700000e-07	-6.086998e-06	-5.062206e-09	-4.323980e+01	-3.308184e+02
3.800000e-07	-5.986598e-06	-5.034215e-09	-4.252660e+01	-3.283663e+02
3.900000e-07	-5.884037e-06	-4.984206e-09	-4.179804e+01	-3.258305e+02
4.000000e-07	-5.779432e-06	-4.934803e-09	-4.105497e+01	-3.232107e+02
4.100000e-07	-5.672818e-06	-4.871988e-09	-4.029762e+01	-3.205072e+02
4.200000e-07	-5.564196e-06	-4.840372e-09	-3.952601e+01	-3.177200e+02
4.300000e-07	-5.453623e-06	-4.816381e-09	-3.874054e+01	-3.148495e+02
4.400000e-07	-5.341050e-06	-4.773849e-09	-3.794086e+01	-3.118956e+02
4.500000e-07	-5.226333e-06	-4.709446e-09	-3.712595e+01	-3.088583e+02
4.600000e-07	-5.109520e-06	-4.659638e-09	-3.629616e+01	-3.057369e+02
4.700000e-07	-4.990860e-06	-4.610123e-09	-3.545324e+01	-3.025306e+02
4.800000e-07	-4.870434e-06	-4.554533e-09	-3.459778e+01	-2.992372e+02
4.900000e-07	-4.748230e-06	-4.515276e-09	-3.372968e+01	-2.958540e+02
5.000000e-07	-4.624245e-06	-4.466557e-09	-3.284894e+01	-2.923768e+02
5.100000e-07	-4.498624e-06	-4.398635e-09	-3.195658e+01	-2.888004e+02
5.200000e-07	-4.371458e-06	-4.333176e-09	-3.105324e+01	-2.851185e+02
5.300000e-07	-4.242623e-06	-4.293032e-09	-3.013804e+01	-2.813240e+02
5.400000e-07	-4.112205e-06	-4.239156e-09	-2.921159e+01	-2.774095e+02
5.500000e-07	-3.980225e-06	-4.160832e-09	-2.827406e+01	-2.733681e+02
5.600000e-07	-3.846710e-06	-4.095015e-09	-2.732562e+01	-2.691935e+02
5.700000e-07	-3.711787e-06	-4.039752e-09	-2.636717e+01	-2.648812e+02
5.800000e-07	-3.575446e-06	-3.965512e-09	-2.539866e+01	-2.604285e+02
5.900000e-07	-3.437669e-06	-3.882267e-09	-2.441994e+01	-2.558345e+02
6.000000e-07	-3.298515e-06	-3.816930e-09	-2.343144e+01	-2.511001e+02
6.100000e-07	-3.157971e-06	-3.746461e-09	-2.243307e+01	-2.462275e+02
6.200000e-07	-3.016052e-06	-3.662005e-09	-2.142492e+01	-2.412192e+02
6.300000e-07	-2.872922e-06	-3.586298e-09	-2.040819e+01	-2.360769e+02
6.400000e-07	-2.728735e-06	-3.523552e-09	-1.938393e+01	-2.308006e+02
6.500000e-07	-2.583606e-06	-3.446749e-09	-1.835299e+01	-2.253874e+02
6.600000e-07	-2.437487e-06	-3.350833e-09	-1.731501e+01	-2.198309e+02
6.700000e-07	-2.290500e-06	-3.257430e-09	-1.627087e+01	-2.141211e+02
6.800000e-07	-2.142823e-06	-3.164051e-09	-1.522183e+01	-2.082443e+02
6.900000e-07	-1.994471e-06	-3.066204e-09	-1.416799e+01	-2.021842e+02
7.000000e-07	-1.845503e-06	-2.967134e-09	-1.310978e+01	-1.959230e+02
7.100000e-07	-1.695978e-06	-2.871059e-09	-1.204761e+01	-1.894428e+02
7.200000e-07	-1.545932e-06	-2.768455e-09	-1.098173e+01	-1.827270e+02
7.300000e-07	-1.395323e-06	-2.659850e-09	-9.911866e+00	-1.757619e+02
7.400000e-07	-1.244170e-06	-2.550564e-09	-8.838126e+00	-1.685371e+02
7.500000e-07	-1.092561e-06	-2.440828e-09	-7.761154e+00	-1.610463e+02
7.600000e-07	-9.406098e-07	-2.329480e-09	-6.681747e+00	-1.532861e+02
7.700000e-07	-7.883810e-07	-2.207513e-09	-5.600370e+00	-1.452549e+02
7.800000e-07	-6.358927e-07	-2.077506e-09	-4.517149e+00	-1.369509e+02
7.900000e-07	-4.832241e-07	-1.943120e-09	-3.432647e+00	-1.283699e+02
8.000000e-07	-3.304078e-07	-1.805216e-09	-2.347096e+00	-1.195028e+02
8.100000e-07	-1.774594e-07	-1.660876e-09	-1.260606e+00	-1.103339e+02
8.200000e-07	-2.434859e-08	-1.511809e-09	-1.729635e-01	-1.008392e+02
8.300000e-07	1.288298e-07	-1.358612e-09	9.151593e-01	-9.098738e+01
8.400000e-07	2.819329e-07	-1.200008e-09	2.002748e+00	-8.074019e+01
8.500000e-07	4.349869e-07	-1.037482e-09	3.089987e+00	-7.005583e+01
8.600000e-07	5.879504e-07	-8.686754e-10	4.176584e+00	-5.889283e+01
8.700000e-07	7.407548e-07	-6.957685e-10	5.262050e+00	-4.721510e+01
8.800000e-07	8.933422e-07	-5.136446e-10	6.345975e+00	-3.499745e+01
8.900000e-07	1.045652e-06	-3.202878e-10	7.427927e+00	-2.223100e+01
9.000000e-07	1.197658e-06	-1.192668e-10	8.507727e+00	-8.927851e+00
9.100000e-07	1.349293e-06	8.753793e-11	9.584880e+00	4.875639e+00
9.200000e-07	1.500412e-06	3.026760e-10	1.065837e+01	1.911734e+01
9.300000e-07	1.650869e-06	5.284480e-10	1.172717e+01	3.371006e+01
9.400000e-07	1.800645e-06	7.574030e-10	1.279112e+01	4.854443e+01
9.500000e-07	1.949802e-06	9.849092e-10	1.385068e+01	6.349386e+01
9.600000e-07	2.098214e-06	1.211332e-09	1.490494e+01	7.842122e+01
9.700000e-07	2.245877e-06	1.436235e-09	1.595389e+01	9.318653e+01
9.800000e-07	2.392814e-06	1.654934e-09	1.699767e+01	1.076550e+02
9.900000e-07	2.538852e-06	1.867309e-09	1.803508e+01	1.217046e+02
1.000000e-06	2.683902e-06	2.072273e-09	1.906545e+01	1.352328e+02
1.010000e-06	2.827954e-06	2.269046e-09	2.008875e+01	1.481609e+02
1.020000e-06	2.970949e-06	2.453345e-09	2.110453e+01	1.604369e+02
1.030000e-06	3.112759e-06	2.625315e-09	2.211190e+01	1.720360e+02
1.040000e-06	3.253243e-06	2.790128e-09	2.310984e+01	1.829581e+02
1.050000e-06	3.392420e-06	2.945290e-09	2.409851e+01	1.932245e+02
1.060000e-06	3.530294e-06	3.092369e-09	2.507791e+01	2.028727e+02
1.070000e-06	3.666819e-06	3.230384e-09	2.604774e+01	2.119506e+02
1.080000e-06	3.801944e-06	3.363085e-09	2.700762e+01	2.205108e+02
1.090000e-06	3.935641e-06	3.488689e-09	2.795735e+01	2.286050e+02
1.100000e-06	4.067991e-06	3.607632e-09	2.889752e+01	2.362804e+02
1.110000e-06	4.198966e-06	3.723105e-09	2.982792e+01	2.435769e+02
1.120000e-06	4.328514e-06	3.830934e-09	3.074817e+01	2.505257e+02
1.130000e-06	4.456533e-06	3.929845e-09	3.165758e+01	2.571501e+02
1.140000e-06	4.582975e-06	4.019601e-09	3.255577e+01	2.634665e+02
1.150000e-06	4.707867e-06	4.105891e-09	3.344296e+01	2.694869e+02
1.160000e-06	4.831092e-06	4.191351e-09	3.431831e+01	2.752213e+02
1.170000e-06	4.952598e-06	4.274263e-09	3.518144e+01	2.806798e+02
1.180000e-06	5.072362e-06	4.352555e-09	3.603220e+01	2.858746e+02
1.190000e-06	5.190277e-06	4.428476e-09	3.686982e+01	2.908208e+02
1.200000e-06	5.306186e-06	4.504630e-09	3.769320e+01	2.955364e+02
1.210000e-06	5.419986e-06	4.579511e-09	3.850159e+01	3.000411e+02
1.220000e-06	5.531734e-06	4.648208e-09	3.929541e+01	3.043553e+02
1.230000e-06	5.641546e-06	4.707440e-09	4.007547e+01	3.084978e+02
1.240000e-06	5.749408e-06	4.761274e-09	4.084168e+01	3.124842e+02
1.250000e-06	5.855180e-06	4.814414e-09	4.159305e+01	3.163254e+02
1.260000e-06	5.958783e-06	4.868984e-09	4.232901e+01	3.200267e+02
1.270000e-06	6.060208e-06	4.922799e-09	4.304950e+01	3.235879e+02
1.280000e-06	6.159382e-06	4.972830e-09	4.375399e+01	3.270041e+02
1.290000e-06	6.256153e-06	5.021308e-09	4.444142e+01	3.302674e+02
1.300000e-06	6.350624e-06	5.070377e-09	4.511250e+01	3.333684e+02
1.310000e-06	6.442928e-06	5.117079e-09	4.576820e+01	3.362990e+02
1.320000e-06	6.532894e-06	5.158603e-09	4.640729e+01	3.390543e+02
1.330000e-06	6.620407e-06	5.195972e-09	4.702894e+01	3.416337e+02
1.340000e-06	6.705679e-06	5.230116e-09	4.763469e+01	3.440423e+02
1.350000e-06	6.788671e-06	5.263076e-09	4.822423e+01	3.462904e+02
1.360000e-06	6.869125e-06	5.295797e-09	4.879574e+01	3.483928e+02
1.370000e-06	6.947051e-06	5.326786e-09	4.934930e+01	3.503674e+02
1.380000e-06	7.022426e-06	5.355673e-09	4.988474e+01	3.522329e+02
1.390000e-06	7.095142e-06	5.383770e-09	5.040129e+01	3.540068e+02
1.400000e-06	7.165253e-06	5.410852e-09	5.089933e+01	3.557034e+02
1.410000e-06	7.232910e-06	5.436865e-09	5.137994e+01	3.573320e+02
1.420000e-06	7.297903e-06	5.461144e-09	5.184163e+01	3.588970e+02
1.430000e-06	7.360267e-06	5.482312e-09	5.228464e+01	3.603970e+02
1.440000e-06	7.420312e-06	5.502371e-09	5.271117e+01	3.618263e+02
1.450000e-06	7.477768e-06	5.521467e-09	5.311932e+01	3.631762e+02
1.460000e-06	7.532462e-06	5.538693e-09	5.350784e+01	3.644369e+02
1.470000e-06	7.584225e-06	5.553605e-09	5.387555e+01	3.655999e+02
1.480000e-06	7.632896e-06	5.567462e-09	5.422130e+01	3.666594e+02
1.490000e-06	7.678757e-06	5.581212e-09	5.454708e+01	3.676139e+02
1.500000e-06	7.721966e-06	5.594029e-09	5.485401e+01	3.684667e+02
1.510000e-06	7.762351e-06	5.607545e-09	5.514089e+01	3.692257e+02
1.520000e-06	7.799963e-06	5.621825e-09	5.540808e+01	3.699025e+02
1.530000e-06	7.834903e-06	5.634718e-09	5.565628e+01	3.705107e+02
1.540000e-06	7.866992e-06	5.643957e-09	5.588422e+01	3.710639e+02
1.550000e-06	7.896291e-06	5.649711e-09	5.609235e+01	3.715740e+02
1.560000e-06	7.922792e-06	5.655462e-09	5.628061e+01	3.720490e+02
1.570000e-06	7.946325e-06	5.663019e-09	5.644778e+01	3.724919e+02
1.580000e-06	7.967114e-06	5.669987e-09	5.659546e+01	3.729004e+02
1.590000e-06	7.985152e-06	5.675019e-09	5.672359e+01	3.732673e+02
1.600000e-06	8.000187e-06	5.678690e-09	5.683039e+01	3.735814e+02
1.610000e-06	8.012082e-06	5.682379e-09	5.691489e+01	3.738293e+02
1.620000e-06	8.020813e-06	5.685918e-09	5.697692e+01	3.739979e+02
1.630000e-06	8.026656e-06	5.688586e-09	5.701842e+01	3.740763e+02
1.640000e-06	8.029711e-06	5.690716e-09	5.704012e+01	3.740580e+02
1.650000e-06	8.029905e-06	5.691439e-09	5.704150e+01	3.739419e+02
1.660000e-06	8.027421e-06	5.682136e-09	5.702385e+01	3.737335e+02
1.670000e-06	8.022205e-06	5.678029e-09	5.698681e+01	3.734439e+02
1.680000e-06	8.014229e-06	5.673790e-09	5.693015e+01	3.730896e+02
1.690000e-06	8.003647e-06	5.666927e-09	5.685497e+01	3.726897e+02
1.700000e-06	7.990189e-06	5.664223e-09	5.675937e+01	3.722644e+02
1.710000e-06	7.974020e-06	5.667256e-09	5.664452e+01	3.718320e+02
1.720000e-06	7.955558e-06	5.671116e-09	5.651337e+01	3.714068e+02
1.730000e-06	7.934737e-06	5.600567e-09	5.636546e+01	3.709974e+02
1.740000e-06	7.911020e-06	5.552242e-09	5.619699e+01	3.706052e+02
1.750000e-06	7.883785e-06	5.598894e-09	5.600352e+01	3.702248e+02
1.760000e-06	7.852926e-06	5.602197e-09	5.578431e+01	3.698437e+02
1.770000e-06	7.819107e-06	5.587172e-09	5.554407e+01	3.694442e+02
1.780000e-06	7.783072e-06	5.655020e-09	5.528809e+01	3.690055e+02
1.790000e-06	7.744770e-06	5.698786e-09	5.501600e+01	3.685053e+02
1.800000e-06	7.704391e-06	5.545110e-09	5.472917e+01	3.679228e+02
1.810000e-06	7.661786e-06	5.600890e-09	5.442652e+01	3.672401e+02
1.820000e-06	7.616399e-06	5.580474e-09	5.410411e+01	3.664442e+02
1.830000e-06	7.568357e-06	5.524092e-09	5.376283e+01	3.655279e+02
1.840000e-06	7.517402e-06	5.654653e-09	5.340087e+01	3.644895e+02
1.850000e-06	7.463361e-06	5.553913e-09	5.301698e+01	3.633329e+02
1.860000e-06	7.406542e-06	5.575531e-09	5.261336e+01	3.620663e+02
1.870000e-06	7.347105e-06	5.463631e-09	5.219114e+01	3.607007e+02
1.880000e-06	7.285004e-06	5.413630e-09	5.175000e+01	3.592485e+02
1.890000e-06	7.220013e-06	5.502659e-09	5.128832e+01	3.577217e+02
1.900000e-06	7.152278e-06	5.401710e-09	5.080716e+01	3.561310e+02
1.910000e-06	7.081707e-06	5.442852e-09	5.030585e+01	3.544844e+02
1.920000e-06	7.008355e-06	5.367795e-09	4.978478e+01	3.527870e+02
1.930000e-06	6.932428e-06	5.331132e-09	4.924543e+01	3.510405e+02
1.940000e-06	6.853679e-06	5.316473e-09	4.868602e+01	3.492443e+02
1.950000e-06	6.772361e-06	5.281539e-09	4.810837e+01	3.473951e+02
1.960000e-06	6.688646e-06	5.318815e-09	4.751369e+01	3.454885e+02
1.970000e-06	6.602408e-06	5.212012e-09	4.690109e+01	3.435192e+02
1.980000e-06	6.513722e-06	5.205299e-09	4.627109e+01	3.414818e+02
1.990000e-06	6.422758e-06	5.164426e-09	4.562492e+01	3.393716e+02
2.000000e-06	6.329564e-06	5.151623e-09	4.496290e+01	3.371846e+02
2.010000e-06	6.234026e-06	5.116018e-09	4.428424e+01	3.349178e+02
2.020000e-06	6.136269e-06	5.056571e-09	4.358980e+01	3.325691e+02
2.030000e-06	6.036309e-06	5.021895e-09	4.287973e+01	3.301374e+02
2.040000e-06	5.934162e-06	4.958456e-09	4.215411e+01	3.276220e+02
2.050000e-06	5.829915e-06	4.967558e-09	4.141358e+01	3.250227e+02
2.060000e-06	5.723731e-06	4.936429e-09	4.065929e+01	3.223396e+02
2.070000e-06	5.615655e-06	4.883530e-09	3.989156e+01	3.195729e+02
2.080000e-06	5.505542e-06	4.808540e-09	3.910935e+01	3.167227e+02
2.090000e-06	5.393354e-06	4.766920e-09	3.831241e+01	3.137891e+02
2.100000e-06	5.279089e-06	4.723697e-09	3.750071e+01	3.107722e+02
2.110000e-06	5.162849e-06	4.706015e-09	3.667499e+01	3.076714e+02
2.120000e-06	5.044593e-06	4.682013e-09	3.583494e+01	3.044860e+02
2.130000e-06	4.924382e-06	4.608902e-09	3.498100e+01	3.012141e+02
2.140000e-06	4.802388e-06	4.523938e-09	3.411441e+01	2.978532e+02
2.150000e-06	4.678666e-06	4.464510e-09	3.323553e+01	2.943994e+02
2.160000e-06	4.553191e-06	4.444996e-09	3.234420e+01	2.908479e+02
2.170000e-06	4.426099e-06	4.396771e-09	3.144138e+01	2.871925e+02
2.180000e-06	4.297435e-06	4.334489e-09	3.052740e+01	2.834263e+02
2.190000e-06	4.167189e-06	4.266996e-09	2.960218e+01	2.795420e+02
2.200000e-06	4.035399e-06	4.200647e-09	2.866600e+01	2.755324e+02
2.210000e-06	3.902127e-06	4.130581e-09	2.771928e+01	2.713912e+02
2.220000e-06	3.767433e-06	4.087012e-09	2.676246e+01	2.671132e+02
2.230000e-06	3.631193e-06	4.037259e-09	2.579466e+01	2.626952e+02
2.240000e-06	3.493573e-06	3.954259e-09	2.481706e+01	2.581360e+02
2.250000e-06	3.354617e-06	3.865374e-09	2.382997e+01	2.534360e+02
2.260000e-06	3.214344e-06	3.799177e-09	2.283352e+01	2.485972e+02
2.270000e-06	3.072825e-06	3.739815e-09	2.182822e+01	2.436222e+02
2.280000e-06	2.930093e-06	3.656042e-09	2.081430e+01	2.385128e+02
2.290000e-06	2.786232e-06	3.566298e-09	1.979237e+01	2.332697e+02
2.300000e-06	2.641364e-06	3.479883e-09	1.876328e+01	2.278906e+02
2.310000e-06	2.495646e-06	3.395606e-09	1.772816e+01	2.223702e+02
2.320000e-06	2.349094e-06	3.317347e-09	1.668710e+01	2.166994e+02
2.330000e-06	2.201742e-06	3.244468e-09	1.564037e+01	2.108653e+02
2.340000e-06	2.053664e-06	3.153877e-09	1.458847e+01	2.048522e+02
2.350000e-06	1.904929e-06	3.042037e-09	1.353192e+01	1.986425e+02
2.360000e-06	1.755557e-06	2.935240e-09	1.247083e+01	1.922181e+02
2.370000e-06	1.605597e-06	2.844019e-09	1.140557e+01	1.855622e+02
2.380000e-06	1.455087e-06	2.754839e-09	1.033640e+01	1.786600e+02
2.390000e-06	1.304106e-06	2.648641e-09	9.263888e+00	1.715004e+02
2.400000e-06	1.152738e-06	2.525049e-09	8.188630e+00	1.640760e+02
2.410000e-06	1.001021e-06	2.397760e-09	7.110883e+00	1.563829e+02
2.420000e-06	8.489917e-07	2.276569e-09	6.030926e+00	1.484190e+02
2.430000e-06	6.966764e-07	2.163361e-09	4.948934e+00	1.401830e+02
2.440000e-06	5.440543e-07	2.044212e-09	3.864762e+00	1.316714e+02
2.450000e-06	3.911796e-07	1.908820e-09	2.778796e+00	1.228765e+02
2.460000e-06	2.381513e-07	1.762620e-09	1.691740e+00	1.137844e+02
2.470000e-06	8.499676e-08	1.614361e-09	6.037858e-01	1.043734e+02
2.480000e-06	-6.822215e-08	1.468042e-09	-4.846251e-01	9.461368e+01
2.490000e-06	-2.214121e-07	1.317788e-09	-1.572830e+00	8.446867e+01
2.500000e-06	-3.745400e-07	1.158062e-09	-2.660595e+00	7.389709e+01
2.510000e-06	-5.275481e-07	9.870155e-10	-3.747508e+00	6.285693e+01
2.520000e-06	-6.804012e-07	8.067408e-10	-4.833321e+00	5.131027e+01
2.530000e-06	-8.330445e-07	6.259345e-10	-5.917642e+00	3.922866e+01
2.540000e-06	-9.853844e-07	4.407277e-10	-6.999809e+00	2.659867e+01
2.550000e-06	-1.137429e-06	2.415512e-10	-8.079876e+00	1.342678e+01
2.560000e-06	-1.289035e-06	2.831738e-11	-9.156835e+00	-2.569367e-01
2.570000e-06	-1.440118e-06	-1.913547e-10	-1.023007e+01	-1.439681e+01
2.580000e-06	-1.590712e-06	-4.122729e-10	-1.129983e+01	-2.891173e+01
2.590000e-06	-1.740681e-06	-6.368073e-10	-1.236516e+01	-4.369748e+01
2.600000e-06	-1.889973e-06	-8.672118e-10	-1.342567e+01	-5.863121e+01
2.610000e-06	-2.038592e-06	-1.101024e-09	-1.448141e+01	-7.357774e+01
2.620000e-06	-2.186487e-06	-1.333607e-09	-1.553200e+01	-8.839703e+01
2.630000e-06	-2.333518e-06	-1.559356e-09	-1.657645e+01	-1.029522e+02
2.640000e-06	-2.479586e-06	-1.774809e-09	-1.761407e+01	-1.171176e+02
2.650000e-06	-2.624779e-06	-1.982294e-09	-1.864547e+01	-1.307849e+02
2.660000e-06	-2.769014e-06	-2.181921e-09	-1.967006e+01	-1.438695e+02
2.670000e-06	-2.912126e-06	-2.372527e-09	-2.068667e+01	-1.563125e+02
2.680000e-06	-3.054070e-06	-2.551799e-09	-2.169499e+01	-1.680822e+02
2.690000e-06	-3.194839e-06	-2.719397e-09	-2.269496e+01	-1.791728e+02
2.700000e-06	-3.334339e-06	-2.876255e-09	-2.368592e+01	-1.896006e+02
2.710000e-06	-3.472494e-06	-3.022331e-09	-2.466732e+01	-1.993997e+02
2.720000e-06	-3.609346e-06	-3.164026e-09	-2.563947e+01	-2.086158e+02
2.730000e-06	-3.744857e-06	-3.302007e-09	-2.660209e+01	-2.173009e+02
2.740000e-06	-3.879020e-06	-3.433691e-09	-2.755513e+01	-2.255075e+02
2.750000e-06	-4.011928e-06	-3.555956e-09	-2.849927e+01	-2.332840e+02
2.760000e-06	-4.143424e-06	-3.668930e-09	-2.943337e+01	-2.406725e+02
2.770000e-06	-4.273422e-06	-3.776097e-09	-3.035682e+01	-2.477062e+02
2.780000e-06	-4.401957e-06	-3.877982e-09	-3.126989e+01	-2.544105e+02
2.790000e-06	-4.528904e-06	-3.974188e-09	-3.217167e+01	-2.608031e+02
2.800000e-06	-4.654303e-06	-4.064046e-09	-3.306246e+01	-2.668971e+02
2.810000e-06	-4.778075e-06	-4.148738e-09	-3.394169e+01	-2.727025e+02
2.820000e-06	-4.900167e-06	-4.230557e-09	-3.480899e+01	-2.782294e+02
2.830000e-06	-5.020510e-06	-4.312574e-09	-3.566386e+01	-2.834893e+02
2.840000e-06	-5.138872e-06	-4.392065e-09	-3.650466e+01	-2.884966e+02
2.850000e-06	-5.255185e-06	-4.465821e-09	-3.733091e+01	-2.932686e+02
2.860000e-06	-5.369318e-06	-4.536627e-09	-3.814166e+01	-2.978246e+02
2.870000e-06	-5.481307e-06	-4.606697e-09	-3.893720e+01	-3.021851e+02
2.880000e-06	-5.591213e-06	-4.675809e-09	-3.971793e+01	-3.063694e+02
2.890000e-06	-5.699102e-06	-4.741818e-09	-4.048433e+01	-3.103941e+02
2.900000e-06	-5.805129e-06	-4.802809e-09	-4.123751e+01	-3.142714e+02
2.910000e-06	-5.909046e-06	-4.859008e-09	-4.197569e+01	-3.180079e+02
2.920000e-06	-6.010724e-06	-4.912237e-09	-4.269798e+01	-3.216049e+02
2.930000e-06	-6.110174e-06	-4.965890e-09	-4.340444e+01	-3.250586e+02
2.940000e-06	-6.207402e-06	-5.019082e-09	-4.409511e+01	-3.283614e+02
2.950000e-06	-6.302477e-06	-5.068406e-09	-4.477049e+01	-3.315043e+02
2.960000e-06	-6.395332e-06	-5.113407e-09	-4.543009e+01	-3.344787e+02
2.970000e-06	-6.485946e-06	-5.153541e-09	-4.607378e+01	-3.372785e+02
2.980000e-06	-6.574265e-06	-5.192249e-09	-4.670117e+01	-3.399022e+02
2.990000e-06	-6.660210e-06	-5.231057e-09	-4.731169e+01	-3.423532e+02
3.000000e-06	-6.743740e-06	-5.267735e-09	-4.790505e+01	-3.446406e+02
3.010000e-06	-6.824863e-06	-5.301905e-09	-4.848133e+01	-3.467784e+02
3.020000e-06	-6.903468e-06	-5.333219e-09	-4.903970e+01	-3.487837e+02
3.030000e-06	-6.979370e-06	-5.363275e-09	-4.957888e+01	-3.506753e+02
3.040000e-06	-7.052618e-06	-5.392387e-09	-5.009921e+01	-3.524711e+02
3.050000e-06	-7.123229e-06	-5.418744e-09	-5.060081e+01	-3.541863e+02
3.060000e-06	-7.191234e-06	-5.443833e-09	-5.108389e+01	-3.558319e+02
3.070000e-06	-7.256773e-06	-5.467379e-09	-5.154945e+01	-3.574132e+02
3.080000e-06	-7.319758e-06	-5.490673e-09	-5.199688e+01	-3.589303e+02
3.090000e-06	-7.380135e-06	-5.512458e-09	-5.242577e+01	-3.603785e+02
3.100000e-06	-7.437945e-06	-5.534116e-09	-5.283643e+01	-3.617496e+02
3.110000e-06	-7.493020e-06	-5.552883e-09	-5.322766e+01	-3.630340e+02
3.120000e-06	-7.545228e-06	-5.568287e-09	-5.359853e+01	-3.642226e+02
3.130000e-06	-7.594354e-06	-5.583014e-09	-5.394751e+01	-3.653088e+02
3.140000e-06	-7.640498e-06	-5.597448e-09	-5.427530e+01	-3.662900e+02
3.150000e-06	-7.684192e-06	-5.612973e-09	-5.458569e+01	-3.671681e+02
3.160000e-06	-7.725437e-06	-5.627878e-09	-5.487867e+01	-3.679501e+02
3.170000e-06	-7.763921e-06	-5.640883e-09	-5.515205e+01	-3.686467e+02
3.180000e-06	-7.799592e-06	-5.651861e-09	-5.540544e+01	-3.692712e+02
3.190000e-06	-7.832549e-06	-5.662120e-09	-5.563956e+01	-3.698375e+02
3.200000e-06	-7.862612e-06	-5.669746e-09	-5.585311e+01	-3.703579e+02
3.210000e-06	-7.889737e-06	-5.673891e-09	-5.604580e+01	-3.708417e+02
3.220000e-06	-7.914176e-06	-5.676926e-09	-5.621941e+01	-3.712931e+02
3.230000e-06	-7.935712e-06	-5.680612e-09	-5.637239e+01	-3.717112e+02
3.240000e-06	-7.954303e-06	-5.685727e-09	-5.650445e+01	-3.720900e+02
3.250000e-06	-7.969988e-06	-5.691133e-09	-5.661587e+01	-3.724189e+02
3.260000e-06	-7.982516e-06	-5.693778e-09	-5.670486e+01	-3.726851e+02
3.270000e-06	-7.992066e-06	-5.694877e-09	-5.677270e+01	-3.728752e+02
3.280000e-06	-7.998714e-06	-5.694527e-09	-5.681993e+01	-3.729775e+02
3.290000e-06	-8.002489e-06	-5.694719e-09	-5.684675e+01	-3.729842e+02
3.300000e-06	-8.003562e-06	-5.693850e-09	-5.685437e+01	-3.728928e+02
