# Temperatura_=_57.24
# Concentracion g/m^3_=_10000.0
# C_Vs_to_Am_M_A/Vsm_=_65563218390.804596
# pendiente_HvsI_1/m_=_3716.3
# ordenada_HvsI_A/m_=_1297.0
# frecuencia_Hz_=_302549.7893226094

Tiempo_(s)	Campo_(V.s)	Magnetizacion_(V.s)	Campo_(kA/m)	Magnetizacion_(A/m)
0.000000e+00	-7.852904e-06	-1.162658e-08	-5.684818e+01	-7.611328e+02
1.000000e-08	-7.849089e-06	-1.162465e-08	-5.682057e+01	-7.607516e+02
2.000000e-08	-7.842755e-06	-1.162285e-08	-5.677471e+01	-7.602301e+02
3.000000e-08	-7.833867e-06	-1.161954e-08	-5.671038e+01	-7.595815e+02
4.000000e-08	-7.822148e-06	-1.160987e-08	-5.662554e+01	-7.588224e+02
5.000000e-08	-7.807443e-06	-1.159517e-08	-5.651908e+01	-7.579705e+02
6.000000e-08	-7.789998e-06	-1.157913e-08	-5.639280e+01	-7.570433e+02
7.000000e-08	-7.770308e-06	-1.155897e-08	-5.625026e+01	-7.560563e+02
8.000000e-08	-7.748270e-06	-1.156412e-08	-5.609072e+01	-7.550218e+02
9.000000e-08	-7.723321e-06	-1.158980e-08	-5.591012e+01	-7.539476e+02
1.000000e-07	-7.695199e-06	-1.155038e-08	-5.570654e+01	-7.528372e+02
1.100000e-07	-7.664161e-06	-1.150193e-08	-5.548185e+01	-7.516891e+02
1.200000e-07	-7.630372e-06	-1.147460e-08	-5.523724e+01	-7.504974e+02
1.300000e-07	-7.593923e-06	-1.144425e-08	-5.497339e+01	-7.492524e+02
1.400000e-07	-7.555216e-06	-1.139283e-08	-5.469318e+01	-7.479410e+02
1.500000e-07	-7.514459e-06	-1.135100e-08	-5.439814e+01	-7.465479e+02
1.600000e-07	-7.471357e-06	-1.138770e-08	-5.408612e+01	-7.450559e+02
1.700000e-07	-7.425568e-06	-1.129489e-08	-5.375464e+01	-7.434472e+02
1.800000e-07	-7.377062e-06	-1.126121e-08	-5.340350e+01	-7.417039e+02
1.900000e-07	-7.325655e-06	-1.130118e-08	-5.303136e+01	-7.398090e+02
2.000000e-07	-7.271255e-06	-1.121518e-08	-5.263755e+01	-7.377468e+02
2.100000e-07	-7.214179e-06	-1.120762e-08	-5.222437e+01	-7.355044e+02
2.200000e-07	-7.154565e-06	-1.117498e-08	-5.179282e+01	-7.330721e+02
2.300000e-07	-7.092423e-06	-1.111676e-08	-5.134297e+01	-7.304438e+02
2.400000e-07	-7.027611e-06	-1.106200e-08	-5.087378e+01	-7.276181e+02
2.500000e-07	-6.960059e-06	-1.100962e-08	-5.038476e+01	-7.245984e+02
2.600000e-07	-6.889873e-06	-1.098165e-08	-4.987668e+01	-7.213922e+02
2.700000e-07	-6.816992e-06	-1.091811e-08	-4.934908e+01	-7.180111e+02
2.800000e-07	-6.741360e-06	-1.086047e-08	-4.880158e+01	-7.144695e+02
2.900000e-07	-6.662907e-06	-1.079491e-08	-4.823364e+01	-7.107831e+02
3.000000e-07	-6.581806e-06	-1.075906e-08	-4.764655e+01	-7.069672e+02
3.100000e-07	-6.498429e-06	-1.071123e-08	-4.704297e+01	-7.030350e+02
3.200000e-07	-6.412858e-06	-1.062865e-08	-4.642351e+01	-6.989957e+02
3.300000e-07	-6.325077e-06	-1.058553e-08	-4.578805e+01	-6.948535e+02
3.400000e-07	-6.234992e-06	-1.052359e-08	-4.513591e+01	-6.906067e+02
3.500000e-07	-6.142611e-06	-1.044724e-08	-4.446715e+01	-6.862475e+02
3.600000e-07	-6.047996e-06	-1.037673e-08	-4.378222e+01	-6.817633e+02
3.700000e-07	-5.951171e-06	-1.031875e-08	-4.308130e+01	-6.771374e+02
3.800000e-07	-5.852188e-06	-1.024247e-08	-4.236474e+01	-6.723517e+02
3.900000e-07	-5.751074e-06	-1.015012e-08	-4.163276e+01	-6.673881e+02
4.000000e-07	-5.647929e-06	-1.007850e-08	-4.088609e+01	-6.622314e+02
4.100000e-07	-5.542838e-06	-1.000044e-08	-4.012532e+01	-6.568708e+02
4.200000e-07	-5.435787e-06	-9.917421e-09	-3.935037e+01	-6.513008e+02
4.300000e-07	-5.326827e-06	-9.819227e-09	-3.856159e+01	-6.455221e+02
4.400000e-07	-5.215963e-06	-9.734640e-09	-3.775903e+01	-6.395404e+02
4.500000e-07	-5.103176e-06	-9.649982e-09	-3.694255e+01	-6.333652e+02
4.600000e-07	-4.988418e-06	-9.550549e-09	-3.611180e+01	-6.270075e+02
4.700000e-07	-4.871667e-06	-9.449699e-09	-3.526663e+01	-6.204777e+02
4.800000e-07	-4.753083e-06	-9.354670e-09	-3.440818e+01	-6.137825e+02
4.900000e-07	-4.632787e-06	-9.252451e-09	-3.353734e+01	-6.069233e+02
5.000000e-07	-4.510800e-06	-9.133101e-09	-3.265426e+01	-5.998948e+02
5.100000e-07	-4.387098e-06	-9.021433e-09	-3.175877e+01	-5.926847e+02
5.200000e-07	-4.261777e-06	-8.913289e-09	-3.085156e+01	-5.852742e+02
5.300000e-07	-4.134980e-06	-8.798416e-09	-2.993366e+01	-5.776403e+02
5.400000e-07	-4.006777e-06	-8.670154e-09	-2.900557e+01	-5.697576e+02
5.500000e-07	-3.877103e-06	-8.544542e-09	-2.806685e+01	-5.616019e+02
5.600000e-07	-3.745835e-06	-8.421426e-09	-2.711658e+01	-5.531524e+02
5.700000e-07	-3.613063e-06	-8.289031e-09	-2.615543e+01	-5.443942e+02
5.800000e-07	-3.478914e-06	-8.148911e-09	-2.518431e+01	-5.353196e+02
5.900000e-07	-3.343484e-06	-8.007469e-09	-2.420391e+01	-5.259283e+02
6.000000e-07	-3.206970e-06	-7.864402e-09	-2.321567e+01	-5.162258e+02
6.100000e-07	-3.069240e-06	-7.709897e-09	-2.221863e+01	-5.062216e+02
6.200000e-07	-2.929989e-06	-7.550590e-09	-2.121057e+01	-4.959261e+02
6.300000e-07	-2.789395e-06	-7.388058e-09	-2.019279e+01	-4.853468e+02
6.400000e-07	-2.647756e-06	-7.219886e-09	-1.916745e+01	-4.744853e+02
6.500000e-07	-2.505118e-06	-7.045254e-09	-1.813487e+01	-4.633347e+02
6.600000e-07	-2.361550e-06	-6.870076e-09	-1.709556e+01	-4.518784e+02
6.700000e-07	-2.217018e-06	-6.692836e-09	-1.604928e+01	-4.400905e+02
6.800000e-07	-2.071559e-06	-6.507234e-09	-1.499629e+01	-4.279371e+02
6.900000e-07	-1.925420e-06	-6.316438e-09	-1.393836e+01	-4.153795e+02
7.000000e-07	-1.778684e-06	-6.116521e-09	-1.287612e+01	-4.023784e+02
7.100000e-07	-1.631411e-06	-5.909362e-09	-1.180999e+01	-3.888977e+02
7.200000e-07	-1.483731e-06	-5.695964e-09	-1.074092e+01	-3.749083e+02
7.300000e-07	-1.335675e-06	-5.477784e-09	-9.669124e+00	-3.603908e+02
7.400000e-07	-1.187196e-06	-5.251162e-09	-8.594266e+00	-3.453360e+02
7.500000e-07	-1.038336e-06	-5.014680e-09	-7.516648e+00	-3.297442e+02
7.600000e-07	-8.891562e-07	-4.771958e-09	-6.436716e+00	-3.136213e+02
7.700000e-07	-7.397224e-07	-4.519852e-09	-5.354946e+00	-2.969738e+02
7.800000e-07	-5.900269e-07	-4.258574e-09	-4.271281e+00	-2.798032e+02
7.900000e-07	-4.400810e-07	-3.989585e-09	-3.185803e+00	-2.620985e+02
8.000000e-07	-2.899747e-07	-3.714495e-09	-2.099164e+00	-2.438317e+02
8.100000e-07	-1.397253e-07	-3.424373e-09	-1.011489e+00	-2.249530e+02
8.200000e-07	1.060244e-08	-3.118434e-09	7.675243e-02	-2.053904e+02
8.300000e-07	1.609879e-07	-2.801734e-09	1.165412e+00	-1.850516e+02
8.400000e-07	3.113421e-07	-2.474831e-09	2.253846e+00	-1.638305e+02
8.500000e-07	4.615593e-07	-2.134106e-09	3.341287e+00	-1.416155e+02
8.600000e-07	6.117196e-07	-1.777660e-09	4.428317e+00	-1.183024e+02
8.700000e-07	7.617528e-07	-1.406770e-09	5.514427e+00	-9.380708e+01
8.800000e-07	9.114757e-07	-1.019561e-09	6.598290e+00	-6.807950e+01
8.900000e-07	1.060887e-06	-6.158936e-10	7.679897e+00	-4.111557e+01
9.000000e-07	1.209969e-06	-1.927960e-10	8.759119e+00	-1.296656e+01
9.100000e-07	1.358666e-06	2.481816e-10	9.835560e+00	1.625589e+01
9.200000e-07	1.506937e-06	7.060639e-10	1.090891e+01	4.637956e+01
9.300000e-07	1.654700e-06	1.178043e-09	1.197859e+01	7.717690e+01
9.400000e-07	1.801873e-06	1.658675e-09	1.304399e+01	1.083752e+02
9.500000e-07	1.948370e-06	2.141929e-09	1.410451e+01	1.396713e+02
9.600000e-07	2.094142e-06	2.622101e-09	1.515977e+01	1.707486e+02
9.700000e-07	2.239085e-06	3.092393e-09	1.620902e+01	2.012964e+02
9.800000e-07	2.383095e-06	3.543299e-09	1.725153e+01	2.310278e+02
9.900000e-07	2.526189e-06	3.972958e-09	1.828741e+01	2.596961e+02
1.000000e-06	2.668295e-06	4.382021e-09	1.931613e+01	2.871073e+02
1.010000e-06	2.809368e-06	4.771853e-09	2.033738e+01	3.131276e+02
1.020000e-06	2.949393e-06	5.142094e-09	2.135103e+01	3.376863e+02
1.030000e-06	3.088103e-06	5.492268e-09	2.235518e+01	3.607724e+02
1.040000e-06	3.225458e-06	5.821540e-09	2.334951e+01	3.824279e+02
1.050000e-06	3.361588e-06	6.129494e-09	2.433497e+01	4.027361e+02
1.060000e-06	3.496497e-06	6.420407e-09	2.531159e+01	4.218088e+02
1.070000e-06	3.630146e-06	6.696879e-09	2.627909e+01	4.397719e+02
1.080000e-06	3.762581e-06	6.958962e-09	2.723781e+01	4.567529e+02
1.090000e-06	3.893637e-06	7.205074e-09	2.818654e+01	4.728691e+02
1.100000e-06	4.023171e-06	7.439761e-09	2.912425e+01	4.882200e+02
1.110000e-06	4.151324e-06	7.664564e-09	3.005197e+01	5.028828e+02
1.120000e-06	4.278075e-06	7.877333e-09	3.096953e+01	5.169110e+02
1.130000e-06	4.403367e-06	8.078318e-09	3.187654e+01	5.303371e+02
1.140000e-06	4.527193e-06	8.268922e-09	3.277293e+01	5.431768e+02
1.150000e-06	4.649404e-06	8.451573e-09	3.365763e+01	5.554349e+02
1.160000e-06	4.769927e-06	8.625825e-09	3.453012e+01	5.671122e+02
1.170000e-06	4.888812e-06	8.793105e-09	3.539074e+01	5.782109e+02
1.180000e-06	5.005913e-06	8.953815e-09	3.623845e+01	5.887391e+02
1.190000e-06	5.120948e-06	9.107162e-09	3.707120e+01	5.987138e+02
1.200000e-06	5.233947e-06	9.252890e-09	3.788922e+01	6.081611e+02
1.210000e-06	5.345102e-06	9.391599e-09	3.869389e+01	6.171154e+02
1.220000e-06	5.454462e-06	9.524543e-09	3.948555e+01	6.256165e+02
1.230000e-06	5.561900e-06	9.651212e-09	4.026331e+01	6.337064e+02
1.240000e-06	5.667233e-06	9.770709e-09	4.102583e+01	6.414249e+02
1.250000e-06	5.770506e-06	9.883946e-09	4.177344e+01	6.488073e+02
1.260000e-06	5.871748e-06	9.991496e-09	4.250634e+01	6.558812e+02
1.270000e-06	5.970800e-06	1.009275e-08	4.322339e+01	6.626663e+02
1.280000e-06	6.067511e-06	1.018875e-08	4.392349e+01	6.691739e+02
1.290000e-06	6.161943e-06	1.028077e-08	4.460710e+01	6.754087e+02
1.300000e-06	6.254222e-06	1.036822e-08	4.527512e+01	6.813712e+02
1.310000e-06	6.344242e-06	1.045352e-08	4.592679e+01	6.870605e+02
1.320000e-06	6.431916e-06	1.053736e-08	4.656147e+01	6.924764e+02
1.330000e-06	6.517387e-06	1.061534e-08	4.718021e+01	6.976222e+02
1.340000e-06	6.600675e-06	1.068699e-08	4.778314e+01	7.025054e+02
1.350000e-06	6.681581e-06	1.075545e-08	4.836883e+01	7.071383e+02
1.360000e-06	6.759945e-06	1.082346e-08	4.893612e+01	7.115368e+02
1.370000e-06	6.835774e-06	1.089088e-08	4.948505e+01	7.157189e+02
1.380000e-06	6.909010e-06	1.095430e-08	5.001521e+01	7.197029e+02
1.390000e-06	6.979709e-06	1.101246e-08	5.052702e+01	7.235046e+02
1.400000e-06	7.047986e-06	1.106738e-08	5.102128e+01	7.271355e+02
1.410000e-06	7.113723e-06	1.112023e-08	5.149716e+01	7.306017e+02
1.420000e-06	7.176919e-06	1.116979e-08	5.195464e+01	7.339033e+02
1.430000e-06	7.237697e-06	1.121514e-08	5.239462e+01	7.370349e+02
1.440000e-06	7.295927e-06	1.125808e-08	5.281616e+01	7.399870e+02
1.450000e-06	7.351537e-06	1.129724e-08	5.321872e+01	7.427483e+02
1.460000e-06	7.404476e-06	1.133171e-08	5.360196e+01	7.453077e+02
1.470000e-06	7.454395e-06	1.136353e-08	5.396333e+01	7.476570e+02
1.480000e-06	7.501385e-06	1.139455e-08	5.430349e+01	7.497927e+02
1.490000e-06	7.545756e-06	1.142452e-08	5.462470e+01	7.517174e+02
1.500000e-06	7.587405e-06	1.145169e-08	5.492620e+01	7.534396e+02
1.510000e-06	7.626304e-06	1.147770e-08	5.520780e+01	7.549738e+02
1.520000e-06	7.662591e-06	1.150144e-08	5.547048e+01	7.563383e+02
1.530000e-06	7.696187e-06	1.152192e-08	5.571369e+01	7.575539e+02
1.540000e-06	7.726962e-06	1.153928e-08	5.593648e+01	7.586408e+02
1.550000e-06	7.755055e-06	1.155380e-08	5.613984e+01	7.596165e+02
1.560000e-06	7.780325e-06	1.156654e-08	5.632278e+01	7.604941e+02
1.570000e-06	7.802698e-06	1.157671e-08	5.648474e+01	7.612807e+02
1.580000e-06	7.822513e-06	1.158585e-08	5.662818e+01	7.619772e+02
1.590000e-06	7.839565e-06	1.159412e-08	5.675162e+01	7.625786e+02
1.600000e-06	7.853551e-06	1.160199e-08	5.685287e+01	7.630753e+02
1.610000e-06	7.864435e-06	1.160971e-08	5.693166e+01	7.634549e+02
1.620000e-06	7.872267e-06	1.161560e-08	5.698836e+01	7.637044e+02
1.630000e-06	7.877334e-06	1.161884e-08	5.702504e+01	7.638123e+02
1.640000e-06	7.879608e-06	1.161881e-08	5.704150e+01	7.637706e+02
1.650000e-06	7.879021e-06	1.161402e-08	5.703725e+01	7.635760e+02
1.660000e-06	7.875855e-06	1.160322e-08	5.701433e+01	7.632307e+02
1.670000e-06	7.870081e-06	1.159559e-08	5.697253e+01	7.627423e+02
1.680000e-06	7.861627e-06	1.158777e-08	5.691133e+01	7.621233e+02
1.690000e-06	7.850563e-06	1.157905e-08	5.683124e+01	7.613894e+02
1.700000e-06	7.836705e-06	1.157146e-08	5.673092e+01	7.605582e+02
1.710000e-06	7.820209e-06	1.156288e-08	5.661150e+01	7.596474e+02
1.720000e-06	7.801469e-06	1.155306e-08	5.647584e+01	7.586733e+02
1.730000e-06	7.780337e-06	1.148594e-08	5.632287e+01	7.576489e+02
1.740000e-06	7.756306e-06	1.144117e-08	5.614890e+01	7.565833e+02
1.750000e-06	7.728896e-06	1.145541e-08	5.595048e+01	7.554810e+02
1.760000e-06	7.698023e-06	1.144510e-08	5.572698e+01	7.543419e+02
1.770000e-06	7.664308e-06	1.142405e-08	5.548292e+01	7.531611e+02
1.780000e-06	7.628263e-06	1.144405e-08	5.522198e+01	7.519297e+02
1.790000e-06	7.589968e-06	1.146518e-08	5.494476e+01	7.506355e+02
1.800000e-06	7.549672e-06	1.137486e-08	5.465305e+01	7.492635e+02
1.810000e-06	7.507155e-06	1.144425e-08	5.434526e+01	7.477971e+02
1.820000e-06	7.462082e-06	1.144457e-08	5.401897e+01	7.462184e+02
1.830000e-06	7.414479e-06	1.137216e-08	5.367437e+01	7.445096e+02
1.840000e-06	7.363970e-06	1.142168e-08	5.330873e+01	7.426533e+02
1.850000e-06	7.310443e-06	1.128818e-08	5.292124e+01	7.406335e+02
1.860000e-06	7.254126e-06	1.127665e-08	5.251355e+01	7.384364e+02
1.870000e-06	7.195188e-06	1.124170e-08	5.208690e+01	7.360514e+02
1.880000e-06	7.133724e-06	1.118482e-08	5.164195e+01	7.334716e+02
1.890000e-06	7.069509e-06	1.121345e-08	5.117709e+01	7.306943e+02
1.900000e-06	7.002538e-06	1.110114e-08	5.069227e+01	7.277217e+02
1.910000e-06	6.932880e-06	1.107374e-08	5.018801e+01	7.245604e+02
1.920000e-06	6.860495e-06	1.102068e-08	4.966401e+01	7.212209e+02
1.930000e-06	6.785464e-06	1.098778e-08	4.912085e+01	7.177172e+02
1.940000e-06	6.707693e-06	1.093766e-08	4.855786e+01	7.140647e+02
1.950000e-06	6.627287e-06	1.084445e-08	4.797579e+01	7.102790e+02
1.960000e-06	6.544445e-06	1.082605e-08	4.737608e+01	7.063740e+02
1.970000e-06	6.459248e-06	1.071902e-08	4.675933e+01	7.023601e+02
1.980000e-06	6.371661e-06	1.066242e-08	4.612528e+01	6.982427e+02
1.990000e-06	6.281766e-06	1.061453e-08	4.547452e+01	6.940217e+02
2.000000e-06	6.189807e-06	1.055604e-08	4.480881e+01	6.896909e+02
2.010000e-06	6.095612e-06	1.047167e-08	4.412692e+01	6.852385e+02
2.020000e-06	5.999097e-06	1.038730e-08	4.342824e+01	6.806489e+02
2.030000e-06	5.900419e-06	1.033185e-08	4.271389e+01	6.759040e+02
2.040000e-06	5.799719e-06	1.024763e-08	4.198492e+01	6.709857e+02
2.050000e-06	5.696986e-06	1.016844e-08	4.124122e+01	6.658777e+02
2.060000e-06	5.592221e-06	1.007803e-08	4.048281e+01	6.605679e+02
2.070000e-06	5.485544e-06	1.000913e-08	3.971056e+01	6.550497e+02
2.080000e-06	5.377017e-06	9.913967e-09	3.892492e+01	6.493220e+02
2.090000e-06	5.266619e-06	9.825119e-09	3.812573e+01	6.433894e+02
2.100000e-06	5.154248e-06	9.741309e-09	3.731227e+01	6.372607e+02
2.110000e-06	5.039949e-06	9.649608e-09	3.648484e+01	6.309468e+02
2.120000e-06	4.923739e-06	9.541076e-09	3.564358e+01	6.244584e+02
2.130000e-06	4.805513e-06	9.433059e-09	3.478773e+01	6.178034e+02
2.140000e-06	4.685370e-06	9.341819e-09	3.391800e+01	6.109846e+02
2.150000e-06	4.563508e-06	9.237625e-09	3.303582e+01	6.039985e+02
2.160000e-06	4.439970e-06	9.123172e-09	3.214152e+01	5.968345e+02
2.170000e-06	4.314862e-06	9.003759e-09	3.123584e+01	5.894753e+02
2.180000e-06	4.188150e-06	8.892626e-09	3.031856e+01	5.818987e+02
2.190000e-06	4.059830e-06	8.769882e-09	2.938963e+01	5.740798e+02
2.200000e-06	3.930011e-06	8.646091e-09	2.844985e+01	5.659937e+02
2.210000e-06	3.798747e-06	8.521693e-09	2.749962e+01	5.576184e+02
2.220000e-06	3.666152e-06	8.393688e-09	2.653975e+01	5.489376e+02
2.230000e-06	3.532241e-06	8.251904e-09	2.557035e+01	5.399416e+02
2.240000e-06	3.396935e-06	8.106267e-09	2.459085e+01	5.306283e+02
2.250000e-06	3.260256e-06	7.963692e-09	2.360141e+01	5.210020e+02
2.260000e-06	3.122380e-06	7.815309e-09	2.260331e+01	5.110715e+02
2.270000e-06	2.983439e-06	7.660757e-09	2.159750e+01	5.008471e+02
2.280000e-06	2.843441e-06	7.501660e-09	2.058404e+01	4.903375e+02
2.290000e-06	2.702301e-06	7.343221e-09	1.956231e+01	4.795460e+02
2.300000e-06	2.560107e-06	7.177773e-09	1.853294e+01	4.684680e+02
2.310000e-06	2.416928e-06	7.005030e-09	1.749646e+01	4.570894e+02
2.320000e-06	2.272802e-06	6.823851e-09	1.645311e+01	4.453865e+02
2.330000e-06	2.127905e-06	6.633599e-09	1.540418e+01	4.333271e+02
2.340000e-06	1.982248e-06	6.437040e-09	1.434975e+01	4.208735e+02
2.350000e-06	1.835860e-06	6.238373e-09	1.329003e+01	4.079861e+02
2.360000e-06	1.688894e-06	6.037111e-09	1.222612e+01	3.946275e+02
2.370000e-06	1.541486e-06	5.826226e-09	1.115902e+01	3.807667e+02
2.380000e-06	1.393703e-06	5.608210e-09	1.008919e+01	3.663816e+02
2.390000e-06	1.245519e-06	5.382670e-09	9.016473e+00	3.514607e+02
2.400000e-06	1.096919e-06	5.147010e-09	7.940738e+00	3.360019e+02
2.410000e-06	9.479634e-07	4.905123e-09	6.862430e+00	3.200102e+02
2.420000e-06	7.987242e-07	4.656508e-09	5.782067e+00	3.034927e+02
2.430000e-06	6.491932e-07	4.396103e-09	4.699593e+00	2.864524e+02
2.440000e-06	4.994281e-07	4.124329e-09	3.615425e+00	2.688823e+02
2.450000e-06	3.494903e-07	3.846435e-09	2.530006e+00	2.507590e+02
2.460000e-06	1.993853e-07	3.561285e-09	1.443376e+00	2.320383e+02
2.470000e-06	4.917282e-08	3.264919e-09	3.559684e-01	2.126538e+02
2.480000e-06	-1.011113e-07	2.955246e-09	-7.319581e-01	1.925178e+02
2.490000e-06	-2.514055e-07	2.632333e-09	-1.819957e+00	1.715269e+02
2.500000e-06	-4.015902e-07	2.295467e-09	-2.907163e+00	1.495698e+02
2.510000e-06	-5.516044e-07	1.943159e-09	-3.993135e+00	1.265393e+02
2.520000e-06	-7.014534e-07	1.575124e-09	-5.077911e+00	1.023450e+02
2.530000e-06	-8.511164e-07	1.189833e-09	-6.161342e+00	7.692704e+01
2.540000e-06	-1.000498e-06	7.848133e-10	-7.242733e+00	5.026886e+01
2.550000e-06	-1.149557e-06	3.628733e-10	-8.321792e+00	2.240724e+01
2.560000e-06	-1.298237e-06	-7.273384e-11	-9.398104e+00	-6.561499e+00
2.570000e-06	-1.446424e-06	-5.250492e-10	-1.047085e+01	-3.648000e+01
2.580000e-06	-1.594112e-06	-9.941868e-10	-1.153999e+01	-6.713376e+01
2.590000e-06	-1.741286e-06	-1.474991e-09	-1.260539e+01	-9.826018e+01
2.600000e-06	-1.887832e-06	-1.959820e-09	-1.366626e+01	-1.295621e+02
2.610000e-06	-2.033648e-06	-2.443068e-09	-1.472184e+01	-1.607246e+02
2.620000e-06	-2.178689e-06	-2.918610e-09	-1.577181e+01	-1.914337e+02
2.630000e-06	-2.322962e-06	-3.379285e-09	-1.681622e+01	-2.213949e+02
2.640000e-06	-2.466304e-06	-3.821255e-09	-1.785389e+01	-2.503503e+02
2.650000e-06	-2.608518e-06	-4.242218e-09	-1.888340e+01	-2.780915e+02
2.660000e-06	-2.749623e-06	-4.640147e-09	-1.990487e+01	-3.044695e+02
2.670000e-06	-2.889665e-06	-5.015055e-09	-2.091865e+01	-3.293977e+02
2.680000e-06	-3.028608e-06	-5.367781e-09	-2.192448e+01	-3.528507e+02
2.690000e-06	-3.166387e-06	-5.701495e-09	-2.292189e+01	-3.748583e+02
2.700000e-06	-3.303059e-06	-6.019529e-09	-2.391127e+01	-3.954945e+02
2.710000e-06	-3.438540e-06	-6.319762e-09	-2.489203e+01	-4.148654e+02
2.720000e-06	-3.572566e-06	-6.601628e-09	-2.586227e+01	-4.330946e+02
2.730000e-06	-3.705267e-06	-6.866684e-09	-2.682291e+01	-4.503104e+02
2.740000e-06	-3.836781e-06	-7.117629e-09	-2.777495e+01	-4.666335e+02
2.750000e-06	-3.966903e-06	-7.357840e-09	-2.871692e+01	-4.821684e+02
2.760000e-06	-4.095662e-06	-7.587998e-09	-2.964903e+01	-4.969981e+02
2.770000e-06	-4.222973e-06	-7.806835e-09	-3.057065e+01	-5.111820e+02
2.780000e-06	-4.348697e-06	-8.014387e-09	-3.148078e+01	-5.247574e+02
2.790000e-06	-4.473033e-06	-8.211191e-09	-3.238086e+01	-5.377437e+02
2.800000e-06	-4.595884e-06	-8.397206e-09	-3.327020e+01	-5.501479e+02
2.810000e-06	-4.717069e-06	-8.573817e-09	-3.414747e+01	-5.619712e+02
2.820000e-06	-4.836481e-06	-8.742552e-09	-3.501191e+01	-5.732149e+02
2.830000e-06	-4.953950e-06	-8.902134e-09	-3.586228e+01	-5.838853e+02
2.840000e-06	-5.069448e-06	-9.054173e-09	-3.669839e+01	-5.939971e+02
2.850000e-06	-5.182804e-06	-9.202914e-09	-3.751898e+01	-6.035741e+02
2.860000e-06	-5.294029e-06	-9.347801e-09	-3.832416e+01	-6.126489e+02
2.870000e-06	-5.403388e-06	-9.483442e-09	-3.911583e+01	-6.212603e+02
2.880000e-06	-5.510957e-06	-9.608095e-09	-3.989453e+01	-6.294499e+02
2.890000e-06	-5.616699e-06	-9.726334e-09	-4.066001e+01	-6.372585e+02
2.900000e-06	-5.720341e-06	-9.840914e-09	-4.141029e+01	-6.447228e+02
2.910000e-06	-5.821767e-06	-9.950547e-09	-4.214452e+01	-6.518725e+02
2.920000e-06	-5.921096e-06	-1.005369e-08	-4.286358e+01	-6.587293e+02
2.930000e-06	-6.018377e-06	-1.015246e-08	-4.356781e+01	-6.653064e+02
2.940000e-06	-6.113509e-06	-1.024960e-08	-4.425648e+01	-6.716100e+02
2.950000e-06	-6.206368e-06	-1.034324e-08	-4.492870e+01	-6.776415e+02
2.960000e-06	-6.296982e-06	-1.043059e-08	-4.558466e+01	-6.834000e+02
2.970000e-06	-6.385373e-06	-1.051281e-08	-4.622454e+01	-6.888850e+02
2.980000e-06	-6.471427e-06	-1.059070e-08	-4.684749e+01	-6.940986e+02
2.990000e-06	-6.555100e-06	-1.066502e-08	-4.745322e+01	-6.990473e+02
3.000000e-06	-6.636535e-06	-1.073764e-08	-4.804273e+01	-7.037422e+02
3.010000e-06	-6.715589e-06	-1.080906e-08	-4.861502e+01	-7.081984e+02
3.020000e-06	-6.791969e-06	-1.087713e-08	-4.916794e+01	-7.124338e+02
3.030000e-06	-6.865744e-06	-1.094060e-08	-4.970200e+01	-7.164665e+02
3.040000e-06	-6.937072e-06	-1.099983e-08	-5.021836e+01	-7.203133e+02
3.050000e-06	-7.005923e-06	-1.105468e-08	-5.071678e+01	-7.239869e+02
3.060000e-06	-7.072276e-06	-1.110987e-08	-5.119712e+01	-7.274949e+02
3.070000e-06	-7.136166e-06	-1.116286e-08	-5.165962e+01	-7.308388e+02
3.080000e-06	-7.197496e-06	-1.121007e-08	-5.210360e+01	-7.340144e+02
3.090000e-06	-7.256214e-06	-1.125317e-08	-5.252867e+01	-7.370133e+02
3.100000e-06	-7.312363e-06	-1.129516e-08	-5.293514e+01	-7.398241e+02
3.110000e-06	-7.365746e-06	-1.133547e-08	-5.332159e+01	-7.424357e+02
3.120000e-06	-7.416026e-06	-1.137377e-08	-5.368557e+01	-7.448389e+02
3.130000e-06	-7.463277e-06	-1.141076e-08	-5.402763e+01	-7.470289e+02
3.140000e-06	-7.508036e-06	-1.144491e-08	-5.435164e+01	-7.490066e+02
3.150000e-06	-7.550408e-06	-1.147293e-08	-5.465838e+01	-7.507791e+02
3.160000e-06	-7.590206e-06	-1.149671e-08	-5.494648e+01	-7.523594e+02
3.170000e-06	-7.627319e-06	-1.151847e-08	-5.521515e+01	-7.537654e+02
3.180000e-06	-7.661756e-06	-1.153732e-08	-5.546444e+01	-7.550171e+02
3.190000e-06	-7.693466e-06	-1.155374e-08	-5.569399e+01	-7.561351e+02
3.200000e-06	-7.722322e-06	-1.156962e-08	-5.590289e+01	-7.571380e+02
3.210000e-06	-7.748446e-06	-1.158554e-08	-5.609200e+01	-7.580401e+02
3.220000e-06	-7.771803e-06	-1.159989e-08	-5.626108e+01	-7.588499e+02
3.230000e-06	-7.792277e-06	-1.161036e-08	-5.640930e+01	-7.595700e+02
3.240000e-06	-7.809961e-06	-1.161673e-08	-5.653731e+01	-7.601968e+02
3.250000e-06	-7.824724e-06	-1.162329e-08	-5.664419e+01	-7.607215e+02
3.260000e-06	-7.836389e-06	-1.162780e-08	-5.672863e+01	-7.611325e+02
3.270000e-06	-7.845145e-06	-1.162875e-08	-5.679202e+01	-7.614165e+02
3.280000e-06	-7.851011e-06	-1.162802e-08	-5.683448e+01	-7.615615e+02
3.290000e-06	-7.854093e-06	-1.162601e-08	-5.685680e+01	-7.615586e+02
3.300000e-06	-7.854568e-06	-1.162421e-08	-5.686023e+01	-7.614030e+02
