# Temperatura_=_47.85
# Concentracion g/m^3_=_10000.0
# C_Vs_to_Am_M_A/Vsm_=_65563218390.804596
# pendiente_HvsI_1/m_=_3716.3
# ordenada_HvsI_A/m_=_1297.0
# frecuencia_Hz_=_302552.8118072904

Tiempo_(s)	Campo_(V.s)	Magnetizacion_(V.s)	Campo_(kA/m)	Magnetizacion_(A/m)
0.000000e+00	-7.907361e-06	-1.132693e-08	-5.685203e+01	-7.425488e+02
1.000000e-08	-7.903888e-06	-1.132587e-08	-5.682706e+01	-7.422128e+02
2.000000e-08	-7.897785e-06	-1.132127e-08	-5.678318e+01	-7.417522e+02
3.000000e-08	-7.889136e-06	-1.131619e-08	-5.672100e+01	-7.411796e+02
4.000000e-08	-7.877719e-06	-1.130968e-08	-5.663891e+01	-7.405094e+02
5.000000e-08	-7.863286e-06	-1.129968e-08	-5.653514e+01	-7.397555e+02
6.000000e-08	-7.846069e-06	-1.128794e-08	-5.641136e+01	-7.389302e+02
7.000000e-08	-7.826552e-06	-1.127714e-08	-5.627104e+01	-7.380428e+02
8.000000e-08	-7.804702e-06	-1.126967e-08	-5.611393e+01	-7.370990e+02
9.000000e-08	-7.779963e-06	-1.129267e-08	-5.593607e+01	-7.361004e+02
1.000000e-07	-7.752032e-06	-1.127762e-08	-5.573525e+01	-7.350450e+02
1.100000e-07	-7.721121e-06	-1.121912e-08	-5.551301e+01	-7.339277e+02
1.200000e-07	-7.687392e-06	-1.118282e-08	-5.527051e+01	-7.327410e+02
1.300000e-07	-7.651027e-06	-1.115834e-08	-5.500905e+01	-7.314765e+02
1.400000e-07	-7.612349e-06	-1.112155e-08	-5.473096e+01	-7.301250e+02
1.500000e-07	-7.571537e-06	-1.107298e-08	-5.443754e+01	-7.286776e+02
1.600000e-07	-7.528417e-06	-1.108332e-08	-5.412751e+01	-7.271260e+02
1.700000e-07	-7.482612e-06	-1.106531e-08	-5.379818e+01	-7.254625e+02
1.800000e-07	-7.434117e-06	-1.097594e-08	-5.344952e+01	-7.236797e+02
1.900000e-07	-7.382731e-06	-1.100213e-08	-5.308007e+01	-7.217706e+02
2.000000e-07	-7.328335e-06	-1.097558e-08	-5.268897e+01	-7.197285e+02
2.100000e-07	-7.271232e-06	-1.091381e-08	-5.227842e+01	-7.175465e+02
2.200000e-07	-7.211499e-06	-1.091215e-08	-5.184895e+01	-7.152181e+02
2.300000e-07	-7.149230e-06	-1.085595e-08	-5.140125e+01	-7.127376e+02
2.400000e-07	-7.084311e-06	-1.080762e-08	-5.093450e+01	-7.101002e+02
2.500000e-07	-7.016592e-06	-1.074592e-08	-5.044762e+01	-7.073034e+02
2.600000e-07	-6.946233e-06	-1.072298e-08	-4.994175e+01	-7.043467e+02
2.700000e-07	-6.873183e-06	-1.067269e-08	-4.941654e+01	-7.012325e+02
2.800000e-07	-6.797321e-06	-1.060257e-08	-4.887111e+01	-6.979660e+02
2.900000e-07	-6.718594e-06	-1.055699e-08	-4.830508e+01	-6.945545e+02
3.000000e-07	-6.637166e-06	-1.051258e-08	-4.771963e+01	-6.910070e+02
3.100000e-07	-6.553470e-06	-1.047412e-08	-4.711788e+01	-6.873326e+02
3.200000e-07	-6.467574e-06	-1.040526e-08	-4.650030e+01	-6.835390e+02
3.300000e-07	-6.379373e-06	-1.035052e-08	-4.586616e+01	-6.796319e+02
3.400000e-07	-6.288877e-06	-1.029690e-08	-4.521552e+01	-6.756130e+02
3.500000e-07	-6.196127e-06	-1.023006e-08	-4.454867e+01	-6.714797e+02
3.600000e-07	-6.101163e-06	-1.016569e-08	-4.386590e+01	-6.672250e+02
3.700000e-07	-6.003958e-06	-1.010177e-08	-4.316702e+01	-6.628381e+02
3.800000e-07	-5.904500e-06	-1.003077e-08	-4.245194e+01	-6.583051e+02
3.900000e-07	-5.802915e-06	-9.945897e-09	-4.172157e+01	-6.536111e+02
4.000000e-07	-5.699312e-06	-9.870744e-09	-4.097668e+01	-6.487417e+02
4.100000e-07	-5.593721e-06	-9.797551e-09	-4.021751e+01	-6.436850e+02
4.200000e-07	-5.486149e-06	-9.722891e-09	-3.944410e+01	-6.384325e+02
4.300000e-07	-5.376686e-06	-9.640456e-09	-3.865708e+01	-6.329808e+02
4.400000e-07	-5.265363e-06	-9.556065e-09	-3.785670e+01	-6.273307e+02
4.500000e-07	-5.151972e-06	-9.470272e-09	-3.704145e+01	-6.214873e+02
4.600000e-07	-5.036467e-06	-9.381189e-09	-3.621099e+01	-6.154580e+02
4.700000e-07	-4.919075e-06	-9.289297e-09	-3.536697e+01	-6.092508e+02
4.800000e-07	-4.799921e-06	-9.194306e-09	-3.451028e+01	-6.028722e+02
4.900000e-07	-4.679016e-06	-9.094172e-09	-3.364100e+01	-5.963249e+02
5.000000e-07	-4.556398e-06	-8.985533e-09	-3.275941e+01	-5.896065e+02
5.100000e-07	-4.432078e-06	-8.876726e-09	-3.186558e+01	-5.827085e+02
5.200000e-07	-4.306183e-06	-8.768035e-09	-3.096042e+01	-5.756164e+02
5.300000e-07	-4.178727e-06	-8.657456e-09	-3.004405e+01	-5.683110e+02
5.400000e-07	-4.049764e-06	-8.536168e-09	-2.911684e+01	-5.607699e+02
5.500000e-07	-3.919331e-06	-8.413474e-09	-2.817905e+01	-5.529702e+02
5.600000e-07	-3.787305e-06	-8.296027e-09	-2.722981e+01	-5.448906e+02
5.700000e-07	-3.653843e-06	-8.175896e-09	-2.627026e+01	-5.365144e+02
5.800000e-07	-3.519020e-06	-8.043266e-09	-2.530091e+01	-5.278303e+02
5.900000e-07	-3.382805e-06	-7.905414e-09	-2.432156e+01	-5.188335e+02
6.000000e-07	-3.245356e-06	-7.766263e-09	-2.333333e+01	-5.095254e+02
6.100000e-07	-3.106634e-06	-7.620116e-09	-2.233595e+01	-4.999115e+02
6.200000e-07	-2.966515e-06	-7.466261e-09	-2.132853e+01	-4.899992e+02
6.300000e-07	-2.825022e-06	-7.307750e-09	-2.031123e+01	-4.797950e+02
6.400000e-07	-2.682399e-06	-7.145596e-09	-1.928581e+01	-4.693009e+02
6.500000e-07	-2.538837e-06	-6.974452e-09	-1.825363e+01	-4.585123e+02
6.600000e-07	-2.394340e-06	-6.800913e-09	-1.721473e+01	-4.474164e+02
6.700000e-07	-2.248922e-06	-6.626883e-09	-1.616921e+01	-4.359912e+02
6.800000e-07	-2.102708e-06	-6.450580e-09	-1.511797e+01	-4.242071e+02
6.900000e-07	-1.955878e-06	-6.267920e-09	-1.406230e+01	-4.120290e+02
7.000000e-07	-1.808429e-06	-6.074771e-09	-1.300217e+01	-3.994197e+02
7.100000e-07	-1.660429e-06	-5.873129e-09	-1.193809e+01	-3.863436e+02
7.200000e-07	-1.511940e-06	-5.664114e-09	-1.087048e+01	-3.727704e+02
7.300000e-07	-1.362983e-06	-5.450286e-09	-9.799520e+00	-3.586779e+02
7.400000e-07	-1.213605e-06	-5.227375e-09	-8.725528e+00	-3.440532e+02
7.500000e-07	-1.063828e-06	-4.995924e-09	-7.648668e+00	-3.288925e+02
7.600000e-07	-9.137314e-07	-4.758709e-09	-6.569510e+00	-3.131983e+02
7.700000e-07	-7.633326e-07	-4.513646e-09	-5.488179e+00	-2.969757e+02
7.800000e-07	-6.126551e-07	-4.260455e-09	-4.404844e+00	-2.802262e+02
7.900000e-07	-4.617689e-07	-3.999865e-09	-3.320008e+00	-2.629421e+02
8.000000e-07	-3.106951e-07	-3.731713e-09	-2.233823e+00	-2.451005e+02
8.100000e-07	-1.594560e-07	-3.449357e-09	-1.146451e+00	-2.266597e+02
8.200000e-07	-8.134982e-09	-3.149726e-09	-5.848857e-02	-2.075566e+02
8.300000e-07	1.432257e-07	-2.838456e-09	1.029759e+00	-1.877084e+02
8.400000e-07	2.945688e-07	-2.517146e-09	2.117879e+00	-1.670169e+02
8.500000e-07	4.458422e-07	-2.183660e-09	3.205499e+00	-1.453770e+02
8.600000e-07	5.970182e-07	-1.837097e-09	4.292418e+00	-1.226866e+02
8.700000e-07	7.479816e-07	-1.475919e-09	5.377808e+00	-9.886002e+01
8.800000e-07	8.986793e-07	-1.101039e-09	6.461289e+00	-7.384061e+01
8.900000e-07	1.049074e-06	-7.082542e-10	7.542587e+00	-4.761332e+01
9.000000e-07	1.199132e-06	-2.950751e-10	8.621475e+00	-2.021451e+01
9.100000e-07	1.348804e-06	1.356124e-10	9.697574e+00	8.261801e+00
9.200000e-07	1.498012e-06	5.838938e-10	1.077034e+01	3.766231e+01
9.300000e-07	1.646752e-06	1.047108e-09	1.183975e+01	6.777794e+01
9.400000e-07	1.794897e-06	1.519137e-09	1.290488e+01	9.835245e+01
9.500000e-07	1.942309e-06	1.991674e-09	1.396474e+01	1.290955e+02
9.600000e-07	2.089044e-06	2.459959e-09	1.501973e+01	1.596988e+02
9.700000e-07	2.235063e-06	2.918637e-09	1.606957e+01	1.898548e+02
9.800000e-07	2.380235e-06	3.363559e-09	1.711332e+01	2.192742e+02
9.900000e-07	2.524526e-06	3.792304e-09	1.815074e+01	2.477032e+02
1.000000e-06	2.667875e-06	4.201720e-09	1.918138e+01	2.749367e+02
1.010000e-06	2.810175e-06	4.592190e-09	2.020448e+01	3.008272e+02
1.020000e-06	2.951310e-06	4.963527e-09	2.121921e+01	3.252892e+02
1.030000e-06	3.091194e-06	5.313326e-09	2.222494e+01	3.482971e+02
1.040000e-06	3.229798e-06	5.640303e-09	2.322147e+01	3.698798e+02
1.050000e-06	3.367135e-06	5.945484e-09	2.420889e+01	3.901104e+02
1.060000e-06	3.503197e-06	6.231832e-09	2.518715e+01	4.090935e+02
1.070000e-06	3.637953e-06	6.503878e-09	2.615601e+01	4.269513e+02
1.080000e-06	3.771435e-06	6.762499e-09	2.711571e+01	4.438106e+02
1.090000e-06	3.903560e-06	7.008741e-09	2.806566e+01	4.597908e+02
1.100000e-06	4.034239e-06	7.244307e-09	2.900521e+01	4.749949e+02
1.110000e-06	4.163480e-06	7.468752e-09	2.993443e+01	4.895045e+02
1.120000e-06	4.291270e-06	7.680640e-09	3.085320e+01	5.033775e+02
1.130000e-06	4.417605e-06	7.877851e-09	3.176152e+01	5.166497e+02
1.140000e-06	4.542495e-06	8.063197e-09	3.265945e+01	5.293386e+02
1.150000e-06	4.665789e-06	8.241279e-09	3.354590e+01	5.414498e+02
1.160000e-06	4.787350e-06	8.412406e-09	3.441990e+01	5.529826e+02
1.170000e-06	4.907190e-06	8.576829e-09	3.528152e+01	5.639370e+02
1.180000e-06	5.025277e-06	8.734613e-09	3.613054e+01	5.743183e+02
1.190000e-06	5.141501e-06	8.887323e-09	3.696616e+01	5.841405e+02
1.200000e-06	5.255737e-06	9.033088e-09	3.778749e+01	5.934275e+02
1.210000e-06	5.367927e-06	9.170704e-09	3.859411e+01	6.022123e+02
1.220000e-06	5.478135e-06	9.301024e-09	3.938648e+01	6.105349e+02
1.230000e-06	5.586443e-06	9.423296e-09	4.016518e+01	6.184387e+02
1.240000e-06	5.692748e-06	9.537839e-09	4.092949e+01	6.259667e+02
1.250000e-06	5.796954e-06	9.645344e-09	4.167871e+01	6.331578e+02
1.260000e-06	5.899025e-06	9.749033e-09	4.241258e+01	6.400441e+02
1.270000e-06	5.998956e-06	9.849831e-09	4.313105e+01	6.466493e+02
1.280000e-06	6.096667e-06	9.945726e-09	4.383357e+01	6.529883e+02
1.290000e-06	6.192075e-06	1.003669e-08	4.451953e+01	6.590683e+02
1.300000e-06	6.285261e-06	1.012307e-08	4.518952e+01	6.648908e+02
1.310000e-06	6.376190e-06	1.020688e-08	4.584328e+01	6.704543e+02
1.320000e-06	6.464723e-06	1.028843e-08	4.647981e+01	6.757569e+02
1.330000e-06	6.550951e-06	1.036403e-08	4.709977e+01	6.807987e+02
1.340000e-06	6.634997e-06	1.043419e-08	4.770403e+01	6.855836e+02
1.350000e-06	6.716742e-06	1.050190e-08	4.829177e+01	6.901197e+02
1.360000e-06	6.796008e-06	1.056782e-08	4.886167e+01	6.944193e+02
1.370000e-06	6.872738e-06	1.063244e-08	4.941334e+01	6.984975e+02
1.380000e-06	6.946856e-06	1.069497e-08	4.994623e+01	7.023706e+02
1.390000e-06	7.018354e-06	1.075323e-08	5.046028e+01	7.060538e+02
1.400000e-06	7.087368e-06	1.080658e-08	5.095647e+01	7.095592e+02
1.410000e-06	7.153897e-06	1.085676e-08	5.143480e+01	7.128948e+02
1.420000e-06	7.217875e-06	1.090488e-08	5.189479e+01	7.160636e+02
1.430000e-06	7.279385e-06	1.094915e-08	5.233703e+01	7.190636e+02
1.440000e-06	7.338428e-06	1.098921e-08	5.276154e+01	7.218891e+02
1.450000e-06	7.394865e-06	1.102557e-08	5.316731e+01	7.245322e+02
1.460000e-06	7.448517e-06	1.106020e-08	5.355305e+01	7.269851e+02
1.470000e-06	7.499140e-06	1.109312e-08	5.391702e+01	7.292420e+02
1.480000e-06	7.546775e-06	1.112336e-08	5.425950e+01	7.313006e+02
1.490000e-06	7.591727e-06	1.115227e-08	5.458270e+01	7.331639e+02
1.500000e-06	7.634023e-06	1.117967e-08	5.488680e+01	7.348399e+02
1.510000e-06	7.673539e-06	1.120461e-08	5.517090e+01	7.363415e+02
1.520000e-06	7.710443e-06	1.122623e-08	5.543624e+01	7.376851e+02
1.530000e-06	7.744721e-06	1.124552e-08	5.568269e+01	7.388884e+02
1.540000e-06	7.776130e-06	1.126265e-08	5.590851e+01	7.399690e+02
1.550000e-06	7.804799e-06	1.127774e-08	5.611463e+01	7.409419e+02
1.560000e-06	7.830691e-06	1.129142e-08	5.630079e+01	7.418176e+02
1.570000e-06	7.853636e-06	1.130308e-08	5.646576e+01	7.426016e+02
1.580000e-06	7.873854e-06	1.131267e-08	5.661113e+01	7.432939e+02
1.590000e-06	7.891342e-06	1.132061e-08	5.673686e+01	7.438894e+02
1.600000e-06	7.905834e-06	1.132846e-08	5.684105e+01	7.443795e+02
1.610000e-06	7.917276e-06	1.133633e-08	5.692332e+01	7.447536e+02
1.620000e-06	7.925623e-06	1.134237e-08	5.698333e+01	7.450012e+02
1.630000e-06	7.931021e-06	1.134593e-08	5.702214e+01	7.451138e+02
1.640000e-06	7.933714e-06	1.134789e-08	5.704150e+01	7.450864e+02
1.650000e-06	7.933639e-06	1.134762e-08	5.704097e+01	7.449186e+02
1.660000e-06	7.930824e-06	1.133790e-08	5.702072e+01	7.446146e+02
1.670000e-06	7.925343e-06	1.132734e-08	5.698132e+01	7.441833e+02
1.680000e-06	7.917217e-06	1.131930e-08	5.692290e+01	7.436367e+02
1.690000e-06	7.906471e-06	1.131130e-08	5.684563e+01	7.429889e+02
1.700000e-06	7.892923e-06	1.130321e-08	5.674822e+01	7.422539e+02
1.710000e-06	7.876702e-06	1.129498e-08	5.663160e+01	7.414447e+02
1.720000e-06	7.858154e-06	1.128244e-08	5.649825e+01	7.405715e+02
1.730000e-06	7.837359e-06	1.124543e-08	5.634873e+01	7.396407e+02
1.740000e-06	7.813759e-06	1.117605e-08	5.617905e+01	7.386552e+02
1.750000e-06	7.786604e-06	1.118075e-08	5.598382e+01	7.376137e+02
1.760000e-06	7.755858e-06	1.119427e-08	5.576276e+01	7.365117e+02
1.770000e-06	7.722207e-06	1.117170e-08	5.552082e+01	7.353424e+02
1.780000e-06	7.686306e-06	1.116571e-08	5.526270e+01	7.340975e+02
1.790000e-06	7.648104e-06	1.120151e-08	5.498803e+01	7.327679e+02
1.800000e-06	7.607762e-06	1.115947e-08	5.469798e+01	7.313446e+02
1.810000e-06	7.565283e-06	1.110578e-08	5.439257e+01	7.298191e+02
1.820000e-06	7.520204e-06	1.117315e-08	5.406847e+01	7.281835e+02
1.830000e-06	7.472489e-06	1.110262e-08	5.372540e+01	7.264304e+02
1.840000e-06	7.421944e-06	1.109015e-08	5.336200e+01	7.245529e+02
1.850000e-06	7.368392e-06	1.104853e-08	5.297697e+01	7.225439e+02
1.860000e-06	7.312027e-06	1.096638e-08	5.257172e+01	7.203968e+02
1.870000e-06	7.253024e-06	1.097111e-08	5.214751e+01	7.181049e+02
1.880000e-06	7.191452e-06	1.088946e-08	5.170481e+01	7.156622e+02
1.890000e-06	7.127116e-06	1.091124e-08	5.124226e+01	7.130637e+02
1.900000e-06	7.060083e-06	1.085826e-08	5.076030e+01	7.103061e+02
1.910000e-06	6.990355e-06	1.077847e-08	5.025897e+01	7.073885e+02
1.920000e-06	6.917773e-06	1.077274e-08	4.973713e+01	7.043126e+02
1.930000e-06	6.842495e-06	1.070736e-08	4.919590e+01	7.010828e+02
1.940000e-06	6.764505e-06	1.068243e-08	4.863517e+01	6.977061e+02
1.950000e-06	6.683913e-06	1.059517e-08	4.805573e+01	6.941910e+02
1.960000e-06	6.600909e-06	1.054708e-08	4.745896e+01	6.905468e+02
1.970000e-06	6.515507e-06	1.048855e-08	4.684493e+01	6.867817e+02
1.980000e-06	6.427650e-06	1.040298e-08	4.621326e+01	6.829019e+02
1.990000e-06	6.337419e-06	1.037184e-08	4.556452e+01	6.789103e+02
2.000000e-06	6.245026e-06	1.030640e-08	4.490024e+01	6.748053e+02
2.010000e-06	6.150363e-06	1.024851e-08	4.421963e+01	6.705812e+02
2.020000e-06	6.053440e-06	1.016426e-08	4.352278e+01	6.662278e+02
2.030000e-06	5.954425e-06	1.010197e-08	4.281089e+01	6.617320e+02
2.040000e-06	5.853355e-06	1.003090e-08	4.208422e+01	6.570789e+02
2.050000e-06	5.750154e-06	9.952335e-09	4.134223e+01	6.522539e+02
2.060000e-06	5.644922e-06	9.872222e-09	4.058563e+01	6.472442e+02
2.070000e-06	5.537850e-06	9.788980e-09	3.981581e+01	6.420405e+02
2.080000e-06	5.428865e-06	9.711940e-09	3.903224e+01	6.366380e+02
2.090000e-06	5.317879e-06	9.624588e-09	3.823428e+01	6.310365e+02
2.100000e-06	5.204885e-06	9.546313e-09	3.742187e+01	6.252400e+02
2.110000e-06	5.089945e-06	9.454154e-09	3.659548e+01	6.192557e+02
2.120000e-06	4.973051e-06	9.358707e-09	3.575505e+01	6.130916e+02
2.130000e-06	4.854210e-06	9.252469e-09	3.490061e+01	6.067547e+02
2.140000e-06	4.733489e-06	9.154889e-09	3.403265e+01	6.002488e+02
2.150000e-06	4.611057e-06	9.056773e-09	3.315240e+01	5.935730e+02
2.160000e-06	4.486945e-06	8.955044e-09	3.226006e+01	5.867203e+02
2.170000e-06	4.361200e-06	8.847334e-09	3.135598e+01	5.796777e+02
2.180000e-06	4.233807e-06	8.737624e-09	3.044006e+01	5.724269e+02
2.190000e-06	4.104793e-06	8.625314e-09	2.951248e+01	5.649462e+02
2.200000e-06	3.974359e-06	8.504841e-09	2.857469e+01	5.572125e+02
2.210000e-06	3.842404e-06	8.382078e-09	2.762597e+01	5.492040e+02
2.220000e-06	3.709010e-06	8.253297e-09	2.666690e+01	5.409025e+02
2.230000e-06	3.574307e-06	8.120065e-09	2.569841e+01	5.322953e+02
2.240000e-06	3.438248e-06	7.980637e-09	2.472018e+01	5.233761e+02
2.250000e-06	3.300835e-06	7.841758e-09	2.373221e+01	5.141448e+02
2.260000e-06	3.162208e-06	7.700164e-09	2.273552e+01	5.046059e+02
2.270000e-06	3.022371e-06	7.555317e-09	2.173013e+01	4.947668e+02
2.280000e-06	2.881323e-06	7.402916e-09	2.071602e+01	4.846344e+02
2.290000e-06	2.739182e-06	7.248167e-09	1.969406e+01	4.742122e+02
2.300000e-06	2.595969e-06	7.088878e-09	1.866439e+01	4.634974e+02
2.310000e-06	2.451756e-06	6.923233e-09	1.762754e+01	4.524793e+02
2.320000e-06	2.306702e-06	6.749466e-09	1.658464e+01	4.411382e+02
2.330000e-06	2.160905e-06	6.565180e-09	1.553639e+01	4.294462e+02
2.340000e-06	2.014436e-06	6.374054e-09	1.448331e+01	4.173694e+02
2.350000e-06	1.867330e-06	6.181345e-09	1.342566e+01	4.048707e+02
2.360000e-06	1.719547e-06	5.986819e-09	1.236313e+01	3.919136e+02
2.370000e-06	1.571171e-06	5.783003e-09	1.129634e+01	3.784664e+02
2.380000e-06	1.422328e-06	5.571357e-09	1.022620e+01	3.645046e+02
2.390000e-06	1.273057e-06	5.350960e-09	9.152976e+00	3.500129e+02
2.400000e-06	1.123320e-06	5.121569e-09	8.076403e+00	3.349854e+02
2.410000e-06	9.731922e-07	4.886501e-09	6.997019e+00	3.194235e+02
2.420000e-06	8.228090e-07	4.645647e-09	5.915799e+00	3.033319e+02
2.430000e-06	6.722177e-07	4.393598e-09	4.833084e+00	2.867136e+02
2.440000e-06	5.214441e-07	4.128481e-09	3.749058e+00	2.695639e+02
2.450000e-06	3.705000e-07	3.856635e-09	2.663806e+00	2.518641e+02
2.460000e-06	2.193611e-07	3.578773e-09	1.577154e+00	2.335775e+02
2.470000e-06	6.806139e-08	3.289825e-09	4.893451e-01	2.146463e+02
2.480000e-06	-8.329462e-08	2.986611e-09	-5.988684e-01	1.949923e+02
2.490000e-06	-2.346157e-07	2.671346e-09	-1.686831e+00	1.745207e+02
2.500000e-06	-3.858624e-07	2.344722e-09	-2.774258e+00	1.531271e+02
2.510000e-06	-5.369496e-07	2.003688e-09	-3.860539e+00	1.307075e+02
2.520000e-06	-6.878990e-07	1.645281e-09	-4.945829e+00	1.071709e+02
2.530000e-06	-8.387412e-07	1.269225e-09	-6.030348e+00	8.245220e+01
2.540000e-06	-9.893385e-07	8.781745e-10	-7.113107e+00	5.652490e+01
2.550000e-06	-1.139588e-06	4.710624e-10	-8.193367e+00	2.941176e+01
2.560000e-06	-1.289410e-06	4.666417e-11	-9.270549e+00	1.192027e+00
2.570000e-06	-1.438744e-06	-3.944985e-10	-1.034422e+01	-2.799568e+01
2.580000e-06	-1.587563e-06	-8.518536e-10	-1.141420e+01	-5.795562e+01
2.590000e-06	-1.735815e-06	-1.321610e-09	-1.248009e+01	-8.844228e+01
2.600000e-06	-1.883392e-06	-1.798508e-09	-1.354114e+01	-1.191724e+02
2.610000e-06	-2.030214e-06	-2.276778e-09	-1.459675e+01	-1.498406e+02
2.620000e-06	-2.176323e-06	-2.747419e-09	-1.564724e+01	-1.801372e+02
2.630000e-06	-2.321654e-06	-3.203403e-09	-1.669213e+01	-2.097669e+02
2.640000e-06	-2.466007e-06	-3.640781e-09	-1.773000e+01	-2.384655e+02
2.650000e-06	-2.609408e-06	-4.058657e-09	-1.876102e+01	-2.660148e+02
2.660000e-06	-2.751773e-06	-4.454261e-09	-1.978459e+01	-2.922523e+02
2.670000e-06	-2.892961e-06	-4.826270e-09	-2.079970e+01	-3.170768e+02
2.680000e-06	-3.033031e-06	-5.177937e-09	-2.180676e+01	-3.404481e+02
2.690000e-06	-3.171911e-06	-5.511162e-09	-2.280528e+01	-3.623826e+02
2.700000e-06	-3.309568e-06	-5.828258e-09	-2.379500e+01	-3.829431e+02
2.710000e-06	-3.446004e-06	-6.127021e-09	-2.477594e+01	-4.022278e+02
2.720000e-06	-3.581139e-06	-6.407921e-09	-2.574753e+01	-4.203557e+02
2.730000e-06	-3.714947e-06	-6.672783e-09	-2.670958e+01	-4.374537e+02
2.740000e-06	-3.847459e-06	-6.923159e-09	-2.766231e+01	-4.536440e+02
2.750000e-06	-3.978585e-06	-7.162165e-09	-2.860507e+01	-4.690343e+02
2.760000e-06	-4.108341e-06	-7.390359e-09	-2.953799e+01	-4.837119e+02
2.770000e-06	-4.236685e-06	-7.606036e-09	-3.046075e+01	-4.977406e+02
2.780000e-06	-4.363521e-06	-7.809299e-09	-3.137267e+01	-5.111614e+02
2.790000e-06	-4.488931e-06	-8.002999e-09	-3.227434e+01	-5.239960e+02
2.800000e-06	-4.612779e-06	-8.187511e-09	-3.316478e+01	-5.362522e+02
2.810000e-06	-4.734991e-06	-8.363542e-09	-3.404345e+01	-5.479305e+02
2.820000e-06	-4.855483e-06	-8.530307e-09	-3.490976e+01	-5.590300e+02
2.830000e-06	-4.974111e-06	-8.688111e-09	-3.576267e+01	-5.695544e+02
2.840000e-06	-5.090819e-06	-8.841403e-09	-3.660177e+01	-5.795152e+02
2.850000e-06	-5.205357e-06	-8.989487e-09	-3.742527e+01	-5.889339e+02
2.860000e-06	-5.317729e-06	-9.130012e-09	-3.823320e+01	-5.978415e+02
2.870000e-06	-5.428182e-06	-9.260394e-09	-3.902733e+01	-6.062763e+02
2.880000e-06	-5.536694e-06	-9.381576e-09	-3.980750e+01	-6.142815e+02
2.890000e-06	-5.643281e-06	-9.498415e-09	-4.057384e+01	-6.219003e+02
2.900000e-06	-5.747875e-06	-9.609051e-09	-4.132585e+01	-6.291730e+02
2.910000e-06	-5.850313e-06	-9.713180e-09	-4.206235e+01	-6.361337e+02
2.920000e-06	-5.950604e-06	-9.814006e-09	-4.278342e+01	-6.428081e+02
2.930000e-06	-6.048788e-06	-9.911913e-09	-4.348934e+01	-6.492134e+02
2.940000e-06	-6.144814e-06	-1.000737e-08	-4.417974e+01	-6.553586e+02
2.950000e-06	-6.238544e-06	-1.009835e-08	-4.485364e+01	-6.612462e+02
2.960000e-06	-6.329968e-06	-1.018227e-08	-4.551096e+01	-6.668754e+02
2.970000e-06	-6.419142e-06	-1.026240e-08	-4.615209e+01	-6.722440e+02
2.980000e-06	-6.506048e-06	-1.033752e-08	-4.677692e+01	-6.773516e+02
2.990000e-06	-6.590579e-06	-1.040919e-08	-4.738468e+01	-6.822008e+02
3.000000e-06	-6.672745e-06	-1.047986e-08	-4.797544e+01	-6.867988e+02
3.010000e-06	-6.752548e-06	-1.055052e-08	-4.854920e+01	-6.911569e+02
3.020000e-06	-6.829805e-06	-1.061931e-08	-4.910466e+01	-6.952897e+02
3.030000e-06	-6.904433e-06	-1.068082e-08	-4.964122e+01	-6.992133e+02
3.040000e-06	-6.976483e-06	-1.073718e-08	-5.015924e+01	-7.029434e+02
3.050000e-06	-7.046013e-06	-1.079043e-08	-5.065914e+01	-7.064930e+02
3.060000e-06	-7.113088e-06	-1.084324e-08	-5.114140e+01	-7.098713e+02
3.070000e-06	-7.177727e-06	-1.089309e-08	-5.160614e+01	-7.130826e+02
3.080000e-06	-7.239778e-06	-1.093854e-08	-5.205227e+01	-7.161259e+02
3.090000e-06	-7.299167e-06	-1.098149e-08	-5.247926e+01	-7.189964e+02
3.100000e-06	-7.355956e-06	-1.102177e-08	-5.288756e+01	-7.216866e+02
3.110000e-06	-7.410054e-06	-1.105901e-08	-5.327651e+01	-7.241884e+02
3.120000e-06	-7.461173e-06	-1.109253e-08	-5.364405e+01	-7.264954e+02
3.130000e-06	-7.509183e-06	-1.112583e-08	-5.398923e+01	-7.286042e+02
3.140000e-06	-7.554508e-06	-1.116001e-08	-5.431510e+01	-7.305165e+02
3.150000e-06	-7.597469e-06	-1.119037e-08	-5.462398e+01	-7.322390e+02
3.160000e-06	-7.637870e-06	-1.121585e-08	-5.491445e+01	-7.337836e+02
3.170000e-06	-7.675533e-06	-1.123652e-08	-5.518524e+01	-7.351657e+02
3.180000e-06	-7.710485e-06	-1.125287e-08	-5.543654e+01	-7.364031e+02
3.190000e-06	-7.742703e-06	-1.126708e-08	-5.566818e+01	-7.375136e+02
3.200000e-06	-7.772039e-06	-1.128132e-08	-5.587910e+01	-7.385129e+02
3.210000e-06	-7.798552e-06	-1.129554e-08	-5.606972e+01	-7.394129e+02
3.220000e-06	-7.822371e-06	-1.130976e-08	-5.624097e+01	-7.402203e+02
3.230000e-06	-7.843341e-06	-1.132144e-08	-5.639174e+01	-7.409365e+02
3.240000e-06	-7.861465e-06	-1.132816e-08	-5.652205e+01	-7.415577e+02
3.250000e-06	-7.876702e-06	-1.133280e-08	-5.663160e+01	-7.420758e+02
3.260000e-06	-7.888826e-06	-1.133589e-08	-5.671877e+01	-7.424807e+02
3.270000e-06	-7.898015e-06	-1.133653e-08	-5.678483e+01	-7.427615e+02
3.280000e-06	-7.904353e-06	-1.133569e-08	-5.683040e+01	-7.429092e+02
3.290000e-06	-7.907862e-06	-1.133509e-08	-5.685563e+01	-7.429177e+02
3.300000e-06	-7.908677e-06	-1.133165e-08	-5.686149e+01	-7.427855e+02
