# Temperatura_=_30.15
# Concentracion g/m^3_=_10000.0
# C_Vs_to_Am_M_A/Vsm_=_65563218390.804596
# pendiente_HvsI_1/m_=_3716.3
# ordenada_HvsI_A/m_=_1297.0
# frecuencia_Hz_=_302553.2674278443

Tiempo_(s)	Campo_(V.s)	Magnetizacion_(V.s)	Campo_(kA/m)	Magnetizacion_(A/m)
0.000000e+00	-7.918392e-06	-1.158481e-08	-5.685065e+01	-7.582580e+02
1.000000e-08	-7.915186e-06	-1.158825e-08	-5.682763e+01	-7.579898e+02
2.000000e-08	-7.909365e-06	-1.158308e-08	-5.678584e+01	-7.575682e+02
3.000000e-08	-7.901066e-06	-1.157722e-08	-5.672626e+01	-7.569996e+02
4.000000e-08	-7.889985e-06	-1.157118e-08	-5.664670e+01	-7.562976e+02
5.000000e-08	-7.875839e-06	-1.156118e-08	-5.654514e+01	-7.554816e+02
6.000000e-08	-7.858789e-06	-1.154699e-08	-5.642273e+01	-7.545757e+02
7.000000e-08	-7.839378e-06	-1.153237e-08	-5.628337e+01	-7.536061e+02
8.000000e-08	-7.817736e-06	-1.151480e-08	-5.612799e+01	-7.525987e+02
9.000000e-08	-7.793299e-06	-1.156660e-08	-5.595254e+01	-7.515766e+02
1.000000e-07	-7.765645e-06	-1.156486e-08	-5.575399e+01	-7.505575e+02
1.100000e-07	-7.734937e-06	-1.147705e-08	-5.553352e+01	-7.495514e+02
1.200000e-07	-7.701443e-06	-1.143850e-08	-5.529305e+01	-7.485602e+02
1.300000e-07	-7.665310e-06	-1.142762e-08	-5.503363e+01	-7.475761e+02
1.400000e-07	-7.626839e-06	-1.139931e-08	-5.475742e+01	-7.465830e+02
1.500000e-07	-7.586176e-06	-1.132125e-08	-5.446548e+01	-7.455567e+02
1.600000e-07	-7.543188e-06	-1.134594e-08	-5.415685e+01	-7.444676e+02
1.700000e-07	-7.497585e-06	-1.137937e-08	-5.382944e+01	-7.432825e+02
1.800000e-07	-7.449246e-06	-1.122755e-08	-5.348239e+01	-7.419677e+02
1.900000e-07	-7.398048e-06	-1.129640e-08	-5.311481e+01	-7.404913e+02
2.000000e-07	-7.343857e-06	-1.128407e-08	-5.272574e+01	-7.388258e+02
2.100000e-07	-7.286858e-06	-1.117466e-08	-5.231651e+01	-7.369503e+02
2.200000e-07	-7.227230e-06	-1.119662e-08	-5.188841e+01	-7.348516e+02
2.300000e-07	-7.165090e-06	-1.111543e-08	-5.144226e+01	-7.325248e+02
2.400000e-07	-7.100332e-06	-1.110095e-08	-5.097733e+01	-7.299735e+02
2.500000e-07	-7.032803e-06	-1.102827e-08	-5.049250e+01	-7.272084e+02
2.600000e-07	-6.962596e-06	-1.100381e-08	-4.998845e+01	-7.242464e+02
2.700000e-07	-6.889631e-06	-1.097078e-08	-4.946459e+01	-7.211077e+02
2.800000e-07	-6.813862e-06	-1.090321e-08	-4.892060e+01	-7.178144e+02
2.900000e-07	-6.735331e-06	-1.084497e-08	-4.835678e+01	-7.143872e+02
3.000000e-07	-6.654120e-06	-1.078747e-08	-4.777372e+01	-7.108440e+02
3.100000e-07	-6.570585e-06	-1.078319e-08	-4.717398e+01	-7.071976e+02
3.200000e-07	-6.484806e-06	-1.069721e-08	-4.655812e+01	-7.034548e+02
3.300000e-07	-6.396717e-06	-1.062962e-08	-4.592568e+01	-6.996156e+02
3.400000e-07	-6.306360e-06	-1.060153e-08	-4.527695e+01	-6.956735e+02
3.500000e-07	-6.213714e-06	-1.053445e-08	-4.461180e+01	-6.916167e+02
3.600000e-07	-6.118798e-06	-1.045044e-08	-4.393034e+01	-6.874291e+02
3.700000e-07	-6.021656e-06	-1.038578e-08	-4.323290e+01	-6.830927e+02
3.800000e-07	-5.922315e-06	-1.033807e-08	-4.251967e+01	-6.785893e+02
3.900000e-07	-5.820824e-06	-1.025117e-08	-4.179101e+01	-6.739024e+02
4.000000e-07	-5.717288e-06	-1.016407e-08	-4.104767e+01	-6.690194e+02
4.100000e-07	-5.611818e-06	-1.009683e-08	-4.029044e+01	-6.639323e+02
4.200000e-07	-5.504303e-06	-1.002716e-08	-3.951853e+01	-6.586384e+02
4.300000e-07	-5.394819e-06	-9.932201e-09	-3.873248e+01	-6.531397e+02
4.400000e-07	-5.283473e-06	-9.837416e-09	-3.793306e+01	-6.474424e+02
4.500000e-07	-5.170075e-06	-9.763690e-09	-3.711891e+01	-6.415552e+02
4.600000e-07	-5.054565e-06	-9.678365e-09	-3.628960e+01	-6.354872e+02
4.700000e-07	-4.937160e-06	-9.574872e-09	-3.544668e+01	-6.292458e+02
4.800000e-07	-4.817976e-06	-9.480504e-09	-3.459099e+01	-6.228352e+02
4.900000e-07	-4.697015e-06	-9.387939e-09	-3.372255e+01	-6.162546e+02
5.000000e-07	-4.574385e-06	-9.276083e-09	-3.284212e+01	-6.094975e+02
5.100000e-07	-4.450090e-06	-9.159214e-09	-3.194973e+01	-6.025514e+02
5.200000e-07	-4.324150e-06	-9.051040e-09	-3.104554e+01	-5.953989e+02
5.300000e-07	-4.196563e-06	-8.943975e-09	-3.012952e+01	-5.880190e+02
5.400000e-07	-4.067518e-06	-8.822308e-09	-2.920303e+01	-5.803888e+02
5.500000e-07	-3.937005e-06	-8.700243e-09	-2.826600e+01	-5.724864e+02
5.600000e-07	-3.804949e-06	-8.578536e-09	-2.731790e+01	-5.642921e+02
5.700000e-07	-3.671514e-06	-8.452975e-09	-2.635989e+01	-5.557911e+02
5.800000e-07	-3.536635e-06	-8.317545e-09	-2.539152e+01	-5.469740e+02
5.900000e-07	-3.400350e-06	-8.178794e-09	-2.441305e+01	-5.378374e+02
6.000000e-07	-3.262818e-06	-8.033876e-09	-2.342563e+01	-5.283828e+02
6.100000e-07	-3.123938e-06	-7.880613e-09	-2.242853e+01	-5.186155e+02
6.200000e-07	-2.983639e-06	-7.726977e-09	-2.142125e+01	-5.085422e+02
6.300000e-07	-2.842119e-06	-7.569833e-09	-2.040519e+01	-4.981684e+02
6.400000e-07	-2.699489e-06	-7.408473e-09	-1.938117e+01	-4.874958e+02
6.500000e-07	-2.555845e-06	-7.238221e-09	-1.834987e+01	-4.765203e+02
6.600000e-07	-2.411273e-06	-7.064732e-09	-1.731190e+01	-4.652306e+02
6.700000e-07	-2.265770e-06	-6.885698e-09	-1.626726e+01	-4.536079e+02
6.800000e-07	-2.119434e-06	-6.702741e-09	-1.521662e+01	-4.416262e+02
6.900000e-07	-1.972404e-06	-6.515990e-09	-1.416101e+01	-4.292549e+02
7.000000e-07	-1.824777e-06	-6.319696e-09	-1.310111e+01	-4.164606e+02
7.100000e-07	-1.676623e-06	-6.112961e-09	-1.203744e+01	-4.032107e+02
7.200000e-07	-1.528003e-06	-5.902940e-09	-1.097041e+01	-3.894765e+02
7.300000e-07	-1.378993e-06	-5.691993e-09	-9.900578e+00	-3.752354e+02
7.400000e-07	-1.229623e-06	-5.468130e-09	-8.828163e+00	-3.604728e+02
7.500000e-07	-1.079812e-06	-5.233880e-09	-7.752585e+00	-3.451820e+02
7.600000e-07	-9.295630e-07	-4.994768e-09	-6.673863e+00	-3.293633e+02
7.700000e-07	-7.789147e-07	-4.750267e-09	-5.592273e+00	-3.130207e+02
7.800000e-07	-6.279265e-07	-4.493824e-09	-4.508242e+00	-2.961584e+02
7.900000e-07	-4.767060e-07	-4.228963e-09	-3.422544e+00	-2.787760e+02
8.000000e-07	-3.252730e-07	-3.959971e-09	-2.335320e+00	-2.608635e+02
8.100000e-07	-1.737393e-07	-3.679654e-09	-1.247373e+00	-2.423977e+02
8.200000e-07	-2.213797e-08	-3.383599e-09	-1.589411e-01	-2.233394e+02
8.300000e-07	1.295469e-07	-3.076727e-09	9.300909e-01	-2.036328e+02
8.400000e-07	2.811696e-07	-2.764390e-09	2.018677e+00	-1.832078e+02
8.500000e-07	4.326747e-07	-2.440001e-09	3.106418e+00	-1.619842e+02
8.600000e-07	5.841051e-07	-2.100911e-09	4.193624e+00	-1.398788e+02
8.700000e-07	7.354397e-07	-1.749462e-09	5.280141e+00	-1.168143e+02
8.800000e-07	8.865469e-07	-1.387253e-09	6.365026e+00	-9.272948e+01
8.900000e-07	1.037324e-06	-1.008758e-09	7.447542e+00	-6.758917e+01
9.000000e-07	1.187676e-06	-6.117463e-10	8.527001e+00	-4.139360e+01
9.100000e-07	1.337540e-06	-1.996371e-10	9.602962e+00	-1.418559e+01
9.200000e-07	1.486931e-06	2.265068e-10	1.067552e+01	1.394520e+01
9.300000e-07	1.635855e-06	6.651964e-10	1.174474e+01	4.286160e+01
9.400000e-07	1.784250e-06	1.113761e-09	1.281015e+01	7.238215e+01
9.500000e-07	1.931988e-06	1.568345e-09	1.387084e+01	1.022881e+02
9.600000e-07	2.079031e-06	2.029974e-09	1.492655e+01	1.323337e+02
9.700000e-07	2.225321e-06	2.491604e-09	1.597685e+01	1.622591e+02
9.800000e-07	2.370721e-06	2.943749e-09	1.702076e+01	1.918042e+02
9.900000e-07	2.515267e-06	3.382249e-09	1.805854e+01	2.207231e+02
1.000000e-06	2.658916e-06	3.805465e-09	1.908987e+01	2.487967e+02
1.010000e-06	2.801492e-06	4.212622e-09	2.011351e+01	2.758438e+02
1.020000e-06	2.942979e-06	4.599843e-09	2.112932e+01	3.017281e+02
1.030000e-06	3.083282e-06	4.969493e-09	2.213664e+01	3.263620e+02
1.040000e-06	3.222240e-06	5.321017e-09	2.313429e+01	3.497064e+02
1.050000e-06	3.359898e-06	5.654475e-09	2.412262e+01	3.717666e+02
1.060000e-06	3.496291e-06	5.971068e-09	2.510187e+01	3.925856e+02
1.070000e-06	3.631351e-06	6.272684e-09	2.607154e+01	4.122346e+02
1.080000e-06	3.765077e-06	6.558787e-09	2.703164e+01	4.308030e+02
1.090000e-06	3.897462e-06	6.827487e-09	2.798210e+01	4.483879e+02
1.100000e-06	4.028438e-06	7.082609e-09	2.892246e+01	4.650853e+02
1.110000e-06	4.158007e-06	7.326160e-09	2.985270e+01	4.809819e+02
1.120000e-06	4.286139e-06	7.558656e-09	3.077263e+01	4.961506e+02
1.130000e-06	4.412750e-06	7.778479e-09	3.168164e+01	5.106476e+02
1.140000e-06	4.537860e-06	7.985281e-09	3.257988e+01	5.245127e+02
1.150000e-06	4.661440e-06	8.181504e-09	3.346714e+01	5.377708e+02
1.160000e-06	4.783354e-06	8.369165e-09	3.434242e+01	5.504358e+02
1.170000e-06	4.903515e-06	8.549201e-09	3.520513e+01	5.625150e+02
1.180000e-06	5.021881e-06	8.722532e-09	3.605495e+01	5.740138e+02
1.190000e-06	5.138409e-06	8.888439e-09	3.689157e+01	5.849392e+02
1.200000e-06	5.252979e-06	9.046160e-09	3.771413e+01	5.953031e+02
1.210000e-06	5.365510e-06	9.197747e-09	3.852205e+01	6.051242e+02
1.220000e-06	5.476078e-06	9.344132e-09	3.931589e+01	6.144274e+02
1.230000e-06	5.584738e-06	9.482740e-09	4.009602e+01	6.232439e+02
1.240000e-06	5.691410e-06	9.611503e-09	4.086188e+01	6.316083e+02
1.250000e-06	5.795940e-06	9.732028e-09	4.161236e+01	6.395565e+02
1.260000e-06	5.898347e-06	9.846632e-09	4.234760e+01	6.471231e+02
1.270000e-06	5.998654e-06	9.957320e-09	4.306776e+01	6.543390e+02
1.280000e-06	6.096722e-06	1.006332e-08	4.377185e+01	6.612299e+02
1.290000e-06	6.192460e-06	1.016371e-08	4.445920e+01	6.678154e+02
1.300000e-06	6.285980e-06	1.025800e-08	4.513063e+01	6.741094e+02
1.310000e-06	6.377331e-06	1.034719e-08	4.578649e+01	6.801207e+02
1.320000e-06	6.466323e-06	1.043321e-08	4.642542e+01	6.858549e+02
1.330000e-06	6.552955e-06	1.051389e-08	4.704740e+01	6.913160e+02
1.340000e-06	6.637318e-06	1.059054e-08	4.765309e+01	6.965078e+02
1.350000e-06	6.719375e-06	1.066342e-08	4.824222e+01	7.014359e+02
1.360000e-06	6.798953e-06	1.073413e-08	4.881356e+01	7.061083e+02
1.370000e-06	6.876015e-06	1.080430e-08	4.936683e+01	7.105352e+02
1.380000e-06	6.950468e-06	1.087109e-08	4.990137e+01	7.147291e+02
1.390000e-06	7.022270e-06	1.093316e-08	5.041688e+01	7.187033e+02
1.400000e-06	7.091624e-06	1.098913e-08	5.091481e+01	7.224708e+02
1.410000e-06	7.158468e-06	1.104263e-08	5.139472e+01	7.260427e+02
1.420000e-06	7.222736e-06	1.109547e-08	5.185614e+01	7.294273e+02
1.430000e-06	7.284537e-06	1.114477e-08	5.229984e+01	7.326292e+02
1.440000e-06	7.343943e-06	1.118973e-08	5.272636e+01	7.356489e+02
1.450000e-06	7.400737e-06	1.123002e-08	5.313411e+01	7.384837e+02
1.460000e-06	7.454720e-06	1.126627e-08	5.352168e+01	7.411284e+02
1.470000e-06	7.505752e-06	1.129908e-08	5.388807e+01	7.435771e+02
1.480000e-06	7.553760e-06	1.133028e-08	5.423275e+01	7.458248e+02
1.490000e-06	7.599052e-06	1.136093e-08	5.455792e+01	7.478688e+02
1.500000e-06	7.641700e-06	1.138998e-08	5.486412e+01	7.497105e+02
1.510000e-06	7.681525e-06	1.141575e-08	5.515005e+01	7.513556e+02
1.520000e-06	7.718628e-06	1.143763e-08	5.541643e+01	7.528150e+02
1.530000e-06	7.753035e-06	1.145725e-08	5.566346e+01	7.541032e+02
1.540000e-06	7.784658e-06	1.147605e-08	5.589050e+01	7.552379e+02
1.550000e-06	7.813616e-06	1.149172e-08	5.609840e+01	7.562378e+02
1.560000e-06	7.839789e-06	1.150462e-08	5.628632e+01	7.571207e+02
1.570000e-06	7.863018e-06	1.151641e-08	5.645309e+01	7.579017e+02
1.580000e-06	7.883504e-06	1.152757e-08	5.660017e+01	7.585912e+02
1.590000e-06	7.901279e-06	1.153833e-08	5.672778e+01	7.591942e+02
1.600000e-06	7.916069e-06	1.154565e-08	5.683397e+01	7.597097e+02
1.610000e-06	7.927745e-06	1.155081e-08	5.691780e+01	7.601312e+02
1.620000e-06	7.936318e-06	1.155467e-08	5.697935e+01	7.604477e+02
1.630000e-06	7.942007e-06	1.155685e-08	5.702020e+01	7.606459e+02
1.640000e-06	7.944919e-06	1.155765e-08	5.704110e+01	7.607118e+02
1.650000e-06	7.944974e-06	1.155888e-08	5.704150e+01	7.606336e+02
1.660000e-06	7.942370e-06	1.154821e-08	5.702280e+01	7.604035e+02
1.670000e-06	7.937154e-06	1.153802e-08	5.698536e+01	7.600194e+02
1.680000e-06	7.929246e-06	1.153253e-08	5.692858e+01	7.594861e+02
1.690000e-06	7.918730e-06	1.152498e-08	5.685308e+01	7.588154e+02
1.700000e-06	7.905446e-06	1.151674e-08	5.675770e+01	7.580253e+02
1.710000e-06	7.889440e-06	1.151104e-08	5.664279e+01	7.571390e+02
1.720000e-06	7.871093e-06	1.150705e-08	5.651106e+01	7.561824e+02
1.730000e-06	7.850443e-06	1.147556e-08	5.636281e+01	7.551817e+02
1.740000e-06	7.827011e-06	1.135972e-08	5.619457e+01	7.541609e+02
1.750000e-06	7.800153e-06	1.137718e-08	5.600174e+01	7.531393e+02
1.760000e-06	7.769688e-06	1.142151e-08	5.578302e+01	7.521290e+02
1.770000e-06	7.736182e-06	1.138602e-08	5.554246e+01	7.511339e+02
1.780000e-06	7.700386e-06	1.136892e-08	5.528546e+01	7.501488e+02
1.790000e-06	7.662327e-06	1.145338e-08	5.501221e+01	7.491595e+02
1.800000e-06	7.622152e-06	1.139792e-08	5.472377e+01	7.481436e+02
1.810000e-06	7.579862e-06	1.128421e-08	5.442015e+01	7.470727e+02
1.820000e-06	7.534981e-06	1.146968e-08	5.409793e+01	7.459144e+02
1.830000e-06	7.487496e-06	1.135786e-08	5.375700e+01	7.446346e+02
1.840000e-06	7.437141e-06	1.137491e-08	5.339548e+01	7.432010e+02
1.850000e-06	7.383713e-06	1.138645e-08	5.301189e+01	7.415846e+02
1.860000e-06	7.327500e-06	1.126122e-08	5.260830e+01	7.397627e+02
1.870000e-06	7.268690e-06	1.134621e-08	5.218607e+01	7.377201e+02
1.880000e-06	7.207336e-06	1.119780e-08	5.174558e+01	7.354498e+02
1.890000e-06	7.143162e-06	1.123329e-08	5.128483e+01	7.329534e+02
1.900000e-06	7.076176e-06	1.119926e-08	5.080390e+01	7.302400e+02
1.910000e-06	7.006489e-06	1.107044e-08	5.030358e+01	7.273249e+02
1.920000e-06	6.934016e-06	1.109068e-08	4.978326e+01	7.242279e+02
1.930000e-06	6.858924e-06	1.102172e-08	4.924413e+01	7.209707e+02
1.940000e-06	6.781103e-06	1.102819e-08	4.868541e+01	7.175747e+02
1.950000e-06	6.700665e-06	1.089859e-08	4.810789e+01	7.140587e+02
1.960000e-06	6.617788e-06	1.086490e-08	4.751287e+01	7.104367e+02
1.970000e-06	6.532404e-06	1.083941e-08	4.689985e+01	7.067173e+02
1.980000e-06	6.444568e-06	1.071855e-08	4.626923e+01	7.029020e+02
1.990000e-06	6.354434e-06	1.070382e-08	4.562210e+01	6.989861e+02
2.000000e-06	6.262128e-06	1.063770e-08	4.495938e+01	6.949589e+02
2.010000e-06	6.167509e-06	1.058789e-08	4.428006e+01	6.908053e+02
2.020000e-06	6.070646e-06	1.047271e-08	4.358463e+01	6.865074e+02
2.030000e-06	5.971619e-06	1.042194e-08	4.287366e+01	6.820468e+02
2.040000e-06	5.870491e-06	1.037105e-08	4.214760e+01	6.774067e+02
2.050000e-06	5.767286e-06	1.028515e-08	4.140663e+01	6.725732e+02
2.060000e-06	5.662050e-06	1.019696e-08	4.065109e+01	6.675372e+02
2.070000e-06	5.554942e-06	1.011528e-08	3.988209e+01	6.622944e+02
2.080000e-06	5.445966e-06	1.005380e-08	3.909969e+01	6.568460e+02
2.090000e-06	5.335059e-06	9.947586e-09	3.830343e+01	6.511972e+02
2.100000e-06	5.222142e-06	9.870485e-09	3.749274e+01	6.453562e+02
2.110000e-06	5.107168e-06	9.783604e-09	3.666727e+01	6.393321e+02
2.120000e-06	4.990189e-06	9.690155e-09	3.582741e+01	6.331330e+02
2.130000e-06	4.871273e-06	9.577154e-09	3.497364e+01	6.267641e+02
2.140000e-06	4.750501e-06	9.488040e-09	3.410656e+01	6.202260e+02
2.150000e-06	4.628033e-06	9.395935e-09	3.322729e+01	6.135134e+02
2.160000e-06	4.503857e-06	9.285924e-09	3.233575e+01	6.066156e+02
2.170000e-06	4.378075e-06	9.168607e-09	3.143269e+01	5.995161e+02
2.180000e-06	4.250698e-06	9.056308e-09	3.051818e+01	5.921947e+02
2.190000e-06	4.121744e-06	8.946290e-09	2.959235e+01	5.846288e+02
2.200000e-06	3.991343e-06	8.823447e-09	2.865613e+01	5.767959e+02
2.210000e-06	3.859415e-06	8.702522e-09	2.770894e+01	5.686757e+02
2.220000e-06	3.726078e-06	8.570827e-09	2.675164e+01	5.602521e+02
2.230000e-06	3.591336e-06	8.437177e-09	2.578425e+01	5.515141e+02
2.240000e-06	3.455139e-06	8.296785e-09	2.480641e+01	5.424569e+02
2.250000e-06	3.317633e-06	8.159008e-09	2.381918e+01	5.330810e+02
2.260000e-06	3.178887e-06	8.013290e-09	2.282304e+01	5.233908e+02
2.270000e-06	3.038914e-06	7.862113e-09	2.181809e+01	5.133929e+02
2.280000e-06	2.897801e-06	7.705203e-09	2.080497e+01	5.030934e+02
2.290000e-06	2.755598e-06	7.545830e-09	1.978401e+01	4.924951e+02
2.300000e-06	2.612259e-06	7.382285e-09	1.875489e+01	4.815957e+02
2.310000e-06	2.467964e-06	7.214582e-09	1.771892e+01	4.703856e+02
2.320000e-06	2.322889e-06	7.038009e-09	1.667734e+01	4.588478e+02
2.330000e-06	2.177083e-06	6.848791e-09	1.563052e+01	4.469582e+02
2.340000e-06	2.030515e-06	6.657039e-09	1.457822e+01	4.346869e+02
2.350000e-06	1.883112e-06	6.463964e-09	1.351993e+01	4.220010e+02
2.360000e-06	1.734996e-06	6.265380e-09	1.245652e+01	4.088675e+02
2.370000e-06	1.586401e-06	6.054091e-09	1.138968e+01	3.952563e+02
2.380000e-06	1.437421e-06	5.836398e-09	1.032006e+01	3.811431e+02
2.390000e-06	1.288070e-06	5.616589e-09	9.247785e+00	3.665113e+02
2.400000e-06	1.138297e-06	5.388642e-09	8.172483e+00	3.513524e+02
2.410000e-06	9.881170e-07	5.150553e-09	7.094255e+00	3.356648e+02
2.420000e-06	8.376535e-07	4.906711e-09	6.013992e+00	3.194523e+02
2.430000e-06	6.868973e-07	4.651804e-09	4.931627e+00	3.027193e+02
2.440000e-06	5.358574e-07	4.384603e-09	3.847226e+00	2.854669e+02
2.450000e-06	3.846333e-07	4.113053e-09	2.761502e+00	2.676881e+02
2.460000e-06	2.332290e-07	3.836562e-09	1.674484e+00	2.493632e+02
2.470000e-06	8.165681e-08	3.546106e-09	5.862608e-01	2.304571e+02
2.480000e-06	-6.991694e-08	3.240192e-09	-5.019736e-01	2.109182e+02
2.490000e-06	-2.214640e-07	2.927109e-09	-1.590016e+00	1.906796e+02
2.500000e-06	-3.729820e-07	2.608873e-09	-2.677850e+00	1.696630e+02
2.510000e-06	-5.243747e-07	2.278339e-09	-3.764785e+00	1.477852e+02
2.520000e-06	-6.755943e-07	1.930699e-09	-4.850476e+00	1.249666e+02
2.530000e-06	-8.265890e-07	1.567531e-09	-5.934554e+00	1.011409e+02
2.540000e-06	-9.773317e-07	1.187744e-09	-7.016821e+00	7.626546e+01
2.550000e-06	-1.127726e-06	7.912084e-10	-8.096588e+00	5.033100e+01
2.560000e-06	-1.277645e-06	3.835484e-10	-9.172944e+00	2.336911e+01
2.570000e-06	-1.427059e-06	-3.571710e-11	-1.024567e+01	-4.542478e+00
2.580000e-06	-1.576025e-06	-4.733153e-10	-1.131518e+01	-3.327831e+01
2.590000e-06	-1.724525e-06	-9.270110e-10	-1.238135e+01	-6.266749e+01
2.600000e-06	-1.872391e-06	-1.388396e-09	-1.344297e+01	-9.249974e+01
2.610000e-06	-2.019492e-06	-1.850988e-09	-1.449909e+01	-1.225350e+02
2.620000e-06	-2.165830e-06	-2.313623e-09	-1.554973e+01	-1.525155e+02
2.630000e-06	-2.311412e-06	-2.772353e-09	-1.659494e+01	-1.821800e+02
2.640000e-06	-2.456118e-06	-3.221155e-09	-1.763387e+01	-2.112776e+02
2.650000e-06	-2.599816e-06	-3.656257e-09	-1.866556e+01	-2.395817e+02
2.660000e-06	-2.742455e-06	-4.072302e-09	-1.968965e+01	-2.669005e+02
2.670000e-06	-2.883985e-06	-4.468447e-09	-2.070577e+01	-2.930860e+02
2.680000e-06	-3.024358e-06	-4.846284e-09	-2.171359e+01	-3.180385e+02
2.690000e-06	-3.163515e-06	-5.205208e-09	-2.271268e+01	-3.417069e+02
2.700000e-06	-3.301444e-06	-5.544825e-09	-2.370295e+01	-3.640859e+02
2.710000e-06	-3.438109e-06	-5.866301e-09	-2.468414e+01	-3.852100e+02
2.720000e-06	-3.573521e-06	-6.171741e-09	-2.565634e+01	-4.051441e+02
2.730000e-06	-3.707668e-06	-6.460400e-09	-2.661946e+01	-4.239741e+02
2.740000e-06	-3.840517e-06	-6.734753e-09	-2.757326e+01	-4.417962e+02
2.750000e-06	-3.971987e-06	-6.997738e-09	-2.851716e+01	-4.587073e+02
2.760000e-06	-4.102077e-06	-7.248421e-09	-2.945115e+01	-4.747971e+02
2.770000e-06	-4.230840e-06	-7.487929e-09	-3.037561e+01	-4.901422e+02
2.780000e-06	-4.358083e-06	-7.716138e-09	-3.128916e+01	-5.048034e+02
2.790000e-06	-4.483762e-06	-7.932208e-09	-3.219148e+01	-5.188240e+02
2.800000e-06	-4.607881e-06	-8.134564e-09	-3.308261e+01	-5.322326e+02
2.810000e-06	-4.730382e-06	-8.326072e-09	-3.396211e+01	-5.450455e+02
2.820000e-06	-4.851184e-06	-8.510405e-09	-3.482942e+01	-5.572711e+02
2.830000e-06	-4.970180e-06	-8.685346e-09	-3.568376e+01	-5.689150e+02
2.840000e-06	-5.087210e-06	-8.852531e-09	-3.652398e+01	-5.799832e+02
2.850000e-06	-5.202142e-06	-9.015552e-09	-3.734914e+01	-5.904866e+02
2.860000e-06	-5.314920e-06	-9.173599e-09	-3.815884e+01	-6.004417e+02
2.870000e-06	-5.425592e-06	-9.320678e-09	-3.895342e+01	-6.098721e+02
2.880000e-06	-5.534343e-06	-9.456237e-09	-3.973420e+01	-6.188076e+02
2.890000e-06	-5.641278e-06	-9.585142e-09	-4.050195e+01	-6.272822e+02
2.900000e-06	-5.746301e-06	-9.707790e-09	-4.125597e+01	-6.353315e+02
2.910000e-06	-5.849188e-06	-9.824266e-09	-4.199466e+01	-6.429909e+02
2.920000e-06	-5.949806e-06	-9.936203e-09	-4.271705e+01	-6.502923e+02
2.930000e-06	-6.048250e-06	-1.004466e-08	-4.342383e+01	-6.572628e+02
2.940000e-06	-6.144594e-06	-1.014771e-08	-4.411554e+01	-6.639236e+02
2.950000e-06	-6.238678e-06	-1.024454e-08	-4.479102e+01	-6.702899e+02
2.960000e-06	-6.330486e-06	-1.033601e-08	-4.545017e+01	-6.763718e+02
2.970000e-06	-6.420097e-06	-1.042380e-08	-4.609354e+01	-6.821754e+02
2.980000e-06	-6.507373e-06	-1.050739e-08	-4.672014e+01	-6.877048e+02
2.990000e-06	-6.592198e-06	-1.058611e-08	-4.732915e+01	-6.929639e+02
3.000000e-06	-6.674705e-06	-1.066141e-08	-4.792151e+01	-6.979578e+02
3.010000e-06	-6.754908e-06	-1.073469e-08	-4.849734e+01	-7.026937e+02
3.020000e-06	-6.832531e-06	-1.080580e-08	-4.905464e+01	-7.071814e+02
3.030000e-06	-6.907456e-06	-1.087344e-08	-4.959256e+01	-7.114328e+02
3.040000e-06	-6.979847e-06	-1.093764e-08	-5.011230e+01	-7.154611e+02
3.050000e-06	-7.049725e-06	-1.099769e-08	-5.061400e+01	-7.192795e+02
3.060000e-06	-7.117066e-06	-1.105536e-08	-5.109747e+01	-7.228999e+02
3.070000e-06	-7.181914e-06	-1.110990e-08	-5.156306e+01	-7.263312e+02
3.080000e-06	-7.244170e-06	-1.116006e-08	-5.201003e+01	-7.295790e+02
3.090000e-06	-7.303855e-06	-1.120554e-08	-5.243854e+01	-7.326449e+02
3.100000e-06	-7.361026e-06	-1.124816e-08	-5.284900e+01	-7.355267e+02
3.110000e-06	-7.415492e-06	-1.128846e-08	-5.324005e+01	-7.382200e+02
3.120000e-06	-7.466958e-06	-1.132402e-08	-5.360955e+01	-7.407187e+02
3.130000e-06	-7.515265e-06	-1.135999e-08	-5.395637e+01	-7.430175e+02
3.140000e-06	-7.560823e-06	-1.139647e-08	-5.428346e+01	-7.451129e+02
3.150000e-06	-7.604061e-06	-1.142733e-08	-5.459389e+01	-7.470053e+02
3.160000e-06	-7.644803e-06	-1.145408e-08	-5.488640e+01	-7.486992e+02
3.170000e-06	-7.682799e-06	-1.147714e-08	-5.515919e+01	-7.502042e+02
3.180000e-06	-7.718027e-06	-1.149861e-08	-5.541212e+01	-7.515341e+02
3.190000e-06	-7.750537e-06	-1.151697e-08	-5.564552e+01	-7.527059e+02
3.200000e-06	-7.780222e-06	-1.153238e-08	-5.585865e+01	-7.537382e+02
3.210000e-06	-7.807074e-06	-1.154549e-08	-5.605143e+01	-7.546493e+02
3.220000e-06	-7.831140e-06	-1.155830e-08	-5.622422e+01	-7.554550e+02
3.230000e-06	-7.852317e-06	-1.157072e-08	-5.637626e+01	-7.561672e+02
3.240000e-06	-7.870664e-06	-1.157932e-08	-5.650798e+01	-7.567922e+02
3.250000e-06	-7.886169e-06	-1.158582e-08	-5.661931e+01	-7.573304e+02
3.260000e-06	-7.898612e-06	-1.159190e-08	-5.670864e+01	-7.577767e+02
3.270000e-06	-7.908082e-06	-1.159613e-08	-5.677663e+01	-7.581212e+02
3.280000e-06	-7.914685e-06	-1.159788e-08	-5.682403e+01	-7.583507e+02
3.290000e-06	-7.918440e-06	-1.159657e-08	-5.685099e+01	-7.584513e+02
3.300000e-06	-7.919465e-06	-1.159004e-08	-5.685835e+01	-7.584106e+02
