# Temperatura_=_42.52
# Concentracion g/m^3_=_10000.0
# C_Vs_to_Am_M_A/Vsm_=_65563218390.804596
# pendiente_HvsI_1/m_=_3716.3
# ordenada_HvsI_A/m_=_1297.0
# frecuencia_Hz_=_302549.5304181115

Tiempo_(s)	Campo_(V.s)	Magnetizacion_(V.s)	Campo_(kA/m)	Magnetizacion_(A/m)
0.000000e+00	-7.866080e-06	-1.121235e-08	-5.685800e+01	-7.339490e+02
1.000000e-08	-7.862629e-06	-1.120869e-08	-5.683305e+01	-7.336003e+02
2.000000e-08	-7.856620e-06	-1.120356e-08	-5.678962e+01	-7.331126e+02
3.000000e-08	-7.848057e-06	-1.119800e-08	-5.672772e+01	-7.325005e+02
4.000000e-08	-7.836666e-06	-1.119268e-08	-5.664539e+01	-7.317831e+02
5.000000e-08	-7.822316e-06	-1.118333e-08	-5.654167e+01	-7.309819e+02
6.000000e-08	-7.805174e-06	-1.116939e-08	-5.641775e+01	-7.301184e+02
7.000000e-08	-7.785675e-06	-1.115676e-08	-5.627681e+01	-7.292123e+02
8.000000e-08	-7.763894e-06	-1.114220e-08	-5.611937e+01	-7.282793e+02
9.000000e-08	-7.739268e-06	-1.115283e-08	-5.594137e+01	-7.273295e+02
1.000000e-07	-7.711462e-06	-1.116641e-08	-5.574038e+01	-7.263669e+02
1.100000e-07	-7.680690e-06	-1.111988e-08	-5.551795e+01	-7.253886e+02
1.200000e-07	-7.647185e-06	-1.107526e-08	-5.527577e+01	-7.243855e+02
1.300000e-07	-7.611046e-06	-1.104672e-08	-5.501455e+01	-7.233431e+02
1.400000e-07	-7.572587e-06	-1.100347e-08	-5.473656e+01	-7.222427e+02
1.500000e-07	-7.532047e-06	-1.094878e-08	-5.444352e+01	-7.210631e+02
1.600000e-07	-7.489197e-06	-1.094469e-08	-5.413380e+01	-7.197823e+02
1.700000e-07	-7.443690e-06	-1.098308e-08	-5.380486e+01	-7.183788e+02
1.800000e-07	-7.395462e-06	-1.088509e-08	-5.345625e+01	-7.168330e+02
1.900000e-07	-7.344336e-06	-1.088100e-08	-5.308670e+01	-7.151287e+02
2.000000e-07	-7.290274e-06	-1.089295e-08	-5.269593e+01	-7.132531e+02
2.100000e-07	-7.233500e-06	-1.081534e-08	-5.228555e+01	-7.111981e+02
2.200000e-07	-7.174072e-06	-1.081124e-08	-5.185599e+01	-7.089598e+02
2.300000e-07	-7.112080e-06	-1.074232e-08	-5.140790e+01	-7.065388e+02
2.400000e-07	-7.047487e-06	-1.068805e-08	-5.094100e+01	-7.039397e+02
2.500000e-07	-6.980153e-06	-1.064191e-08	-5.045430e+01	-7.011701e+02
2.600000e-07	-6.910153e-06	-1.061230e-08	-4.994832e+01	-6.982406e+02
2.700000e-07	-6.837521e-06	-1.058709e-08	-4.942331e+01	-6.951628e+02
2.800000e-07	-6.762149e-06	-1.051807e-08	-4.887851e+01	-6.919493e+02
2.900000e-07	-6.683990e-06	-1.046222e-08	-4.831356e+01	-6.886118e+02
3.000000e-07	-6.603064e-06	-1.040871e-08	-4.772860e+01	-6.851601e+02
3.100000e-07	-6.519751e-06	-1.037671e-08	-4.712640e+01	-6.816015e+02
3.200000e-07	-6.434335e-06	-1.032741e-08	-4.650898e+01	-6.779395e+02
3.300000e-07	-6.346702e-06	-1.025680e-08	-4.587555e+01	-6.741735e+02
3.400000e-07	-6.256740e-06	-1.020511e-08	-4.522529e+01	-6.702988e+02
3.500000e-07	-6.164473e-06	-1.013839e-08	-4.455836e+01	-6.663065e+02
3.600000e-07	-6.069992e-06	-1.008034e-08	-4.387543e+01	-6.621848e+02
3.700000e-07	-5.973290e-06	-1.001621e-08	-4.317644e+01	-6.579199e+02
3.800000e-07	-5.874388e-06	-9.952209e-09	-4.246155e+01	-6.534973e+02
3.900000e-07	-5.773391e-06	-9.881324e-09	-4.173152e+01	-6.489033e+02
4.000000e-07	-5.670401e-06	-9.794404e-09	-4.098708e+01	-6.441268e+02
4.100000e-07	-5.565444e-06	-9.716830e-09	-4.022842e+01	-6.391600e+02
4.200000e-07	-5.458446e-06	-9.644242e-09	-3.945502e+01	-6.339993e+02
4.300000e-07	-5.349484e-06	-9.573897e-09	-3.866741e+01	-6.286452e+02
4.400000e-07	-5.238691e-06	-9.479360e-09	-3.786657e+01	-6.231021e+02
4.500000e-07	-5.125959e-06	-9.388981e-09	-3.705172e+01	-6.173767e+02
4.600000e-07	-5.011174e-06	-9.310325e-09	-3.622202e+01	-6.114769e+02
4.700000e-07	-4.894437e-06	-9.222425e-09	-3.537822e+01	-6.054095e+02
4.800000e-07	-4.775918e-06	-9.124130e-09	-3.452153e+01	-5.991786e+02
4.900000e-07	-4.655651e-06	-9.026795e-09	-3.365221e+01	-5.927841e+02
5.000000e-07	-4.533692e-06	-8.924850e-09	-3.277066e+01	-5.862206e+02
5.100000e-07	-4.410074e-06	-8.812554e-09	-3.187712e+01	-5.794771e+02
5.200000e-07	-4.284841e-06	-8.707419e-09	-3.097190e+01	-5.725377e+02
5.300000e-07	-4.158063e-06	-8.603997e-09	-3.005552e+01	-5.653826e+02
5.400000e-07	-4.029779e-06	-8.487400e-09	-2.912825e+01	-5.579902e+02
5.500000e-07	-3.900032e-06	-8.359985e-09	-2.819041e+01	-5.503392e+02
5.600000e-07	-3.768788e-06	-8.244158e-09	-2.724174e+01	-5.424106e+02
5.700000e-07	-3.636055e-06	-8.129751e-09	-2.628232e+01	-5.341898e+02
5.800000e-07	-3.501935e-06	-7.998245e-09	-2.531286e+01	-5.256676e+02
5.900000e-07	-3.366498e-06	-7.862149e-09	-2.433389e+01	-5.168404e+02
6.000000e-07	-3.229798e-06	-7.725727e-09	-2.334579e+01	-5.077098e+02
6.100000e-07	-3.091845e-06	-7.579518e-09	-2.234863e+01	-4.982803e+02
6.200000e-07	-2.952568e-06	-7.423107e-09	-2.134190e+01	-4.885577e+02
6.300000e-07	-2.811989e-06	-7.270063e-09	-2.032576e+01	-4.785460e+02
6.400000e-07	-2.670243e-06	-7.116209e-09	-1.930119e+01	-4.682447e+02
6.500000e-07	-2.527384e-06	-6.951125e-09	-1.826856e+01	-4.576468e+02
6.600000e-07	-2.383561e-06	-6.781478e-09	-1.722898e+01	-4.467376e+02
6.700000e-07	-2.238830e-06	-6.610753e-09	-1.618282e+01	-4.354943e+02
6.800000e-07	-2.093247e-06	-6.435687e-09	-1.513051e+01	-4.238877e+02
6.900000e-07	-1.947021e-06	-6.253241e-09	-1.407356e+01	-4.118837e+02
7.000000e-07	-1.800223e-06	-6.065880e-09	-1.301246e+01	-3.994469e+02
7.100000e-07	-1.652941e-06	-5.868315e-09	-1.194787e+01	-3.865440e+02
7.200000e-07	-1.505212e-06	-5.660253e-09	-1.088005e+01	-3.731468e+02
7.300000e-07	-1.357009e-06	-5.448439e-09	-9.808804e+00	-3.592349e+02
7.400000e-07	-1.208374e-06	-5.230001e-09	-8.734430e+00	-3.447966e+02
7.500000e-07	-1.059411e-06	-5.003142e-09	-7.657686e+00	-3.298286e+02
7.600000e-07	-9.101486e-07	-4.769693e-09	-6.578782e+00	-3.143334e+02
7.700000e-07	-7.605743e-07	-4.530843e-09	-5.497622e+00	-2.983156e+02
7.800000e-07	-6.107642e-07	-4.281922e-09	-4.414757e+00	-2.817769e+02
7.900000e-07	-4.607384e-07	-4.022028e-09	-3.330333e+00	-2.647103e+02
8.000000e-07	-3.105348e-07	-3.755348e-09	-2.244623e+00	-2.470951e+02
8.100000e-07	-1.601789e-07	-3.477552e-09	-1.157813e+00	-2.288927e+02
8.200000e-07	-9.704982e-09	-3.182112e-09	-7.015005e-02	-2.100453e+02
8.300000e-07	1.407511e-07	-2.874703e-09	1.017385e+00	-1.904765e+02
8.400000e-07	2.911751e-07	-2.560349e-09	2.104686e+00	-1.700954e+02
8.500000e-07	4.415592e-07	-2.235640e-09	3.191701e+00	-1.488039e+02
8.600000e-07	5.918159e-07	-1.895782e-09	4.277793e+00	-1.265059e+02
8.700000e-07	7.418702e-07	-1.540603e-09	5.362424e+00	-1.031194e+02
8.800000e-07	8.916697e-07	-1.171332e-09	6.445212e+00	-7.858848e+01
8.900000e-07	1.041173e-06	-7.837128e-10	7.525859e+00	-5.289451e+01
9.000000e-07	1.190348e-06	-3.778502e-10	8.604137e+00	-2.606608e+01
9.100000e-07	1.339183e-06	4.325087e-11	9.679952e+00	1.814890e+00
9.200000e-07	1.487625e-06	4.793517e-10	1.075293e+01	3.061087e+01
9.300000e-07	1.635625e-06	9.314129e-10	1.182271e+01	6.013122e+01
9.400000e-07	1.783077e-06	1.393443e-09	1.288853e+01	9.013934e+01
9.500000e-07	1.929861e-06	1.856947e-09	1.394952e+01	1.203641e+02
9.600000e-07	2.075984e-06	2.319560e-09	1.500573e+01	1.505143e+02
9.700000e-07	2.221358e-06	2.775184e-09	1.605653e+01	1.802956e+02
9.800000e-07	2.365839e-06	3.218242e-09	1.710088e+01	2.094274e+02
9.900000e-07	2.509385e-06	3.644323e-09	1.813846e+01	2.376589e+02
1.000000e-06	2.651935e-06	4.052165e-09	1.916885e+01	2.647822e+02
1.010000e-06	2.793423e-06	4.439328e-09	2.019156e+01	2.906416e+02
1.020000e-06	2.933840e-06	4.808202e-09	2.120653e+01	3.151392e+02
1.030000e-06	3.073021e-06	5.159711e-09	2.221257e+01	3.382342e+02
1.040000e-06	3.210833e-06	5.490248e-09	2.320871e+01	3.599388e+02
1.050000e-06	3.347400e-06	5.799398e-09	2.419584e+01	3.803094e+02
1.060000e-06	3.482695e-06	6.089465e-09	2.517379e+01	3.994362e+02
1.070000e-06	3.616685e-06	6.364070e-09	2.614230e+01	4.174297e+02
1.080000e-06	3.749463e-06	6.623314e-09	2.710206e+01	4.344085e+02
1.090000e-06	3.880938e-06	6.869042e-09	2.805239e+01	4.504880e+02
1.100000e-06	4.010986e-06	7.103523e-09	2.899241e+01	4.657708e+02
1.110000e-06	4.139575e-06	7.327632e-09	2.992189e+01	4.803411e+02
1.120000e-06	4.266701e-06	7.539774e-09	3.084078e+01	4.942614e+02
1.130000e-06	4.392400e-06	7.740494e-09	3.174937e+01	5.075729e+02
1.140000e-06	4.516649e-06	7.930774e-09	3.264747e+01	5.202989e+02
1.150000e-06	4.639312e-06	8.111574e-09	3.353411e+01	5.324491e+02
1.160000e-06	4.760251e-06	8.283797e-09	3.440829e+01	5.440257e+02
1.170000e-06	4.879473e-06	8.447292e-09	3.527005e+01	5.550297e+02
1.180000e-06	4.996993e-06	8.603792e-09	3.611952e+01	5.654653e+02
1.190000e-06	5.112635e-06	8.755133e-09	3.695541e+01	5.753440e+02
1.200000e-06	5.226181e-06	8.900001e-09	3.777615e+01	5.846863e+02
1.210000e-06	5.337702e-06	9.038425e-09	3.858225e+01	5.935218e+02
1.220000e-06	5.447375e-06	9.168676e-09	3.937499e+01	6.018874e+02
1.230000e-06	5.555245e-06	9.293029e-09	4.015471e+01	6.098243e+02
1.240000e-06	5.661073e-06	9.410948e-09	4.091965e+01	6.173745e+02
1.250000e-06	5.764709e-06	9.521273e-09	4.166876e+01	6.245776e+02
1.260000e-06	5.866287e-06	9.624640e-09	4.240299e+01	6.314672e+02
1.270000e-06	5.965816e-06	9.720958e-09	4.312241e+01	6.380696e+02
1.280000e-06	6.063049e-06	9.813119e-09	4.382524e+01	6.444023e+02
1.290000e-06	6.157907e-06	9.902684e-09	4.451090e+01	6.504752e+02
1.300000e-06	6.250626e-06	9.990920e-09	4.518109e+01	6.562917e+02
1.310000e-06	6.341133e-06	1.007807e-08	4.583530e+01	6.618511e+02
1.320000e-06	6.429268e-06	1.016105e-08	4.647236e+01	6.671514e+02
1.330000e-06	6.515131e-06	1.023710e-08	4.709300e+01	6.721917e+02
1.340000e-06	6.598820e-06	1.030791e-08	4.769793e+01	6.769741e+02
1.350000e-06	6.680180e-06	1.037464e-08	4.828601e+01	6.815047e+02
1.360000e-06	6.759046e-06	1.043856e-08	4.885608e+01	6.857941e+02
1.370000e-06	6.835355e-06	1.050072e-08	4.940766e+01	6.898565e+02
1.380000e-06	6.909058e-06	1.056153e-08	4.994040e+01	6.937078e+02
1.390000e-06	6.980217e-06	1.061923e-08	5.045476e+01	6.973642e+02
1.400000e-06	7.049001e-06	1.067329e-08	5.095195e+01	7.008399e+02
1.410000e-06	7.115265e-06	1.072535e-08	5.143092e+01	7.041457e+02
1.420000e-06	7.178861e-06	1.077508e-08	5.189061e+01	7.072875e+02
1.430000e-06	7.240007e-06	1.081912e-08	5.233259e+01	7.102661e+02
1.440000e-06	7.298707e-06	1.085755e-08	5.275689e+01	7.130781e+02
1.450000e-06	7.354843e-06	1.089486e-08	5.316265e+01	7.157168e+02
1.460000e-06	7.408275e-06	1.093063e-08	5.354887e+01	7.181741e+02
1.470000e-06	7.458705e-06	1.096118e-08	5.391339e+01	7.204431e+02
1.480000e-06	7.506173e-06	1.098745e-08	5.425650e+01	7.225191e+02
1.490000e-06	7.550944e-06	1.101480e-08	5.458012e+01	7.244020e+02
1.500000e-06	7.593057e-06	1.104396e-08	5.488452e+01	7.260967e+02
1.510000e-06	7.632444e-06	1.107092e-08	5.516922e+01	7.276135e+02
1.520000e-06	7.669177e-06	1.109280e-08	5.543474e+01	7.289669e+02
1.530000e-06	7.703195e-06	1.111267e-08	5.568062e+01	7.301741e+02
1.540000e-06	7.734415e-06	1.113198e-08	5.590629e+01	7.312533e+02
1.550000e-06	7.762977e-06	1.114867e-08	5.611274e+01	7.322213e+02
1.560000e-06	7.788766e-06	1.116226e-08	5.629916e+01	7.330914e+02
1.570000e-06	7.811652e-06	1.117272e-08	5.646458e+01	7.338719e+02
1.580000e-06	7.831824e-06	1.118221e-08	5.661039e+01	7.345655e+02
1.590000e-06	7.849269e-06	1.119005e-08	5.673648e+01	7.351688e+02
1.600000e-06	7.863712e-06	1.119668e-08	5.684088e+01	7.356733e+02
1.610000e-06	7.875079e-06	1.120481e-08	5.692305e+01	7.360671e+02
1.620000e-06	7.883380e-06	1.121169e-08	5.698305e+01	7.363369e+02
1.630000e-06	7.888772e-06	1.121540e-08	5.702202e+01	7.364702e+02
1.640000e-06	7.891467e-06	1.121553e-08	5.704150e+01	7.364575e+02
1.650000e-06	7.891391e-06	1.121433e-08	5.704095e+01	7.362940e+02
1.660000e-06	7.888633e-06	1.120863e-08	5.702102e+01	7.359811e+02
1.670000e-06	7.883265e-06	1.119730e-08	5.698222e+01	7.355262e+02
1.680000e-06	7.875222e-06	1.118959e-08	5.692408e+01	7.349428e+02
1.690000e-06	7.864597e-06	1.117995e-08	5.684728e+01	7.342491e+02
1.700000e-06	7.851209e-06	1.116889e-08	5.675050e+01	7.334661e+02
1.710000e-06	7.835085e-06	1.116163e-08	5.663396e+01	7.326155e+02
1.720000e-06	7.816673e-06	1.115037e-08	5.650088e+01	7.317176e+02
1.730000e-06	7.796004e-06	1.113263e-08	5.635147e+01	7.307894e+02
1.740000e-06	7.772508e-06	1.106332e-08	5.618163e+01	7.298425e+02
1.750000e-06	7.745602e-06	1.104378e-08	5.598715e+01	7.288824e+02
1.760000e-06	7.715143e-06	1.106244e-08	5.576699e+01	7.279079e+02
1.770000e-06	7.681720e-06	1.104257e-08	5.552540e+01	7.269115e+02
1.780000e-06	7.645997e-06	1.103493e-08	5.526718e+01	7.258798e+02
1.790000e-06	7.607981e-06	1.107449e-08	5.499239e+01	7.247950e+02
1.800000e-06	7.567876e-06	1.107939e-08	5.470251e+01	7.236366e+02
1.810000e-06	7.525657e-06	1.098287e-08	5.439734e+01	7.223824e+02
1.820000e-06	7.480846e-06	1.103155e-08	5.407343e+01	7.210108e+02
1.830000e-06	7.433471e-06	1.100023e-08	5.373099e+01	7.195016e+02
1.840000e-06	7.383353e-06	1.095830e-08	5.336873e+01	7.178375e+02
1.850000e-06	7.330255e-06	1.096963e-08	5.298492e+01	7.160049e+02
1.860000e-06	7.274347e-06	1.086526e-08	5.258080e+01	7.139945e+02
1.870000e-06	7.215760e-06	1.089171e-08	5.215733e+01	7.118015e+02
1.880000e-06	7.154602e-06	1.083497e-08	5.171526e+01	7.094252e+02
1.890000e-06	7.090685e-06	1.080544e-08	5.125325e+01	7.068693e+02
1.900000e-06	7.023941e-06	1.079571e-08	5.077081e+01	7.041407e+02
1.910000e-06	6.954532e-06	1.067868e-08	5.026910e+01	7.012493e+02
1.920000e-06	6.882388e-06	1.066813e-08	4.974763e+01	6.982067e+02
1.930000e-06	6.807588e-06	1.060806e-08	4.920695e+01	6.950253e+02
1.940000e-06	6.730079e-06	1.059696e-08	4.864670e+01	6.917170e+02
1.950000e-06	6.649914e-06	1.054770e-08	4.806724e+01	6.882924e+02
1.960000e-06	6.567327e-06	1.045787e-08	4.747029e+01	6.847593e+02
1.970000e-06	6.482395e-06	1.042023e-08	4.685638e+01	6.811224e+02
1.980000e-06	6.395031e-06	1.032209e-08	4.622489e+01	6.773819e+02
1.990000e-06	6.305246e-06	1.029438e-08	4.557590e+01	6.735343e+02
2.000000e-06	6.213368e-06	1.023629e-08	4.491178e+01	6.695717e+02
2.010000e-06	6.119296e-06	1.018405e-08	4.423181e+01	6.654829e+02
2.020000e-06	6.022923e-06	1.009700e-08	4.353520e+01	6.612544e+02
2.030000e-06	5.924481e-06	1.000758e-08	4.282363e+01	6.568718e+02
2.040000e-06	5.824001e-06	9.954829e-09	4.209734e+01	6.523212e+02
2.050000e-06	5.721382e-06	9.889210e-09	4.135558e+01	6.475905e+02
2.060000e-06	5.616698e-06	9.830428e-09	4.059890e+01	6.426710e+02
2.070000e-06	5.510116e-06	9.728491e-09	3.982850e+01	6.375582e+02
2.080000e-06	5.401682e-06	9.652378e-09	3.904471e+01	6.322514e+02
2.090000e-06	5.291322e-06	9.563414e-09	3.824701e+01	6.267542e+02
2.100000e-06	5.178977e-06	9.482789e-09	3.743494e+01	6.210730e+02
2.110000e-06	5.064702e-06	9.404284e-09	3.660894e+01	6.152154e+02
2.120000e-06	4.948485e-06	9.315742e-09	3.576889e+01	6.091886e+02
2.130000e-06	4.830280e-06	9.206969e-09	3.491447e+01	6.029977e+02
2.140000e-06	4.710150e-06	9.101378e-09	3.404615e+01	5.966436e+02
2.150000e-06	4.588315e-06	9.014717e-09	3.316549e+01	5.901225e+02
2.160000e-06	4.464881e-06	8.918994e-09	3.227328e+01	5.834246e+02
2.170000e-06	4.339781e-06	8.810992e-09	3.136903e+01	5.765352e+02
2.180000e-06	4.213048e-06	8.689834e-09	3.045297e+01	5.694353e+02
2.190000e-06	4.084727e-06	8.583159e-09	2.952543e+01	5.621036e+02
2.200000e-06	3.954954e-06	8.466247e-09	2.858740e+01	5.545184e+02
2.210000e-06	3.823796e-06	8.351161e-09	2.763935e+01	5.466600e+02
2.220000e-06	3.691217e-06	8.232019e-09	2.668105e+01	5.385126e+02
2.230000e-06	3.557202e-06	8.100410e-09	2.571235e+01	5.300656e+02
2.240000e-06	3.421859e-06	7.956133e-09	2.473405e+01	5.213140e+02
2.250000e-06	3.285247e-06	7.820055e-09	2.374659e+01	5.122581e+02
2.260000e-06	3.147435e-06	7.689409e-09	2.275045e+01	5.029021e+02
2.270000e-06	3.008477e-06	7.546984e-09	2.174602e+01	4.932516e+02
2.280000e-06	2.868328e-06	7.390489e-09	2.073300e+01	4.833113e+02
2.290000e-06	2.727011e-06	7.231352e-09	1.971152e+01	4.730820e+02
2.300000e-06	2.584624e-06	7.076652e-09	1.868231e+01	4.625586e+02
2.310000e-06	2.441318e-06	6.916125e-09	1.764646e+01	4.517283e+02
2.320000e-06	2.297067e-06	6.750958e-09	1.660377e+01	4.405704e+02
2.330000e-06	2.151973e-06	6.570812e-09	1.555500e+01	4.290569e+02
2.340000e-06	2.006223e-06	6.377557e-09	1.450148e+01	4.171549e+02
2.350000e-06	1.859913e-06	6.180772e-09	1.344392e+01	4.048288e+02
2.360000e-06	1.713016e-06	5.986790e-09	1.238211e+01	3.920446e+02
2.370000e-06	1.565539e-06	5.789683e-09	1.131611e+01	3.787725e+02
2.380000e-06	1.417603e-06	5.582444e-09	1.024679e+01	3.649900e+02
2.390000e-06	1.269225e-06	5.365670e-09	9.174274e+00	3.506832e+02
2.400000e-06	1.120347e-06	5.139734e-09	8.098151e+00	3.358468e+02
2.410000e-06	9.710335e-07	4.906395e-09	7.018874e+00	3.204822e+02
2.420000e-06	8.213940e-07	4.667784e-09	5.937242e+00	3.045940e+02
2.430000e-06	6.714818e-07	4.419473e-09	4.853639e+00	2.881851e+02
2.440000e-06	5.213570e-07	4.156909e-09	3.768499e+00	2.712511e+02
2.450000e-06	3.710574e-07	3.884523e-09	2.682096e+00	2.537751e+02
2.460000e-06	2.206017e-07	3.607466e-09	1.594564e+00	2.357234e+02
2.470000e-06	7.007258e-08	3.323415e-09	5.065021e-01	2.170431e+02
2.480000e-06	-8.047409e-08	3.026656e-09	-5.816869e-01	1.976620e+02
2.490000e-06	-2.310604e-07	2.716042e-09	-1.670163e+00	1.774923e+02
2.500000e-06	-3.815978e-07	2.393714e-09	-2.758284e+00	1.564369e+02
2.510000e-06	-5.320180e-07	2.058228e-09	-3.845560e+00	1.343982e+02
2.520000e-06	-6.822503e-07	1.708331e-09	-4.931477e+00	1.112897e+02
2.530000e-06	-8.322598e-07	1.342828e-09	-6.015782e+00	8.704750e+01
2.540000e-06	-9.820254e-07	9.575787e-10	-7.098326e+00	6.164286e+01
2.550000e-06	-1.131445e-06	5.505665e-10	-8.178371e+00	3.509179e+01
2.560000e-06	-1.280437e-06	1.284528e-10	-9.255322e+00	7.462512e+00
2.570000e-06	-1.428957e-06	-3.025394e-10	-1.032886e+01	-2.112132e+01
2.580000e-06	-1.576952e-06	-7.461457e-10	-1.139861e+01	-5.048185e+01
2.590000e-06	-1.724370e-06	-1.204895e-09	-1.246418e+01	-8.039305e+01
2.600000e-06	-1.871154e-06	-1.673734e-09	-1.352517e+01	-1.105911e+02
2.610000e-06	-2.017263e-06	-2.143663e-09	-1.458128e+01	-1.407884e+02
2.620000e-06	-2.162694e-06	-2.608472e-09	-1.563250e+01	-1.706898e+02
2.630000e-06	-2.307400e-06	-3.061814e-09	-1.667847e+01	-2.000097e+02
2.640000e-06	-2.451195e-06	-3.497768e-09	-1.771785e+01	-2.284884e+02
2.650000e-06	-2.593923e-06	-3.915600e-09	-1.874953e+01	-2.559062e+02
2.660000e-06	-2.735536e-06	-4.312967e-09	-1.977314e+01	-2.820938e+02
2.670000e-06	-2.875982e-06	-4.687522e-09	-2.078832e+01	-3.069386e+02
2.680000e-06	-3.015267e-06	-5.038507e-09	-2.179510e+01	-3.303858e+02
2.690000e-06	-3.153322e-06	-5.369537e-09	-2.279300e+01	-3.524349e+02
2.700000e-06	-3.290207e-06	-5.685996e-09	-2.378244e+01	-3.731324e+02
2.710000e-06	-3.425981e-06	-5.986625e-09	-2.476385e+01	-3.925611e+02
2.720000e-06	-3.560478e-06	-6.270018e-09	-2.573603e+01	-4.108276e+02
2.730000e-06	-3.693651e-06	-6.537050e-09	-2.669863e+01	-4.280497e+02
2.740000e-06	-3.825472e-06	-6.789976e-09	-2.765147e+01	-4.443445e+02
2.750000e-06	-3.955936e-06	-7.031833e-09	-2.859450e+01	-4.598185e+02
2.760000e-06	-4.085132e-06	-7.263205e-09	-2.952836e+01	-4.745609e+02
2.770000e-06	-4.213004e-06	-7.481561e-09	-3.045265e+01	-4.886398e+02
2.780000e-06	-4.339315e-06	-7.686526e-09	-3.136566e+01	-5.021014e+02
2.790000e-06	-4.464067e-06	-7.879886e-09	-3.226739e+01	-5.149732e+02
2.800000e-06	-4.587289e-06	-8.061822e-09	-3.315807e+01	-5.272676e+02
2.810000e-06	-4.708842e-06	-8.234637e-09	-3.403669e+01	-5.389883e+02
2.820000e-06	-4.828659e-06	-8.400915e-09	-3.490276e+01	-5.501360e+02
2.830000e-06	-4.946557e-06	-8.561088e-09	-3.575495e+01	-5.607136e+02
2.840000e-06	-5.062426e-06	-8.716004e-09	-3.659249e+01	-5.707307e+02
2.850000e-06	-5.176276e-06	-8.865526e-09	-3.741542e+01	-5.802054e+02
2.860000e-06	-5.287982e-06	-9.009635e-09	-3.822286e+01	-5.891652e+02
2.870000e-06	-5.397671e-06	-9.143680e-09	-3.901572e+01	-5.976452e+02
2.880000e-06	-5.505631e-06	-9.265354e-09	-3.979608e+01	-6.056860e+02
2.890000e-06	-5.611799e-06	-9.379712e-09	-4.056349e+01	-6.133297e+02
2.900000e-06	-5.715967e-06	-9.489736e-09	-4.131644e+01	-6.206169e+02
2.910000e-06	-5.817952e-06	-9.595520e-09	-4.205361e+01	-6.275828e+02
2.920000e-06	-5.917740e-06	-9.696858e-09	-4.277491e+01	-6.342557e+02
2.930000e-06	-6.015481e-06	-9.795895e-09	-4.348140e+01	-6.406554e+02
2.940000e-06	-6.111086e-06	-9.891484e-09	-4.417246e+01	-6.467935e+02
2.950000e-06	-6.204371e-06	-9.982535e-09	-4.484675e+01	-6.526747e+02
2.960000e-06	-6.295402e-06	-1.006743e-08	-4.550474e+01	-6.582993e+02
2.970000e-06	-6.384283e-06	-1.014740e-08	-4.614720e+01	-6.636653e+02
2.980000e-06	-6.470850e-06	-1.022398e-08	-4.677293e+01	-6.687713e+02
2.990000e-06	-6.554973e-06	-1.029633e-08	-4.738099e+01	-6.736184e+02
3.000000e-06	-6.636836e-06	-1.036670e-08	-4.797272e+01	-6.782119e+02
3.010000e-06	-6.716352e-06	-1.043557e-08	-4.854747e+01	-6.825611e+02
3.020000e-06	-6.793185e-06	-1.050132e-08	-4.910285e+01	-6.866795e+02
3.030000e-06	-6.867431e-06	-1.056263e-08	-4.963951e+01	-6.905827e+02
3.040000e-06	-6.939241e-06	-1.062005e-08	-5.015857e+01	-6.942871e+02
3.050000e-06	-7.008500e-06	-1.067500e-08	-5.065919e+01	-6.978076e+02
3.060000e-06	-7.075194e-06	-1.072745e-08	-5.114127e+01	-7.011559e+02
3.070000e-06	-7.139462e-06	-1.077630e-08	-5.160582e+01	-7.043391e+02
3.080000e-06	-7.201241e-06	-1.082034e-08	-5.205237e+01	-7.073594e+02
3.090000e-06	-7.260405e-06	-1.086137e-08	-5.248003e+01	-7.102142e+02
3.100000e-06	-7.316952e-06	-1.090187e-08	-5.288877e+01	-7.128977e+02
3.110000e-06	-7.370733e-06	-1.093948e-08	-5.327751e+01	-7.154019e+02
3.120000e-06	-7.421561e-06	-1.097365e-08	-5.364490e+01	-7.177192e+02
3.130000e-06	-7.469311e-06	-1.100656e-08	-5.399005e+01	-7.198443e+02
3.140000e-06	-7.514366e-06	-1.103898e-08	-5.431572e+01	-7.217760e+02
3.150000e-06	-7.557169e-06	-1.106886e-08	-5.462511e+01	-7.235178e+02
3.160000e-06	-7.597427e-06	-1.109468e-08	-5.491611e+01	-7.250786e+02
3.170000e-06	-7.634897e-06	-1.111659e-08	-5.518695e+01	-7.264720e+02
3.180000e-06	-7.669718e-06	-1.113657e-08	-5.543864e+01	-7.277147e+02
3.190000e-06	-7.701841e-06	-1.115313e-08	-5.567084e+01	-7.288250e+02
3.200000e-06	-7.731065e-06	-1.116748e-08	-5.588208e+01	-7.298201e+02
3.210000e-06	-7.757470e-06	-1.117951e-08	-5.607294e+01	-7.307144e+02
3.220000e-06	-7.781164e-06	-1.119006e-08	-5.624420e+01	-7.315176e+02
3.230000e-06	-7.802047e-06	-1.119930e-08	-5.639515e+01	-7.322337e+02
3.240000e-06	-7.820178e-06	-1.120671e-08	-5.652620e+01	-7.328609e+02
3.250000e-06	-7.835462e-06	-1.121376e-08	-5.663669e+01	-7.333918e+02
3.260000e-06	-7.847593e-06	-1.121992e-08	-5.672437e+01	-7.338152e+02
3.270000e-06	-7.856728e-06	-1.122414e-08	-5.679040e+01	-7.341180e+02
3.280000e-06	-7.863063e-06	-1.122504e-08	-5.683619e+01	-7.342873e+02
3.290000e-06	-7.866621e-06	-1.122412e-08	-5.686191e+01	-7.343124e+02
3.300000e-06	-7.867434e-06	-1.122023e-08	-5.686778e+01	-7.341875e+02
