# Temperatura_=_33.66
# Concentracion g/m^3_=_10000.0
# C_Vs_to_Am_M_A/Vsm_=_65563218390.804596
# pendiente_HvsI_1/m_=_3716.3
# ordenada_HvsI_A/m_=_1297.0
# frecuencia_Hz_=_302547.03030501463

Tiempo_(s)	Campo_(V.s)	Magnetizacion_(V.s)	Campo_(kA/m)	Magnetizacion_(A/m)
0.000000e+00	-7.885613e-06	-1.093742e-08	-5.685025e+01	-7.163012e+02
1.000000e-08	-7.881827e-06	-1.093280e-08	-5.682295e+01	-7.159718e+02
2.000000e-08	-7.875491e-06	-1.092898e-08	-5.677728e+01	-7.155172e+02
3.000000e-08	-7.866536e-06	-1.092430e-08	-5.671271e+01	-7.149502e+02
4.000000e-08	-7.854788e-06	-1.091707e-08	-5.662801e+01	-7.142864e+02
5.000000e-08	-7.840096e-06	-1.090725e-08	-5.652210e+01	-7.135433e+02
6.000000e-08	-7.822629e-06	-1.089829e-08	-5.639617e+01	-7.127381e+02
7.000000e-08	-7.802857e-06	-1.088946e-08	-5.625363e+01	-7.118859e+02
8.000000e-08	-7.780766e-06	-1.089281e-08	-5.609436e+01	-7.109984e+02
9.000000e-08	-7.755726e-06	-1.089109e-08	-5.591384e+01	-7.100827e+02
1.000000e-07	-7.727477e-06	-1.087012e-08	-5.571019e+01	-7.091408e+02
1.100000e-07	-7.696401e-06	-1.083627e-08	-5.548615e+01	-7.081693e+02
1.200000e-07	-7.662569e-06	-1.080215e-08	-5.524224e+01	-7.071600e+02
1.300000e-07	-7.626084e-06	-1.077190e-08	-5.497921e+01	-7.061011e+02
1.400000e-07	-7.587340e-06	-1.073740e-08	-5.469989e+01	-7.049775e+02
1.500000e-07	-7.546438e-06	-1.071863e-08	-5.440501e+01	-7.037729e+02
1.600000e-07	-7.503138e-06	-1.070295e-08	-5.409284e+01	-7.024705e+02
1.700000e-07	-7.457226e-06	-1.066391e-08	-5.376185e+01	-7.010541e+02
1.800000e-07	-7.408582e-06	-1.064677e-08	-5.341116e+01	-6.995092e+02
1.900000e-07	-7.356998e-06	-1.063095e-08	-5.303927e+01	-6.978236e+02
2.000000e-07	-7.302460e-06	-1.059907e-08	-5.264608e+01	-6.959876e+02
2.100000e-07	-7.245237e-06	-1.057105e-08	-5.223354e+01	-6.939947e+02
2.200000e-07	-7.185430e-06	-1.053186e-08	-5.180237e+01	-6.918411e+02
2.300000e-07	-7.123008e-06	-1.048158e-08	-5.135235e+01	-6.895260e+02
2.400000e-07	-7.057937e-06	-1.043150e-08	-5.088323e+01	-6.870514e+02
2.500000e-07	-6.990151e-06	-1.041397e-08	-5.039454e+01	-6.844215e+02
2.600000e-07	-6.919688e-06	-1.037873e-08	-4.988654e+01	-6.816427e+02
2.700000e-07	-6.846502e-06	-1.032724e-08	-4.935892e+01	-6.787228e+02
2.800000e-07	-6.770548e-06	-1.027489e-08	-4.881134e+01	-6.756705e+02
2.900000e-07	-6.691781e-06	-1.022299e-08	-4.824348e+01	-6.724945e+02
3.000000e-07	-6.610362e-06	-1.017730e-08	-4.765650e+01	-6.692027e+02
3.100000e-07	-6.526644e-06	-1.012352e-08	-4.705294e+01	-6.658016e+02
3.200000e-07	-6.440715e-06	-1.007524e-08	-4.643345e+01	-6.622952e+02
3.300000e-07	-6.352505e-06	-1.002686e-08	-4.579751e+01	-6.586842e+02
3.400000e-07	-6.262008e-06	-9.977383e-09	-4.514509e+01	-6.549664e+02
3.500000e-07	-6.169315e-06	-9.917245e-09	-4.447683e+01	-6.511356e+02
3.600000e-07	-6.074441e-06	-9.856331e-09	-4.379285e+01	-6.471829e+02
3.700000e-07	-5.977318e-06	-9.794451e-09	-4.309266e+01	-6.430967e+02
3.800000e-07	-5.877941e-06	-9.722957e-09	-4.237621e+01	-6.388645e+02
3.900000e-07	-5.776433e-06	-9.656404e-09	-4.164440e+01	-6.344733e+02
4.000000e-07	-5.672871e-06	-9.591544e-09	-4.089779e+01	-6.299115e+02
4.100000e-07	-5.567308e-06	-9.520955e-09	-4.013675e+01	-6.251700e+02
4.200000e-07	-5.459789e-06	-9.441128e-09	-3.936160e+01	-6.202427e+02
4.300000e-07	-5.350379e-06	-9.360860e-09	-3.857283e+01	-6.151271e+02
4.400000e-07	-5.239117e-06	-9.281393e-09	-3.777070e+01	-6.098243e+02
4.500000e-07	-5.125802e-06	-9.200913e-09	-3.695377e+01	-6.043376e+02
4.600000e-07	-5.010379e-06	-9.115694e-09	-3.612164e+01	-5.986722e+02
4.700000e-07	-4.893106e-06	-9.029815e-09	-3.527617e+01	-5.928329e+02
4.800000e-07	-4.774085e-06	-8.942158e-09	-3.441811e+01	-5.868226e+02
4.900000e-07	-4.653295e-06	-8.844346e-09	-3.354729e+01	-5.806414e+02
5.000000e-07	-4.530832e-06	-8.739419e-09	-3.266441e+01	-5.742849e+02
5.100000e-07	-4.406701e-06	-8.636636e-09	-3.176951e+01	-5.677438e+02
5.200000e-07	-4.280949e-06	-8.538366e-09	-3.086292e+01	-5.610044e+02
5.300000e-07	-4.153651e-06	-8.433624e-09	-2.994518e+01	-5.540494e+02
5.400000e-07	-4.024898e-06	-8.322733e-09	-2.901695e+01	-5.468592e+02
5.500000e-07	-3.894680e-06	-8.211465e-09	-2.807816e+01	-5.394142e+02
5.600000e-07	-3.762872e-06	-8.097809e-09	-2.712791e+01	-5.316962e+02
5.700000e-07	-3.629624e-06	-7.972414e-09	-2.616728e+01	-5.236906e+02
5.800000e-07	-3.495052e-06	-7.838175e-09	-2.519710e+01	-5.153876e+02
5.900000e-07	-3.359092e-06	-7.705291e-09	-2.421691e+01	-5.067822e+02
6.000000e-07	-3.221855e-06	-7.572077e-09	-2.322752e+01	-4.978746e+02
6.100000e-07	-3.083374e-06	-7.431234e-09	-2.222916e+01	-4.886679e+02
6.200000e-07	-2.943545e-06	-7.286000e-09	-2.122108e+01	-4.791670e+02
6.300000e-07	-2.802375e-06	-7.139853e-09	-2.020334e+01	-4.693756e+02
6.400000e-07	-2.660010e-06	-6.985500e-09	-1.917698e+01	-4.592940e+02
6.500000e-07	-2.516701e-06	-6.823283e-09	-1.814381e+01	-4.489168e+02
6.600000e-07	-2.372505e-06	-6.659508e-09	-1.710425e+01	-4.382315e+02
6.700000e-07	-2.227413e-06	-6.494196e-09	-1.605823e+01	-4.272185e+02
6.800000e-07	-2.081527e-06	-6.320953e-09	-1.500648e+01	-4.158510e+02
6.900000e-07	-1.934948e-06	-6.138079e-09	-1.394974e+01	-4.040978e+02
7.000000e-07	-1.787765e-06	-5.948485e-09	-1.288865e+01	-3.919252e+02
7.100000e-07	-1.640069e-06	-5.753029e-09	-1.182386e+01	-3.793007e+02
7.200000e-07	-1.491886e-06	-5.550880e-09	-1.075555e+01	-3.661958e+02
7.300000e-07	-1.343216e-06	-5.343924e-09	-9.683735e+00	-3.525889e+02
7.400000e-07	-1.194142e-06	-5.132749e-09	-8.609006e+00	-3.384663e+02
7.500000e-07	-1.044720e-06	-4.914320e-09	-7.531763e+00	-3.238226e+02
7.600000e-07	-8.949951e-07	-4.688322e-09	-6.452344e+00	-3.086590e+02
7.700000e-07	-7.450019e-07	-4.452534e-09	-5.370989e+00	-2.929798e+02
7.800000e-07	-5.947667e-07	-4.206446e-09	-4.287889e+00	-2.767883e+02
7.900000e-07	-4.443089e-07	-3.950333e-09	-3.203184e+00	-2.600819e+02
8.000000e-07	-2.937015e-07	-3.686157e-09	-2.117401e+00	-2.428466e+02
8.100000e-07	-1.429742e-07	-3.413153e-09	-1.030753e+00	-2.250537e+02
8.200000e-07	7.879259e-09	-3.129743e-09	5.680444e-02	-2.066570e+02
8.300000e-07	1.587816e-07	-2.837158e-09	1.144714e+00	-1.875932e+02
8.400000e-07	3.096166e-07	-2.533551e-09	2.232138e+00	-1.677845e+02
8.500000e-07	4.603287e-07	-2.217310e-09	3.318676e+00	-1.471446e+02
8.600000e-07	6.109482e-07	-1.888107e-09	4.404547e+00	-1.255869e+02
8.700000e-07	7.614301e-07	-1.546248e-09	5.489426e+00	-1.030345e+02
8.800000e-07	9.116790e-07	-1.190960e-09	6.572625e+00	-7.943140e+01
8.900000e-07	1.061621e-06	-8.197737e-10	7.653609e+00	-5.475302e+01
9.000000e-07	1.211238e-06	-4.296292e-10	8.732257e+00	-2.901577e+01
9.100000e-07	1.360460e-06	-2.210141e-11	9.808050e+00	-2.283534e+00
9.200000e-07	1.509197e-06	3.986445e-10	1.088035e+01	2.532922e+01
9.300000e-07	1.657447e-06	8.312700e-10	1.194914e+01	5.365855e+01
9.400000e-07	1.805132e-06	1.271802e-09	1.301385e+01	8.249641e+01
9.500000e-07	1.952157e-06	1.714860e-09	1.407381e+01	1.116001e+02
9.600000e-07	2.098511e-06	2.159753e-09	1.512892e+01	1.407049e+02
9.700000e-07	2.244056e-06	2.601426e-09	1.617821e+01	1.695388e+02
9.800000e-07	2.388699e-06	3.031829e-09	1.722100e+01	1.978382e+02
9.900000e-07	2.532417e-06	3.448300e-09	1.825711e+01	2.253627e+02
1.000000e-06	2.675196e-06	3.848614e-09	1.928646e+01	2.519078e+02
1.010000e-06	2.816977e-06	4.231781e-09	2.030861e+01	2.773148e+02
1.020000e-06	2.957594e-06	4.597585e-09	2.132237e+01	3.014761e+02
1.030000e-06	3.096967e-06	4.943904e-09	2.232716e+01	3.243368e+02
1.040000e-06	3.235070e-06	5.269562e-09	2.332279e+01	3.458913e+02
1.050000e-06	3.371931e-06	5.576346e-09	2.430947e+01	3.661770e+02
1.060000e-06	3.507511e-06	5.868083e-09	2.528692e+01	3.852643e+02
1.070000e-06	3.641744e-06	6.144683e-09	2.625465e+01	4.032463e+02
1.080000e-06	3.774682e-06	6.404402e-09	2.721305e+01	4.202263e+02
1.090000e-06	3.906262e-06	6.649179e-09	2.816166e+01	4.363081e+02
1.100000e-06	4.036399e-06	6.884105e-09	2.909986e+01	4.515866e+02
1.110000e-06	4.165130e-06	7.109597e-09	3.002793e+01	4.661417e+02
1.120000e-06	4.292376e-06	7.322165e-09	3.094530e+01	4.800351e+02
1.130000e-06	4.418150e-06	7.520759e-09	3.185205e+01	4.933095e+02
1.140000e-06	4.542518e-06	7.708451e-09	3.274866e+01	5.059911e+02
1.150000e-06	4.665323e-06	7.888812e-09	3.363401e+01	5.180934e+02
1.160000e-06	4.786465e-06	8.062582e-09	3.450736e+01	5.296221e+02
1.170000e-06	4.905926e-06	8.229087e-09	3.536860e+01	5.405804e+02
1.180000e-06	5.023540e-06	8.387658e-09	3.621652e+01	5.509740e+02
1.190000e-06	5.139171e-06	8.538571e-09	3.705014e+01	5.608141e+02
1.200000e-06	5.252816e-06	8.681021e-09	3.786946e+01	5.701199e+02
1.210000e-06	5.364503e-06	8.817110e-09	3.867465e+01	5.789185e+02
1.220000e-06	5.474262e-06	8.948618e-09	3.946594e+01	5.872441e+02
1.230000e-06	5.582117e-06	9.073421e-09	4.024351e+01	5.951352e+02
1.240000e-06	5.687957e-06	9.188592e-09	4.100654e+01	6.026319e+02
1.250000e-06	5.791697e-06	9.294207e-09	4.175444e+01	6.097723e+02
1.260000e-06	5.893348e-06	9.395674e-09	4.248728e+01	6.165900e+02
1.270000e-06	5.992809e-06	9.495290e-09	4.320434e+01	6.231122e+02
1.280000e-06	6.090023e-06	9.590291e-09	4.390519e+01	6.293584e+02
1.290000e-06	6.184959e-06	9.678733e-09	4.458961e+01	6.353407e+02
1.300000e-06	6.277670e-06	9.761645e-09	4.525800e+01	6.410653e+02
1.310000e-06	6.368210e-06	9.844319e-09	4.591073e+01	6.465339e+02
1.320000e-06	6.456436e-06	9.926392e-09	4.654679e+01	6.517463e+02
1.330000e-06	6.542349e-06	1.000419e-08	4.716617e+01	6.567025e+02
1.340000e-06	6.626017e-06	1.007448e-08	4.776936e+01	6.614046e+02
1.350000e-06	6.707303e-06	1.013757e-08	4.835538e+01	6.658580e+02
1.360000e-06	6.786080e-06	1.019925e-08	4.892331e+01	6.700713e+02
1.370000e-06	6.862264e-06	1.026237e-08	4.947255e+01	6.740566e+02
1.380000e-06	6.935832e-06	1.032417e-08	5.000293e+01	6.778278e+02
1.390000e-06	7.006877e-06	1.038089e-08	5.051512e+01	6.813989e+02
1.400000e-06	7.075468e-06	1.043211e-08	5.100961e+01	6.847831e+02
1.410000e-06	7.141500e-06	1.048103e-08	5.148567e+01	6.879905e+02
1.420000e-06	7.204950e-06	1.052941e-08	5.194310e+01	6.910276e+02
1.430000e-06	7.265997e-06	1.057390e-08	5.238321e+01	6.938969e+02
1.440000e-06	7.324636e-06	1.061339e-08	5.280596e+01	6.965971e+02
1.450000e-06	7.380634e-06	1.064771e-08	5.320967e+01	6.991243e+02
1.460000e-06	7.433862e-06	1.067942e-08	5.359341e+01	7.014734e+02
1.470000e-06	7.484075e-06	1.071123e-08	5.395541e+01	7.036399e+02
1.480000e-06	7.531283e-06	1.074169e-08	5.429575e+01	7.056214e+02
1.490000e-06	7.575889e-06	1.077000e-08	5.461733e+01	7.074190e+02
1.500000e-06	7.617812e-06	1.079488e-08	5.491957e+01	7.090380e+02
1.510000e-06	7.656932e-06	1.081680e-08	5.520160e+01	7.104881e+02
1.520000e-06	7.693435e-06	1.083661e-08	5.546476e+01	7.117822e+02
1.530000e-06	7.727222e-06	1.085604e-08	5.570835e+01	7.129359e+02
1.540000e-06	7.758213e-06	1.087403e-08	5.593177e+01	7.139650e+02
1.550000e-06	7.786530e-06	1.088816e-08	5.613592e+01	7.148843e+02
1.560000e-06	7.812011e-06	1.090007e-08	5.631962e+01	7.157056e+02
1.570000e-06	7.834626e-06	1.091152e-08	5.648266e+01	7.164364e+02
1.580000e-06	7.854543e-06	1.092419e-08	5.662625e+01	7.170792e+02
1.590000e-06	7.871660e-06	1.093522e-08	5.674965e+01	7.176318e+02
1.600000e-06	7.885789e-06	1.094256e-08	5.685151e+01	7.180877e+02
1.610000e-06	7.896791e-06	1.094779e-08	5.693083e+01	7.184374e+02
1.620000e-06	7.904752e-06	1.095013e-08	5.698822e+01	7.186706e+02
1.630000e-06	7.909856e-06	1.095081e-08	5.702502e+01	7.187776e+02
1.640000e-06	7.912142e-06	1.095056e-08	5.704150e+01	7.187512e+02
1.650000e-06	7.911682e-06	1.094825e-08	5.703819e+01	7.185883e+02
1.660000e-06	7.908629e-06	1.094456e-08	5.701617e+01	7.182910e+02
1.670000e-06	7.902915e-06	1.093701e-08	5.697498e+01	7.178660e+02
1.680000e-06	7.894507e-06	1.093045e-08	5.691436e+01	7.173249e+02
1.690000e-06	7.883464e-06	1.092321e-08	5.683475e+01	7.166830e+02
1.700000e-06	7.869634e-06	1.091508e-08	5.673505e+01	7.159574e+02
1.710000e-06	7.853178e-06	1.090280e-08	5.661641e+01	7.151655e+02
1.720000e-06	7.834457e-06	1.088122e-08	5.648144e+01	7.143231e+02
1.730000e-06	7.813390e-06	1.083918e-08	5.632956e+01	7.134429e+02
1.740000e-06	7.789411e-06	1.081203e-08	5.615669e+01	7.125332e+02
1.750000e-06	7.761973e-06	1.080424e-08	5.595888e+01	7.115972e+02
1.760000e-06	7.731054e-06	1.079999e-08	5.573598e+01	7.106330e+02
1.770000e-06	7.697274e-06	1.079498e-08	5.549244e+01	7.096335e+02
1.780000e-06	7.661176e-06	1.080023e-08	5.523219e+01	7.085875e+02
1.790000e-06	7.622787e-06	1.078572e-08	5.495544e+01	7.074809e+02
1.800000e-06	7.582321e-06	1.077456e-08	5.466371e+01	7.062975e+02
1.810000e-06	7.539701e-06	1.077592e-08	5.435644e+01	7.050204e+02
1.820000e-06	7.494500e-06	1.074355e-08	5.403057e+01	7.036332e+02
1.830000e-06	7.446641e-06	1.074849e-08	5.368554e+01	7.021210e+02
1.840000e-06	7.395930e-06	1.071585e-08	5.331994e+01	7.004709e+02
1.850000e-06	7.342213e-06	1.065679e-08	5.293268e+01	6.986725e+02
1.860000e-06	7.285737e-06	1.062911e-08	5.252552e+01	6.967186e+02
1.870000e-06	7.226701e-06	1.060497e-08	5.209991e+01	6.946046e+02
1.880000e-06	7.165022e-06	1.059253e-08	5.165524e+01	6.923292e+02
1.890000e-06	7.100564e-06	1.054537e-08	5.119054e+01	6.898934e+02
1.900000e-06	7.033379e-06	1.048965e-08	5.070618e+01	6.873011e+02
1.910000e-06	6.963395e-06	1.044125e-08	5.020164e+01	6.845582e+02
1.920000e-06	6.890677e-06	1.040317e-08	4.967739e+01	6.816721e+02
1.930000e-06	6.815380e-06	1.037863e-08	4.913455e+01	6.786513e+02
1.940000e-06	6.737316e-06	1.033337e-08	4.857175e+01	6.755047e+02
1.950000e-06	6.656637e-06	1.028739e-08	4.799011e+01	6.722405e+02
1.960000e-06	6.573585e-06	1.022426e-08	4.739136e+01	6.688656e+02
1.970000e-06	6.488104e-06	1.015439e-08	4.677510e+01	6.653846e+02
1.980000e-06	6.400191e-06	1.009570e-08	4.614130e+01	6.617992e+02
1.990000e-06	6.309996e-06	1.004788e-08	4.549105e+01	6.581078e+02
2.000000e-06	6.217681e-06	9.993854e-09	4.482552e+01	6.543053e+02
2.010000e-06	6.123127e-06	9.926840e-09	4.414384e+01	6.503833e+02
2.020000e-06	6.026273e-06	9.874291e-09	4.344559e+01	6.463310e+02
2.030000e-06	5.927268e-06	9.808658e-09	4.273183e+01	6.421358e+02
2.040000e-06	5.826210e-06	9.735742e-09	4.200326e+01	6.377848e+02
2.050000e-06	5.723063e-06	9.656883e-09	4.125964e+01	6.332659e+02
2.060000e-06	5.617914e-06	9.583686e-09	4.050158e+01	6.285693e+02
2.070000e-06	5.510933e-06	9.515282e-09	3.973031e+01	6.236881e+02
2.080000e-06	5.402058e-06	9.439864e-09	3.894540e+01	6.186190e+02
2.090000e-06	5.291152e-06	9.364153e-09	3.814584e+01	6.133620e+02
2.100000e-06	5.178279e-06	9.282102e-09	3.733209e+01	6.079202e+02
2.110000e-06	5.063491e-06	9.195110e-09	3.650455e+01	6.022983e+02
2.120000e-06	4.946703e-06	9.100323e-09	3.566258e+01	5.965014e+02
2.130000e-06	4.827897e-06	9.010984e-09	3.480606e+01	5.905330e+02
2.140000e-06	4.707220e-06	8.924703e-09	3.393606e+01	5.843941e+02
2.150000e-06	4.584912e-06	8.832726e-09	3.305429e+01	5.780813e+02
2.160000e-06	4.460954e-06	8.728756e-09	3.216064e+01	5.715868e+02
2.170000e-06	4.335414e-06	8.621968e-09	3.125557e+01	5.648978e+02
2.180000e-06	4.208273e-06	8.515914e-09	3.033897e+01	5.579978e+02
2.190000e-06	4.079476e-06	8.405363e-09	2.941043e+01	5.508676e+02
2.200000e-06	3.949232e-06	8.289846e-09	2.847145e+01	5.434874e+02
2.210000e-06	3.817579e-06	8.175663e-09	2.752231e+01	5.358384e+02
2.220000e-06	3.684503e-06	8.060797e-09	2.656292e+01	5.279052e+02
2.230000e-06	3.550022e-06	7.936904e-09	2.559339e+01	5.196765e+02
2.240000e-06	3.414166e-06	7.806921e-09	2.461396e+01	5.111462e+02
2.250000e-06	3.277036e-06	7.673394e-09	2.362534e+01	5.023132e+02
2.260000e-06	3.138743e-06	7.534529e-09	2.262834e+01	4.931801e+02
2.270000e-06	2.999183e-06	7.388918e-09	2.162220e+01	4.837516e+02
2.280000e-06	2.858403e-06	7.242514e-09	2.060726e+01	4.740320e+02
2.290000e-06	2.716574e-06	7.095742e-09	1.958476e+01	4.640225e+02
2.300000e-06	2.573694e-06	6.941805e-09	1.855470e+01	4.537193e+02
2.310000e-06	2.429858e-06	6.777862e-09	1.751773e+01	4.431120e+02
2.320000e-06	2.285174e-06	6.608161e-09	1.647465e+01	4.321824e+02
2.330000e-06	2.139738e-06	6.433852e-09	1.542615e+01	4.209057e+02
2.340000e-06	1.993702e-06	6.254223e-09	1.437332e+01	4.092513e+02
2.350000e-06	1.846998e-06	6.071206e-09	1.331568e+01	3.971860e+02
2.360000e-06	1.699520e-06	5.883492e-09	1.225246e+01	3.846766e+02
2.370000e-06	1.551418e-06	5.685449e-09	1.118473e+01	3.716935e+02
2.380000e-06	1.402864e-06	5.477978e-09	1.011375e+01	3.582130e+02
2.390000e-06	1.253896e-06	5.262808e-09	9.039789e+00	3.442194e+02
2.400000e-06	1.104524e-06	5.040199e-09	7.962912e+00	3.297055e+02
2.410000e-06	9.548181e-07	4.811201e-09	6.883630e+00	3.146708e+02
2.420000e-06	8.048659e-07	4.576346e-09	5.802570e+00	2.991193e+02
2.430000e-06	6.547367e-07	4.333516e-09	4.720234e+00	2.830551e+02
2.440000e-06	5.043989e-07	4.080519e-09	3.636394e+00	2.664775e+02
2.450000e-06	3.538349e-07	3.819475e-09	2.550924e+00	2.493758e+02
2.460000e-06	2.030952e-07	3.549556e-09	1.464187e+00	2.317253e+02
2.470000e-06	5.225288e-08	3.268681e-09	3.767100e-01	2.134842e+02
2.480000e-06	-9.862311e-08	2.975705e-09	-7.110098e-01	1.945932e+02
2.490000e-06	-2.495079e-07	2.672136e-09	-1.798793e+00	1.749779e+02
2.500000e-06	-4.003632e-07	2.358259e-09	-2.886363e+00	1.545533e+02
2.510000e-06	-5.511080e-07	2.032081e-09	-3.973138e+00	1.332322e+02
2.520000e-06	-7.016366e-07	1.693567e-09	-5.058353e+00	1.109340e+02
2.530000e-06	-8.518970e-07	1.340104e-09	-6.141635e+00	8.759661e+01
2.540000e-06	-1.001930e-06	9.691085e-10	-7.223274e+00	6.318655e+01
2.550000e-06	-1.151631e-06	5.827716e-10	-8.302525e+00	3.770927e+01
2.560000e-06	-1.300899e-06	1.849021e-10	-9.378655e+00	1.121634e+01
2.570000e-06	-1.449792e-06	-2.265982e-10	-1.045207e+01	-1.619048e+01
2.580000e-06	-1.598262e-06	-6.557503e-10	-1.152245e+01	-4.435928e+01
2.590000e-06	-1.746095e-06	-1.101503e-09	-1.258823e+01	-7.309230e+01
2.600000e-06	-1.893166e-06	-1.555638e-09	-1.364852e+01	-1.021544e+02
2.610000e-06	-2.039507e-06	-2.008984e-09	-1.470355e+01	-1.312851e+02
2.620000e-06	-2.185143e-06	-2.457615e-09	-1.575349e+01	-1.602128e+02
2.630000e-06	-2.330027e-06	-2.894983e-09	-1.679801e+01	-1.886702e+02
2.640000e-06	-2.473968e-06	-3.318173e-09	-1.783573e+01	-2.164099e+02
2.650000e-06	-2.616879e-06	-3.726182e-09	-1.886603e+01	-2.432173e+02
2.660000e-06	-2.758728e-06	-4.115112e-09	-1.988867e+01	-2.689216e+02
2.670000e-06	-2.899500e-06	-4.483782e-09	-2.090355e+01	-2.934023e+02
2.680000e-06	-3.039158e-06	-4.831176e-09	-2.191039e+01	-3.165912e+02
2.690000e-06	-3.177550e-06	-5.162782e-09	-2.290811e+01	-3.384710e+02
2.700000e-06	-3.314685e-06	-5.481127e-09	-2.389677e+01	-3.590690e+02
2.710000e-06	-3.450554e-06	-5.780986e-09	-2.487629e+01	-3.784486e+02
2.720000e-06	-3.585124e-06	-6.061033e-09	-2.584646e+01	-3.966981e+02
2.730000e-06	-3.718434e-06	-6.322756e-09	-2.680754e+01	-4.139195e+02
2.740000e-06	-3.850493e-06	-6.571961e-09	-2.775960e+01	-4.302172e+02
2.750000e-06	-3.981188e-06	-6.811713e-09	-2.870183e+01	-4.456891e+02
2.760000e-06	-4.110467e-06	-7.041430e-09	-2.963385e+01	-4.604192e+02
2.770000e-06	-4.238290e-06	-7.260581e-09	-3.055537e+01	-4.744739e+02
2.780000e-06	-4.364620e-06	-7.467817e-09	-3.146613e+01	-4.879007e+02
2.790000e-06	-4.489494e-06	-7.662832e-09	-3.236639e+01	-5.007296e+02
2.800000e-06	-4.612803e-06	-7.846704e-09	-3.325537e+01	-5.129766e+02
2.810000e-06	-4.734452e-06	-8.020173e-09	-3.413238e+01	-5.246491e+02
2.820000e-06	-4.854377e-06	-8.183802e-09	-3.499696e+01	-5.357504e+02
2.830000e-06	-4.972426e-06	-8.338768e-09	-3.584802e+01	-5.462851e+02
2.840000e-06	-5.088530e-06	-8.490270e-09	-3.668506e+01	-5.562627e+02
2.850000e-06	-5.202524e-06	-8.640052e-09	-3.750688e+01	-5.657005e+02
2.860000e-06	-5.314351e-06	-8.782934e-09	-3.831308e+01	-5.746237e+02
2.870000e-06	-5.424196e-06	-8.913853e-09	-3.910500e+01	-5.830648e+02
2.880000e-06	-5.532167e-06	-9.033300e-09	-3.988340e+01	-5.910614e+02
2.890000e-06	-5.638333e-06	-9.147770e-09	-4.064879e+01	-5.986537e+02
2.900000e-06	-5.742457e-06	-9.259221e-09	-4.139945e+01	-6.058805e+02
2.910000e-06	-5.844339e-06	-9.365558e-09	-4.213396e+01	-6.127768e+02
2.920000e-06	-5.944098e-06	-9.465784e-09	-4.285316e+01	-6.193714e+02
2.930000e-06	-6.041793e-06	-9.560854e-09	-4.355748e+01	-6.256859e+02
2.940000e-06	-6.137337e-06	-9.653913e-09	-4.424629e+01	-6.317341e+02
2.950000e-06	-6.230623e-06	-9.745210e-09	-4.491882e+01	-6.375235e+02
2.960000e-06	-6.321668e-06	-9.830655e-09	-4.557520e+01	-6.430568e+02
2.970000e-06	-6.410493e-06	-9.909495e-09	-4.621557e+01	-6.483340e+02
2.980000e-06	-6.497006e-06	-9.982287e-09	-4.683927e+01	-6.533549e+02
2.990000e-06	-6.581154e-06	-1.005196e-08	-4.744593e+01	-6.581209e+02
3.000000e-06	-6.662947e-06	-1.012131e-08	-4.803560e+01	-6.626364e+02
3.010000e-06	-6.742291e-06	-1.019083e-08	-4.860762e+01	-6.669094e+02
3.020000e-06	-6.819073e-06	-1.025724e-08	-4.916117e+01	-6.709512e+02
3.030000e-06	-6.893272e-06	-1.031620e-08	-4.969610e+01	-6.747752e+02
3.040000e-06	-6.964929e-06	-1.036983e-08	-5.021270e+01	-6.783958e+02
3.050000e-06	-7.034041e-06	-1.042164e-08	-5.071096e+01	-6.818263e+02
3.060000e-06	-7.100625e-06	-1.047333e-08	-5.119098e+01	-6.850778e+02
3.070000e-06	-7.164760e-06	-1.052109e-08	-5.165336e+01	-6.881579e+02
3.080000e-06	-7.226377e-06	-1.056339e-08	-5.209757e+01	-6.910698e+02
3.090000e-06	-7.285381e-06	-1.060327e-08	-5.252295e+01	-6.938133e+02
3.100000e-06	-7.341773e-06	-1.064092e-08	-5.292950e+01	-6.963849e+02
3.110000e-06	-7.395417e-06	-1.067684e-08	-5.331624e+01	-6.987797e+02
3.120000e-06	-7.446027e-06	-1.071136e-08	-5.368111e+01	-7.009928e+02
3.130000e-06	-7.493563e-06	-1.074404e-08	-5.402382e+01	-7.030213e+02
3.140000e-06	-7.538478e-06	-1.077385e-08	-5.434762e+01	-7.048652e+02
3.150000e-06	-7.581025e-06	-1.080000e-08	-5.465436e+01	-7.065288e+02
3.160000e-06	-7.621071e-06	-1.082447e-08	-5.494306e+01	-7.080207e+02
3.170000e-06	-7.658421e-06	-1.084710e-08	-5.521233e+01	-7.093532e+02
3.180000e-06	-7.693029e-06	-1.086528e-08	-5.546184e+01	-7.105412e+02
3.190000e-06	-7.724877e-06	-1.088069e-08	-5.569144e+01	-7.116007e+02
3.200000e-06	-7.753882e-06	-1.089482e-08	-5.590055e+01	-7.125469e+02
3.210000e-06	-7.780104e-06	-1.090726e-08	-5.608959e+01	-7.133925e+02
3.220000e-06	-7.803573e-06	-1.091777e-08	-5.625879e+01	-7.141461e+02
3.230000e-06	-7.824229e-06	-1.092604e-08	-5.640771e+01	-7.148117e+02
3.240000e-06	-7.842085e-06	-1.093198e-08	-5.653644e+01	-7.153880e+02
3.250000e-06	-7.856997e-06	-1.093708e-08	-5.664394e+01	-7.158696e+02
3.260000e-06	-7.868772e-06	-1.094210e-08	-5.672883e+01	-7.162475e+02
3.270000e-06	-7.877580e-06	-1.094547e-08	-5.679233e+01	-7.165115e+02
3.280000e-06	-7.883531e-06	-1.094633e-08	-5.683524e+01	-7.166515e+02
3.290000e-06	-7.886757e-06	-1.094410e-08	-5.685849e+01	-7.166596e+02
3.300000e-06	-7.887291e-06	-1.094039e-08	-5.686234e+01	-7.165316e+02
