# Temperatura_=_69.45
# Concentracion g/m^3_=_10000.0
# C_Vs_to_Am_M_A/Vsm_=_65563218390.804596
# pendiente_HvsI_1/m_=_3716.3
# ordenada_HvsI_A/m_=_1297.0
# frecuencia_Hz_=_302544.69283010165

Tiempo_(s)	Campo_(V.s)	Magnetizacion_(V.s)	Campo_(kA/m)	Magnetizacion_(A/m)
0.000000e+00	-7.898926e-06	-1.229406e-08	-5.685232e+01	-8.055277e+02
1.000000e-08	-7.895365e-06	-1.229198e-08	-5.682668e+01	-8.050663e+02
2.000000e-08	-7.889256e-06	-1.228348e-08	-5.678271e+01	-8.044654e+02
3.000000e-08	-7.880500e-06	-1.227368e-08	-5.671969e+01	-8.037427e+02
4.000000e-08	-7.868881e-06	-1.226292e-08	-5.663607e+01	-8.029161e+02
5.000000e-08	-7.854264e-06	-1.225008e-08	-5.653086e+01	-8.020022e+02
6.000000e-08	-7.836873e-06	-1.223591e-08	-5.640569e+01	-8.010144e+02
7.000000e-08	-7.817218e-06	-1.222104e-08	-5.626422e+01	-7.999617e+02
8.000000e-08	-7.795252e-06	-1.220727e-08	-5.610613e+01	-7.988488e+02
9.000000e-08	-7.770372e-06	-1.224261e-08	-5.592705e+01	-7.976759e+02
1.000000e-07	-7.742289e-06	-1.223263e-08	-5.572493e+01	-7.964395e+02
1.100000e-07	-7.711270e-06	-1.215961e-08	-5.550166e+01	-7.951332e+02
1.200000e-07	-7.677469e-06	-1.211616e-08	-5.525839e+01	-7.937489e+02
1.300000e-07	-7.641016e-06	-1.209118e-08	-5.499601e+01	-7.922773e+02
1.400000e-07	-7.602268e-06	-1.205466e-08	-5.471713e+01	-7.907089e+02
1.500000e-07	-7.561394e-06	-1.198239e-08	-5.442294e+01	-7.890340e+02
1.600000e-07	-7.518177e-06	-1.198714e-08	-5.411189e+01	-7.872427e+02
1.700000e-07	-7.472318e-06	-1.198741e-08	-5.378182e+01	-7.853247e+02
1.800000e-07	-7.423725e-06	-1.187378e-08	-5.343207e+01	-7.832691e+02
1.900000e-07	-7.372215e-06	-1.191110e-08	-5.306133e+01	-7.810640e+02
2.000000e-07	-7.317743e-06	-1.188252e-08	-5.266927e+01	-7.786970e+02
2.100000e-07	-7.260559e-06	-1.179805e-08	-5.225769e+01	-7.761553e+02
2.200000e-07	-7.200771e-06	-1.178459e-08	-5.182736e+01	-7.734271e+02
2.300000e-07	-7.138437e-06	-1.170070e-08	-5.137872e+01	-7.705019e+02
2.400000e-07	-7.073429e-06	-1.167624e-08	-5.091082e+01	-7.673725e+02
2.500000e-07	-7.005657e-06	-1.160614e-08	-5.042304e+01	-7.640359e+02
2.600000e-07	-6.935253e-06	-1.155924e-08	-4.991630e+01	-7.604937e+02
2.700000e-07	-6.862157e-06	-1.151710e-08	-4.939020e+01	-7.567527e+02
2.800000e-07	-6.786319e-06	-1.144778e-08	-4.884436e+01	-7.528244e+02
2.900000e-07	-6.707650e-06	-1.137700e-08	-4.827814e+01	-7.487234e+02
3.000000e-07	-6.626275e-06	-1.131526e-08	-4.769245e+01	-7.444664e+02
3.100000e-07	-6.542629e-06	-1.128333e-08	-4.709041e+01	-7.400694e+02
3.200000e-07	-6.456798e-06	-1.118853e-08	-4.647263e+01	-7.355457e+02
3.300000e-07	-6.368671e-06	-1.111725e-08	-4.583835e+01	-7.309040e+02
3.400000e-07	-6.278202e-06	-1.107203e-08	-4.518720e+01	-7.261465e+02
3.500000e-07	-6.185452e-06	-1.099254e-08	-4.451963e+01	-7.212692e+02
3.600000e-07	-6.090495e-06	-1.090364e-08	-4.383618e+01	-7.162612e+02
3.700000e-07	-5.993285e-06	-1.082112e-08	-4.313651e+01	-7.111067e+02
3.800000e-07	-5.893816e-06	-1.074783e-08	-4.242059e+01	-7.057867e+02
3.900000e-07	-5.792268e-06	-1.065328e-08	-4.168970e+01	-7.002817e+02
4.000000e-07	-5.688757e-06	-1.056263e-08	-4.094468e+01	-6.945744e+02
4.100000e-07	-5.583225e-06	-1.048190e-08	-4.018512e+01	-6.886518e+02
4.200000e-07	-5.475657e-06	-1.039680e-08	-3.941090e+01	-6.825072e+02
4.300000e-07	-5.366202e-06	-1.029144e-08	-3.862310e+01	-6.761405e+02
4.400000e-07	-5.254901e-06	-1.018585e-08	-3.782202e+01	-6.695578e+02
4.500000e-07	-5.141520e-06	-1.009616e-08	-3.700596e+01	-6.627700e+02
4.600000e-07	-5.026054e-06	-9.996171e-09	-3.617489e+01	-6.557903e+02
4.700000e-07	-4.908752e-06	-9.883443e-09	-3.533061e+01	-6.486312e+02
4.800000e-07	-4.789657e-06	-9.773659e-09	-3.447344e+01	-6.413014e+02
4.900000e-07	-4.668790e-06	-9.661942e-09	-3.360349e+01	-6.338039e+02
5.000000e-07	-4.546262e-06	-9.535328e-09	-3.272160e+01	-6.261337e+02
5.100000e-07	-4.422035e-06	-9.410281e-09	-3.182748e+01	-6.182777e+02
5.200000e-07	-4.296143e-06	-9.291668e-09	-3.092138e+01	-6.102157e+02
5.300000e-07	-4.168694e-06	-9.168669e-09	-3.000407e+01	-6.019221e+02
5.400000e-07	-4.039735e-06	-9.033422e-09	-2.907588e+01	-5.933694e+02
5.500000e-07	-3.909265e-06	-8.896702e-09	-2.813684e+01	-5.845312e+02
5.600000e-07	-3.777258e-06	-8.759957e-09	-2.718671e+01	-5.753855e+02
5.700000e-07	-3.643860e-06	-8.614953e-09	-2.622659e+01	-5.659176e+02
5.800000e-07	-3.509128e-06	-8.460915e-09	-2.525686e+01	-5.561214e+02
5.900000e-07	-3.373029e-06	-8.308161e-09	-2.427729e+01	-5.459994e+02
6.000000e-07	-3.235653e-06	-8.154964e-09	-2.328853e+01	-5.355611e+02
6.100000e-07	-3.096988e-06	-7.995425e-09	-2.229049e+01	-5.248203e+02
6.200000e-07	-2.956974e-06	-7.829013e-09	-2.128274e+01	-5.137913e+02
6.300000e-07	-2.815614e-06	-7.653163e-09	-2.026531e+01	-5.024843e+02
6.400000e-07	-2.673122e-06	-7.471771e-09	-1.923973e+01	-4.909022e+02
6.500000e-07	-2.529634e-06	-7.285574e-09	-1.820698e+01	-4.790373e+02
6.600000e-07	-2.385196e-06	-7.099522e-09	-1.716739e+01	-4.668702e+02
6.700000e-07	-2.239929e-06	-6.908681e-09	-1.612183e+01	-4.543701e+02
6.800000e-07	-2.093922e-06	-6.712087e-09	-1.507095e+01	-4.414973e+02
6.900000e-07	-1.947245e-06	-6.510561e-09	-1.401525e+01	-4.282068e+02
7.000000e-07	-1.799898e-06	-6.299947e-09	-1.295472e+01	-4.144535e+02
7.100000e-07	-1.652006e-06	-6.080744e-09	-1.189027e+01	-4.001972e+02
7.200000e-07	-1.503686e-06	-5.854481e-09	-1.082274e+01	-3.854065e+02
7.300000e-07	-1.354961e-06	-5.622434e-09	-9.752297e+00	-3.700621e+02
7.400000e-07	-1.205814e-06	-5.379132e-09	-8.678813e+00	-3.541573e+02
7.500000e-07	-1.056190e-06	-5.128330e-09	-7.601897e+00	-3.376961e+02
7.600000e-07	-9.062229e-07	-4.873779e-09	-6.522516e+00	-3.206890e+02
7.700000e-07	-7.559465e-07	-4.611154e-09	-5.440906e+00	-3.031466e+02
7.800000e-07	-6.053280e-07	-4.336060e-09	-4.356832e+00	-2.850720e+02
7.900000e-07	-4.544984e-07	-4.052827e-09	-3.271240e+00	-2.664530e+02
8.000000e-07	-3.035505e-07	-3.764164e-09	-2.184797e+00	-2.472564e+02
8.100000e-07	-1.525196e-07	-3.460777e-09	-1.097756e+00	-2.274228e+02
8.200000e-07	-1.410419e-09	-3.138161e-09	-1.015146e-02	-2.068669e+02
8.300000e-07	1.497779e-07	-2.800864e-09	1.078022e+00	-1.854805e+02
8.400000e-07	3.009226e-07	-2.452531e-09	2.165883e+00	-1.631401e+02
8.500000e-07	4.519498e-07	-2.091964e-09	3.252897e+00	-1.397182e+02
8.600000e-07	6.028663e-07	-1.719573e-09	4.339115e+00	-1.150979e+02
8.700000e-07	7.536400e-07	-1.332500e-09	5.424305e+00	-8.918798e+01
8.800000e-07	9.041848e-07	-9.265872e-10	6.507847e+00	-6.193882e+01
8.900000e-07	1.054431e-06	-4.998284e-10	7.589236e+00	-3.335527e+01
9.000000e-07	1.204333e-06	-5.155148e-11	8.668158e+00	-3.506422e+00
9.100000e-07	1.353764e-06	4.172553e-10	9.743680e+00	2.747008e+01
9.200000e-07	1.502677e-06	9.041156e-10	1.081548e+01	5.936946e+01
9.300000e-07	1.651084e-06	1.405778e-09	1.188363e+01	9.192744e+01
9.400000e-07	1.798974e-06	1.914886e-09	1.294807e+01	1.248334e+02
9.500000e-07	1.946255e-06	2.422287e-09	1.400812e+01	1.577482e+02
9.600000e-07	2.092828e-06	2.924039e-09	1.506308e+01	1.903243e+02
9.700000e-07	2.238626e-06	3.411243e-09	1.611245e+01	2.222275e+02
9.800000e-07	2.383604e-06	3.877281e-09	1.715592e+01	2.531570e+02
9.900000e-07	2.527735e-06	4.320478e-09	1.819331e+01	2.828621e+02
1.000000e-06	2.670866e-06	4.742508e-09	1.922349e+01	3.111548e+02
1.010000e-06	2.812901e-06	5.143719e-09	2.024578e+01	3.379160e+02
1.020000e-06	2.953840e-06	5.522148e-09	2.126019e+01	3.630965e+02
1.030000e-06	3.093616e-06	5.880222e-09	2.226622e+01	3.867109e+02
1.040000e-06	3.232070e-06	6.217891e-09	2.326274e+01	4.088281e+02
1.050000e-06	3.369179e-06	6.536607e-09	2.424958e+01	4.295571e+02
1.060000e-06	3.504964e-06	6.835275e-09	2.522689e+01	4.490319e+02
1.070000e-06	3.639470e-06	7.117074e-09	2.619499e+01	4.673954e+02
1.080000e-06	3.772721e-06	7.382755e-09	2.715406e+01	4.847860e+02
1.090000e-06	3.904611e-06	7.635124e-09	2.810334e+01	5.013262e+02
1.100000e-06	4.035111e-06	7.878718e-09	2.904261e+01	5.171155e+02
1.110000e-06	4.164171e-06	8.111361e-09	2.997151e+01	5.322272e+02
1.120000e-06	4.291786e-06	8.332046e-09	3.089002e+01	5.467090e+02
1.130000e-06	4.417943e-06	8.540360e-09	3.179803e+01	5.605868e+02
1.140000e-06	4.542550e-06	8.738299e-09	3.269488e+01	5.738707e+02
1.150000e-06	4.665629e-06	8.926044e-09	3.358075e+01	5.865625e+02
1.160000e-06	4.787091e-06	9.105074e-09	3.445496e+01	5.986618e+02
1.170000e-06	4.906745e-06	9.277078e-09	3.531617e+01	6.101729e+02
1.180000e-06	5.024618e-06	9.442816e-09	3.616456e+01	6.211076e+02
1.190000e-06	5.140630e-06	9.602473e-09	3.699955e+01	6.314878e+02
1.200000e-06	5.254581e-06	9.755734e-09	3.781971e+01	6.413446e+02
1.210000e-06	5.366499e-06	9.903215e-09	3.862524e+01	6.507161e+02
1.220000e-06	5.476521e-06	1.004456e-08	3.941712e+01	6.596440e+02
1.230000e-06	5.584677e-06	1.017881e-08	4.019557e+01	6.681693e+02
1.240000e-06	5.690845e-06	1.030502e-08	4.095971e+01	6.763288e+02
1.250000e-06	5.794855e-06	1.042445e-08	4.170832e+01	6.841524e+02
1.260000e-06	5.896706e-06	1.053938e-08	4.244139e+01	6.916611e+02
1.270000e-06	5.996453e-06	1.064808e-08	4.315932e+01	6.988674e+02
1.280000e-06	6.093920e-06	1.074885e-08	4.386083e+01	7.057767e+02
1.290000e-06	6.189077e-06	1.084506e-08	4.454572e+01	7.123898e+02
1.300000e-06	6.282056e-06	1.093911e-08	4.521493e+01	7.187054e+02
1.310000e-06	6.372812e-06	1.103109e-08	4.586815e+01	7.247241e+02
1.320000e-06	6.461252e-06	1.112002e-08	4.650469e+01	7.304500e+02
1.330000e-06	6.547387e-06	1.120348e-08	4.712465e+01	7.358928e+02
1.340000e-06	6.631321e-06	1.128159e-08	4.772876e+01	7.410679e+02
1.350000e-06	6.712936e-06	1.135604e-08	4.831618e+01	7.459952e+02
1.360000e-06	6.792023e-06	1.142847e-08	4.888541e+01	7.506975e+02
1.370000e-06	6.868517e-06	1.149914e-08	4.943598e+01	7.551976e+02
1.380000e-06	6.942401e-06	1.156646e-08	4.996775e+01	7.595155e+02
1.390000e-06	7.013719e-06	1.163001e-08	5.048106e+01	7.636658e+02
1.400000e-06	7.082587e-06	1.169027e-08	5.097674e+01	7.676559e+02
1.410000e-06	7.148917e-06	1.174896e-08	5.145415e+01	7.714855e+02
1.420000e-06	7.212634e-06	1.180563e-08	5.191275e+01	7.751466e+02
1.430000e-06	7.273891e-06	1.185753e-08	5.235365e+01	7.786258e+02
1.440000e-06	7.332710e-06	1.190420e-08	5.277699e+01	7.819065e+02
1.450000e-06	7.388947e-06	1.194759e-08	5.318175e+01	7.849716e+02
1.460000e-06	7.442498e-06	1.198872e-08	5.356719e+01	7.878074e+02
1.470000e-06	7.493066e-06	1.202613e-08	5.393115e+01	7.904054e+02
1.480000e-06	7.540582e-06	1.206013e-08	5.427314e+01	7.927644e+02
1.490000e-06	7.585355e-06	1.209343e-08	5.459539e+01	7.948911e+02
1.500000e-06	7.627487e-06	1.212512e-08	5.489864e+01	7.967996e+02
1.510000e-06	7.666892e-06	1.215291e-08	5.518226e+01	7.985095e+02
1.520000e-06	7.703655e-06	1.217697e-08	5.544686e+01	8.000438e+02
1.530000e-06	7.737761e-06	1.219936e-08	5.569234e+01	8.014254e+02
1.540000e-06	7.769033e-06	1.222012e-08	5.591741e+01	8.026750e+02
1.550000e-06	7.797602e-06	1.223854e-08	5.612304e+01	8.038080e+02
1.560000e-06	7.823379e-06	1.225479e-08	5.630857e+01	8.048333e+02
1.570000e-06	7.846218e-06	1.226825e-08	5.647295e+01	8.057524e+02
1.580000e-06	7.866322e-06	1.228016e-08	5.661765e+01	8.065603e+02
1.590000e-06	7.883636e-06	1.228923e-08	5.674227e+01	8.072465e+02
1.600000e-06	7.897936e-06	1.229596e-08	5.684519e+01	8.077975e+02
1.610000e-06	7.909139e-06	1.230233e-08	5.692582e+01	8.081993e+02
1.620000e-06	7.917292e-06	1.230804e-08	5.698450e+01	8.084399e+02
1.630000e-06	7.922629e-06	1.231258e-08	5.702292e+01	8.085114e+02
1.640000e-06	7.925211e-06	1.231368e-08	5.704150e+01	8.084117e+02
1.650000e-06	7.924970e-06	1.231268e-08	5.703977e+01	8.081444e+02
1.660000e-06	7.922086e-06	1.230171e-08	5.701901e+01	8.077193e+02
1.670000e-06	7.916580e-06	1.229053e-08	5.697938e+01	8.071506e+02
1.680000e-06	7.908397e-06	1.228206e-08	5.692048e+01	8.064556e+02
1.690000e-06	7.897618e-06	1.227073e-08	5.684290e+01	8.056523e+02
1.700000e-06	7.884035e-06	1.225926e-08	5.674514e+01	8.047578e+02
1.710000e-06	7.867652e-06	1.224980e-08	5.662722e+01	8.037864e+02
1.720000e-06	7.848923e-06	1.223935e-08	5.649242e+01	8.027482e+02
1.730000e-06	7.827944e-06	1.219837e-08	5.634142e+01	8.016492e+02
1.740000e-06	7.804137e-06	1.210679e-08	5.617008e+01	8.004904e+02
1.750000e-06	7.776867e-06	1.211700e-08	5.597380e+01	7.992693e+02
1.760000e-06	7.746062e-06	1.214031e-08	5.575208e+01	7.979802e+02
1.770000e-06	7.712360e-06	1.210889e-08	5.550951e+01	7.966151e+02
1.780000e-06	7.676350e-06	1.209426e-08	5.525033e+01	7.951652e+02
1.790000e-06	7.638017e-06	1.214351e-08	5.497443e+01	7.936208e+02
1.800000e-06	7.597630e-06	1.207961e-08	5.468374e+01	7.919724e+02
1.810000e-06	7.555125e-06	1.200630e-08	5.437782e+01	7.902101e+02
1.820000e-06	7.510012e-06	1.210796e-08	5.405312e+01	7.883238e+02
1.830000e-06	7.462280e-06	1.200883e-08	5.370957e+01	7.863026e+02
1.840000e-06	7.411693e-06	1.201690e-08	5.334547e+01	7.841349e+02
1.850000e-06	7.358107e-06	1.195602e-08	5.295979e+01	7.818085e+02
1.860000e-06	7.301696e-06	1.186132e-08	5.255377e+01	7.793107e+02
1.870000e-06	7.242597e-06	1.192360e-08	5.212840e+01	7.766290e+02
1.880000e-06	7.180941e-06	1.179663e-08	5.168464e+01	7.737528e+02
1.890000e-06	7.116583e-06	1.181391e-08	5.122142e+01	7.706739e+02
1.900000e-06	7.049493e-06	1.175412e-08	5.073854e+01	7.673881e+02
1.910000e-06	6.979670e-06	1.163652e-08	5.023599e+01	7.638958e+02
1.920000e-06	6.907052e-06	1.162181e-08	4.971333e+01	7.602026e+02
1.930000e-06	6.831783e-06	1.155911e-08	4.917158e+01	7.563187e+02
1.940000e-06	6.753741e-06	1.154752e-08	4.860988e+01	7.522584e+02
1.950000e-06	6.673042e-06	1.142634e-08	4.802905e+01	7.480378e+02
1.960000e-06	6.589913e-06	1.138378e-08	4.743073e+01	7.436733e+02
1.970000e-06	6.504392e-06	1.131839e-08	4.681520e+01	7.391792e+02
1.980000e-06	6.416448e-06	1.119909e-08	4.618222e+01	7.345654e+02
1.990000e-06	6.326191e-06	1.115967e-08	4.553260e+01	7.298360e+02
2.000000e-06	6.233848e-06	1.107623e-08	4.486796e+01	7.249883e+02
2.010000e-06	6.139223e-06	1.101747e-08	4.418690e+01	7.200133e+02
2.020000e-06	6.042374e-06	1.091326e-08	4.348983e+01	7.148960e+02
2.030000e-06	5.943454e-06	1.084681e-08	4.277786e+01	7.096182e+02
2.040000e-06	5.842370e-06	1.077014e-08	4.205031e+01	7.041601e+02
2.050000e-06	5.739140e-06	1.067015e-08	4.130731e+01	6.985038e+02
2.060000e-06	5.633892e-06	1.056929e-08	4.054980e+01	6.926349e+02
2.070000e-06	5.526774e-06	1.047701e-08	3.977881e+01	6.865450e+02
2.080000e-06	5.417786e-06	1.039669e-08	3.899438e+01	6.802324e+02
2.090000e-06	5.306834e-06	1.028465e-08	3.819580e+01	6.737018e+02
2.100000e-06	5.193919e-06	1.019339e-08	3.738310e+01	6.669630e+02
2.110000e-06	5.079087e-06	1.008741e-08	3.655660e+01	6.600290e+02
2.120000e-06	4.962294e-06	9.974721e-09	3.571599e+01	6.529126e+02
2.130000e-06	4.843545e-06	9.851474e-09	3.486129e+01	6.456240e+02
2.140000e-06	4.722891e-06	9.749282e-09	3.399289e+01	6.381675e+02
2.150000e-06	4.600528e-06	9.641655e-09	3.311218e+01	6.305403e+02
2.160000e-06	4.476496e-06	9.517237e-09	3.221946e+01	6.227313e+02
2.170000e-06	4.350785e-06	9.387639e-09	3.131466e+01	6.147220e+02
2.180000e-06	4.223492e-06	9.259682e-09	3.039847e+01	6.064878e+02
2.190000e-06	4.094641e-06	9.129885e-09	2.947107e+01	5.980015e+02
2.200000e-06	3.964330e-06	8.990905e-09	2.853316e+01	5.892358e+02
2.210000e-06	3.832546e-06	8.858185e-09	2.758465e+01	5.801676e+02
2.220000e-06	3.699312e-06	8.718258e-09	2.662570e+01	5.707802e+02
2.230000e-06	3.564711e-06	8.570205e-09	2.565692e+01	5.610651e+02
2.240000e-06	3.428795e-06	8.413675e-09	2.467867e+01	5.510228e+02
2.250000e-06	3.291577e-06	8.259237e-09	2.369104e+01	5.406613e+02
2.260000e-06	3.153133e-06	8.097241e-09	2.269459e+01	5.299937e+02
2.270000e-06	3.013475e-06	7.932531e-09	2.168941e+01	5.190345e+02
2.280000e-06	2.872574e-06	7.764573e-09	2.067528e+01	5.077953e+02
2.290000e-06	2.730498e-06	7.593542e-09	1.965269e+01	4.962812e+02
2.300000e-06	2.587392e-06	7.415150e-09	1.862268e+01	4.844874e+02
2.310000e-06	2.443375e-06	7.230135e-09	1.758612e+01	4.723972e+02
2.320000e-06	2.298443e-06	7.038858e-09	1.654299e+01	4.599828e+02
2.330000e-06	2.152784e-06	6.835938e-09	1.549461e+01	4.472061e+02
2.340000e-06	2.006480e-06	6.627487e-09	1.444159e+01	4.340233e+02
2.350000e-06	1.859517e-06	6.419014e-09	1.338382e+01	4.203887e+02
2.360000e-06	1.711968e-06	6.208349e-09	1.232185e+01	4.062605e+02
2.370000e-06	1.563833e-06	5.986697e-09	1.125565e+01	3.916046e+02
2.380000e-06	1.415145e-06	5.755300e-09	1.018547e+01	3.763987e+02
2.390000e-06	1.266014e-06	5.515242e-09	9.112100e+00	3.606329e+02
2.400000e-06	1.116472e-06	5.266670e-09	8.035782e+00	3.443089e+02
2.410000e-06	9.665313e-07	5.012974e-09	6.956584e+00	3.274362e+02
2.420000e-06	8.162677e-07	4.754298e-09	5.875066e+00	3.100258e+02
2.430000e-06	6.657290e-07	4.482801e-09	4.791567e+00	2.920836e+02
2.440000e-06	5.149524e-07	4.196828e-09	3.706357e+00	2.736019e+02
2.450000e-06	3.640002e-07	3.901724e-09	2.619882e+00	2.545531e+02
2.460000e-06	2.129086e-07	3.600105e-09	1.532404e+00	2.348847e+02
2.470000e-06	6.172158e-08	3.288146e-09	4.442395e-01	2.145177e+02
2.480000e-06	-8.950343e-08	2.960713e-09	-6.441986e-01	1.933490e+02
2.490000e-06	-2.407565e-07	2.620637e-09	-1.732839e+00	1.712581e+02
2.500000e-06	-3.920048e-07	2.267063e-09	-2.821445e+00	1.481171e+02
2.510000e-06	-5.431448e-07	1.895780e-09	-3.909271e+00	1.238052e+02
2.520000e-06	-6.940477e-07	1.507860e-09	-4.995391e+00	9.822315e+01
2.530000e-06	-8.446376e-07	1.103161e-09	-6.079257e+00	7.130962e+01
2.540000e-06	-9.949175e-07	6.771324e-10	-7.160893e+00	4.305477e+01
2.550000e-06	-1.144852e-06	2.298594e-10	-8.240042e+00	1.351099e+01
2.560000e-06	-1.294401e-06	-2.346148e-10	-9.316421e+00	-1.720131e+01
2.570000e-06	-1.443517e-06	-7.156234e-10	-1.038968e+01	-4.889367e+01
2.580000e-06	-1.592155e-06	-1.213912e-09	-1.145950e+01	-8.131563e+01
2.590000e-06	-1.740208e-06	-1.725392e-09	-1.252510e+01	-1.141667e+02
2.600000e-06	-1.887546e-06	-2.240714e-09	-1.358557e+01	-1.471129e+02
2.610000e-06	-2.034179e-06	-2.750516e-09	-1.464095e+01	-1.798070e+02
2.620000e-06	-2.180074e-06	-3.245811e-09	-1.569102e+01	-2.119093e+02
2.630000e-06	-2.325144e-06	-3.722114e-09	-1.673516e+01	-2.431090e+02
2.640000e-06	-2.469370e-06	-4.178993e-09	-1.777323e+01	-2.731415e+02
2.650000e-06	-2.612634e-06	-4.614122e-09	-1.880436e+01	-3.018022e+02
2.660000e-06	-2.754796e-06	-5.023415e-09	-1.982757e+01	-3.289547e+02
2.670000e-06	-2.895815e-06	-5.408103e-09	-2.084256e+01	-3.545323e+02
2.680000e-06	-3.035622e-06	-5.769382e-09	-2.184881e+01	-3.785348e+02
2.690000e-06	-3.174257e-06	-6.110262e-09	-2.284663e+01	-4.010184e+02
2.700000e-06	-3.311706e-06	-6.434548e-09	-2.383592e+01	-4.220837e+02
2.710000e-06	-3.447911e-06	-6.741999e-09	-2.481625e+01	-4.418598e+02
2.720000e-06	-3.582882e-06	-7.033185e-09	-2.578770e+01	-4.604888e+02
2.730000e-06	-3.716520e-06	-7.307045e-09	-2.674955e+01	-4.781114e+02
2.740000e-06	-3.848792e-06	-7.564481e-09	-2.770158e+01	-4.948549e+02
2.750000e-06	-3.979717e-06	-7.808809e-09	-2.864391e+01	-5.108251e+02
2.760000e-06	-4.109286e-06	-8.042700e-09	-2.957648e+01	-5.261019e+02
2.770000e-06	-4.237476e-06	-8.266848e-09	-3.049912e+01	-5.407390e+02
2.780000e-06	-4.364204e-06	-8.482360e-09	-3.141125e+01	-5.547674e+02
2.790000e-06	-4.489399e-06	-8.688851e-09	-3.231233e+01	-5.682005e+02
2.800000e-06	-4.612979e-06	-8.883241e-09	-3.320180e+01	-5.810414e+02
2.810000e-06	-4.734926e-06	-9.066886e-09	-3.407951e+01	-5.932898e+02
2.820000e-06	-4.855173e-06	-9.241452e-09	-3.494498e+01	-6.049482e+02
2.830000e-06	-4.973533e-06	-9.407335e-09	-3.579687e+01	-6.160264e+02
2.840000e-06	-5.089894e-06	-9.567458e-09	-3.663438e+01	-6.265437e+02
2.850000e-06	-5.204221e-06	-9.722834e-09	-3.745724e+01	-6.365290e+02
2.860000e-06	-5.316482e-06	-9.871602e-09	-3.826524e+01	-6.460191e+02
2.870000e-06	-5.426666e-06	-1.001047e-08	-3.905829e+01	-6.550550e+02
2.880000e-06	-5.534910e-06	-1.014125e-08	-3.983737e+01	-6.636783e+02
2.890000e-06	-5.641349e-06	-1.026943e-08	-4.060347e+01	-6.719272e+02
2.900000e-06	-5.745830e-06	-1.039351e-08	-4.135546e+01	-6.798335e+02
2.910000e-06	-5.848098e-06	-1.050957e-08	-4.209153e+01	-6.874205e+02
2.920000e-06	-5.948116e-06	-1.061953e-08	-4.281141e+01	-6.947027e+02
2.930000e-06	-6.046027e-06	-1.072589e-08	-4.351612e+01	-7.016872e+02
2.940000e-06	-6.141866e-06	-1.082694e-08	-4.420592e+01	-7.083754e+02
2.950000e-06	-6.235434e-06	-1.092189e-08	-4.487938e+01	-7.147665e+02
2.960000e-06	-6.326713e-06	-1.101121e-08	-4.553635e+01	-7.208603e+02
2.970000e-06	-6.415797e-06	-1.109726e-08	-4.617753e+01	-7.266598e+02
2.980000e-06	-6.502590e-06	-1.118062e-08	-4.680222e+01	-7.321732e+02
2.990000e-06	-6.586947e-06	-1.126000e-08	-4.740938e+01	-7.374145e+02
3.000000e-06	-6.668916e-06	-1.133750e-08	-4.799935e+01	-7.424028e+02
3.010000e-06	-6.748608e-06	-1.141427e-08	-4.857293e+01	-7.471602e+02
3.020000e-06	-6.825698e-06	-1.148793e-08	-4.912779e+01	-7.517099e+02
3.030000e-06	-6.900072e-06	-1.155582e-08	-4.966309e+01	-7.560728e+02
3.040000e-06	-6.971972e-06	-1.162044e-08	-5.018059e+01	-7.602650e+02
3.050000e-06	-7.041421e-06	-1.168185e-08	-5.068044e+01	-7.642960e+02
3.060000e-06	-7.108354e-06	-1.174043e-08	-5.116220e+01	-7.681672e+02
3.070000e-06	-7.172839e-06	-1.179621e-08	-5.162632e+01	-7.718725e+02
3.080000e-06	-7.234762e-06	-1.184898e-08	-5.207201e+01	-7.753998e+02
3.090000e-06	-7.293984e-06	-1.189942e-08	-5.249826e+01	-7.787328e+02
3.100000e-06	-7.350609e-06	-1.194537e-08	-5.290582e+01	-7.818543e+02
3.110000e-06	-7.404524e-06	-1.198878e-08	-5.329387e+01	-7.847496e+02
3.120000e-06	-7.455434e-06	-1.202806e-08	-5.366029e+01	-7.874085e+02
3.130000e-06	-7.503260e-06	-1.206574e-08	-5.400452e+01	-7.898279e+02
3.140000e-06	-7.548419e-06	-1.210127e-08	-5.432955e+01	-7.920127e+02
3.150000e-06	-7.591231e-06	-1.213092e-08	-5.463769e+01	-7.939752e+02
3.160000e-06	-7.631532e-06	-1.215997e-08	-5.492776e+01	-7.957337e+02
3.170000e-06	-7.669132e-06	-1.218668e-08	-5.519838e+01	-7.973107e+02
3.180000e-06	-7.704014e-06	-1.220979e-08	-5.544944e+01	-7.987295e+02
3.190000e-06	-7.736162e-06	-1.222906e-08	-5.568082e+01	-8.000114e+02
3.200000e-06	-7.765410e-06	-1.224681e-08	-5.589133e+01	-8.011735e+02
3.210000e-06	-7.791807e-06	-1.226258e-08	-5.608133e+01	-8.022264e+02
3.220000e-06	-7.815436e-06	-1.227549e-08	-5.625140e+01	-8.031734e+02
3.230000e-06	-7.836196e-06	-1.228539e-08	-5.640082e+01	-8.040109e+02
3.240000e-06	-7.854168e-06	-1.229220e-08	-5.653017e+01	-8.047298e+02
3.250000e-06	-7.869259e-06	-1.229791e-08	-5.663879e+01	-8.053170e+02
3.260000e-06	-7.881220e-06	-1.230376e-08	-5.672488e+01	-8.057584e+02
3.270000e-06	-7.890217e-06	-1.230774e-08	-5.678964e+01	-8.060412e+02
3.280000e-06	-7.896363e-06	-1.230828e-08	-5.683387e+01	-8.061566e+02
3.290000e-06	-7.899739e-06	-1.230560e-08	-5.685816e+01	-8.061005e+02
3.300000e-06	-7.900415e-06	-1.229928e-08	-5.686303e+01	-8.058755e+02
