# Temperatura_=_67.49
# Concentracion g/m^3_=_10000.0
# C_Vs_to_Am_M_A/Vsm_=_65563218390.804596
# pendiente_HvsI_1/m_=_3716.3
# ordenada_HvsI_A/m_=_1297.0
# frecuencia_Hz_=_302553.19348724675

Tiempo_(s)	Campo_(V.s)	Magnetizacion_(V.s)	Campo_(kA/m)	Magnetizacion_(A/m)
0.000000e+00	-7.912943e-06	-1.216290e-08	-5.685624e+01	-7.971068e+02
1.000000e-08	-7.909643e-06	-1.216165e-08	-5.683252e+01	-7.967161e+02
2.000000e-08	-7.903689e-06	-1.215439e-08	-5.678974e+01	-7.961807e+02
3.000000e-08	-7.895144e-06	-1.214865e-08	-5.672835e+01	-7.955134e+02
4.000000e-08	-7.883784e-06	-1.214303e-08	-5.664672e+01	-7.947297e+02
5.000000e-08	-7.869496e-06	-1.213204e-08	-5.654406e+01	-7.938452e+02
6.000000e-08	-7.852385e-06	-1.211703e-08	-5.642112e+01	-7.928750e+02
7.000000e-08	-7.832901e-06	-1.210197e-08	-5.628112e+01	-7.918324e+02
8.000000e-08	-7.811174e-06	-1.208233e-08	-5.612501e+01	-7.907274e+02
9.000000e-08	-7.786565e-06	-1.211480e-08	-5.594818e+01	-7.895670e+02
1.000000e-07	-7.758739e-06	-1.211779e-08	-5.574824e+01	-7.883541e+02
1.100000e-07	-7.727896e-06	-1.204105e-08	-5.552663e+01	-7.870882e+02
1.200000e-07	-7.694236e-06	-1.199418e-08	-5.528478e+01	-7.857652e+02
1.300000e-07	-7.657991e-06	-1.197221e-08	-5.502435e+01	-7.843776e+02
1.400000e-07	-7.619434e-06	-1.194154e-08	-5.474731e+01	-7.829153e+02
1.500000e-07	-7.578720e-06	-1.187405e-08	-5.445477e+01	-7.813651e+02
1.600000e-07	-7.535655e-06	-1.186024e-08	-5.414534e+01	-7.797120e+02
1.700000e-07	-7.489893e-06	-1.188843e-08	-5.381653e+01	-7.779387e+02
1.800000e-07	-7.441395e-06	-1.175282e-08	-5.346806e+01	-7.760270e+02
1.900000e-07	-7.390012e-06	-1.177921e-08	-5.309886e+01	-7.739579e+02
2.000000e-07	-7.335663e-06	-1.177734e-08	-5.270835e+01	-7.717131e+02
2.100000e-07	-7.278621e-06	-1.167191e-08	-5.229849e+01	-7.692760e+02
2.200000e-07	-7.218981e-06	-1.168970e-08	-5.186997e+01	-7.666331e+02
2.300000e-07	-7.156751e-06	-1.160860e-08	-5.142283e+01	-7.637749e+02
2.400000e-07	-7.091884e-06	-1.157246e-08	-5.095674e+01	-7.606976e+02
2.500000e-07	-7.024270e-06	-1.150585e-08	-5.047092e+01	-7.574031e+02
2.600000e-07	-6.953957e-06	-1.145180e-08	-4.996571e+01	-7.538995e+02
2.700000e-07	-6.880895e-06	-1.140187e-08	-4.944075e+01	-7.502002e+02
2.800000e-07	-6.805098e-06	-1.133260e-08	-4.889612e+01	-7.463230e+02
2.900000e-07	-6.726589e-06	-1.127712e-08	-4.833202e+01	-7.422879e+02
3.000000e-07	-6.645373e-06	-1.120554e-08	-4.774846e+01	-7.381148e+02
3.100000e-07	-6.561772e-06	-1.117706e-08	-4.714777e+01	-7.338213e+02
3.200000e-07	-6.475990e-06	-1.109802e-08	-4.653141e+01	-7.294203e+02
3.300000e-07	-6.387934e-06	-1.101386e-08	-4.589871e+01	-7.249181e+02
3.400000e-07	-6.297545e-06	-1.097271e-08	-4.524924e+01	-7.203135e+02
3.500000e-07	-6.204847e-06	-1.090419e-08	-4.458319e+01	-7.155979e+02
3.600000e-07	-6.109909e-06	-1.082118e-08	-4.390104e+01	-7.107558e+02
3.700000e-07	-6.012744e-06	-1.073947e-08	-4.320289e+01	-7.057671e+02
3.800000e-07	-5.913369e-06	-1.066997e-08	-4.248886e+01	-7.006093e+02
3.900000e-07	-5.811882e-06	-1.058117e-08	-4.175965e+01	-6.952605e+02
4.000000e-07	-5.708295e-06	-1.048439e-08	-4.101535e+01	-6.897024e+02
4.100000e-07	-5.602653e-06	-1.040147e-08	-4.025629e+01	-6.839219e+02
4.200000e-07	-5.495027e-06	-1.031928e-08	-3.948297e+01	-6.779134e+02
4.300000e-07	-5.385473e-06	-1.022716e-08	-3.869581e+01	-6.716786e+02
4.400000e-07	-5.274026e-06	-1.012262e-08	-3.789503e+01	-6.652257e+02
4.500000e-07	-5.160615e-06	-1.003077e-08	-3.708015e+01	-6.585680e+02
4.600000e-07	-5.045178e-06	-9.935277e-09	-3.625071e+01	-6.517203e+02
4.700000e-07	-4.927855e-06	-9.822312e-09	-3.540772e+01	-6.446967e+02
4.800000e-07	-4.808731e-06	-9.710000e-09	-3.455179e+01	-6.375069e+02
4.900000e-07	-4.687737e-06	-9.603198e-09	-3.368242e+01	-6.301542e+02
5.000000e-07	-4.565052e-06	-9.486818e-09	-3.280090e+01	-6.226335e+02
5.100000e-07	-4.440778e-06	-9.360947e-09	-3.190797e+01	-6.149313e+02
5.200000e-07	-4.314876e-06	-9.239835e-09	-3.100333e+01	-6.070268e+02
5.300000e-07	-4.187389e-06	-9.117203e-09	-3.008731e+01	-5.988938e+02
5.400000e-07	-4.058371e-06	-8.983793e-09	-2.916028e+01	-5.905039e+02
5.500000e-07	-3.927892e-06	-8.849672e-09	-2.822277e+01	-5.818303e+02
5.600000e-07	-3.795918e-06	-8.718958e-09	-2.727450e+01	-5.728503e+02
5.700000e-07	-3.662472e-06	-8.582544e-09	-2.631567e+01	-5.635488e+02
5.800000e-07	-3.527635e-06	-8.431104e-09	-2.534683e+01	-5.539192e+02
5.900000e-07	-3.391402e-06	-8.278511e-09	-2.436797e+01	-5.439632e+02
6.000000e-07	-3.253870e-06	-8.126001e-09	-2.337977e+01	-5.336899e+02
6.100000e-07	-3.115065e-06	-7.965817e-09	-2.238243e+01	-5.231125e+02
6.200000e-07	-2.974905e-06	-7.798190e-09	-2.137534e+01	-5.122445e+02
6.300000e-07	-2.833416e-06	-7.627058e-09	-2.035871e+01	-5.010959e+02
6.400000e-07	-2.690761e-06	-7.452839e-09	-1.933371e+01	-4.896696e+02
6.500000e-07	-2.547105e-06	-7.270782e-09	-1.830151e+01	-4.779582e+02
6.600000e-07	-2.402554e-06	-7.086009e-09	-1.726288e+01	-4.659430e+02
6.700000e-07	-2.257154e-06	-6.895522e-09	-1.621814e+01	-4.535944e+02
6.800000e-07	-2.110937e-06	-6.699507e-09	-1.516755e+01	-4.408743e+02
6.900000e-07	-1.963976e-06	-6.498619e-09	-1.411160e+01	-4.277396e+02
7.000000e-07	-1.816419e-06	-6.291757e-09	-1.305137e+01	-4.141470e+02
7.100000e-07	-1.668374e-06	-6.075715e-09	-1.198763e+01	-4.000578e+02
7.200000e-07	-1.519862e-06	-5.852658e-09	-1.092054e+01	-3.854419e+02
7.300000e-07	-1.370920e-06	-5.625862e-09	-9.850359e+00	-3.702808e+02
7.400000e-07	-1.221492e-06	-5.389706e-09	-8.776687e+00	-3.545679e+02
7.500000e-07	-1.071560e-06	-5.144041e-09	-7.699391e+00	-3.383068e+02
7.600000e-07	-9.213038e-07	-4.890692e-09	-6.619770e+00	-3.215071e+02
7.700000e-07	-7.708406e-07	-4.630128e-09	-5.538659e+00	-3.041784e+02
7.800000e-07	-6.201254e-07	-4.357000e-09	-4.455738e+00	-2.863228e+02
7.900000e-07	-4.691626e-07	-4.074279e-09	-3.371036e+00	-2.679277e+02
8.000000e-07	-3.180055e-07	-3.786451e-09	-2.284939e+00	-2.489597e+02
8.100000e-07	-1.666723e-07	-3.487403e-09	-1.197577e+00	-2.293603e+02
8.200000e-07	-1.523698e-08	-3.171046e-09	-1.094810e-01	-2.090455e+02
8.300000e-07	1.362403e-07	-2.841259e-09	9.789163e-01	-1.879088e+02
8.400000e-07	2.876901e-07	-2.501421e-09	2.067117e+00	-1.658288e+02
8.500000e-07	4.390153e-07	-2.147165e-09	3.154421e+00	-1.426798e+02
8.600000e-07	5.902395e-07	-1.776975e-09	4.241000e+00	-1.183457e+02
8.700000e-07	7.413489e-07	-1.389218e-09	5.326755e+00	-9.273527e+01
8.800000e-07	8.922275e-07	-9.854779e-10	6.410851e+00	-6.579697e+01
8.900000e-07	1.042805e-06	-5.627970e-10	7.492780e+00	-3.753210e+01
9.000000e-07	1.193065e-06	-1.185819e-10	8.572436e+00	-8.004352e+00
9.100000e-07	1.342946e-06	3.454191e-10	9.649361e+00	2.265550e+01
9.200000e-07	1.492328e-06	8.260149e-10	1.072270e+01	5.425064e+01
9.300000e-07	1.641146e-06	1.320166e-09	1.179200e+01	8.652508e+01
9.400000e-07	1.789399e-06	1.823204e-09	1.285722e+01	1.191761e+02
9.500000e-07	1.937008e-06	2.326633e-09	1.391783e+01	1.518711e+02
9.600000e-07	2.083857e-06	2.825899e-09	1.497297e+01	1.842672e+02
9.700000e-07	2.229926e-06	3.311295e-09	1.602251e+01	2.160324e+02
9.800000e-07	2.375153e-06	3.777913e-09	1.706599e+01	2.468650e+02
9.900000e-07	2.519464e-06	4.222551e-09	1.810290e+01	2.765107e+02
1.000000e-06	2.662820e-06	4.645827e-09	1.913295e+01	3.047753e+02
1.010000e-06	2.805192e-06	5.045782e-09	2.015592e+01	3.315318e+02
1.020000e-06	2.946463e-06	5.421415e-09	2.117098e+01	3.567216e+02
1.030000e-06	3.086429e-06	5.779073e-09	2.217667e+01	3.803501e+02
1.040000e-06	3.225143e-06	6.115868e-09	2.317336e+01	4.024775e+02
1.050000e-06	3.362668e-06	6.433952e-09	2.416151e+01	4.232059e+02
1.060000e-06	3.498950e-06	6.732982e-09	2.514073e+01	4.426642e+02
1.070000e-06	3.633888e-06	7.015732e-09	2.611029e+01	4.609930e+02
1.080000e-06	3.767494e-06	7.283054e-09	2.707027e+01	4.783308e+02
1.090000e-06	3.899758e-06	7.534612e-09	2.802062e+01	4.948025e+02
1.100000e-06	4.030557e-06	7.776259e-09	2.896044e+01	5.105116e+02
1.110000e-06	4.159944e-06	8.007546e-09	2.989011e+01	5.255363e+02
1.120000e-06	4.287938e-06	8.226784e-09	3.080978e+01	5.399293e+02
1.130000e-06	4.414453e-06	8.432708e-09	3.171882e+01	5.537211e+02
1.140000e-06	4.539494e-06	8.626715e-09	3.261726e+01	5.669253e+02
1.150000e-06	4.662926e-06	8.813438e-09	3.350415e+01	5.795455e+02
1.160000e-06	4.784684e-06	8.993955e-09	3.437900e+01	5.915818e+02
1.170000e-06	4.904804e-06	9.167262e-09	3.524209e+01	6.030373e+02
1.180000e-06	5.023094e-06	9.333739e-09	3.609203e+01	6.139219e+02
1.190000e-06	5.139423e-06	9.493605e-09	3.692788e+01	6.242547e+02
1.200000e-06	5.253758e-06	9.645033e-09	3.774940e+01	6.340643e+02
1.210000e-06	5.366124e-06	9.789856e-09	3.855678e+01	6.433870e+02
1.220000e-06	5.476569e-06	9.928204e-09	3.935035e+01	6.522632e+02
1.230000e-06	5.585095e-06	1.006016e-08	4.013014e+01	6.607341e+02
1.240000e-06	5.691592e-06	1.018607e-08	4.089534e+01	6.688378e+02
1.250000e-06	5.795991e-06	1.030536e-08	4.164547e+01	6.766060e+02
1.260000e-06	5.898298e-06	1.041848e-08	4.238057e+01	6.840622e+02
1.270000e-06	5.998458e-06	1.052598e-08	4.310024e+01	6.912213e+02
1.280000e-06	6.096340e-06	1.062866e-08	4.380354e+01	6.980902e+02
1.290000e-06	6.191906e-06	1.072725e-08	4.449021e+01	7.046701e+02
1.300000e-06	6.285304e-06	1.082199e-08	4.516129e+01	7.109593e+02
1.310000e-06	6.376431e-06	1.091305e-08	4.581606e+01	7.169559e+02
1.320000e-06	6.465190e-06	1.100127e-08	4.645381e+01	7.226609e+02
1.330000e-06	6.551686e-06	1.108258e-08	4.707530e+01	7.280797e+02
1.340000e-06	6.635930e-06	1.115841e-08	4.768062e+01	7.332235e+02
1.350000e-06	6.717805e-06	1.123132e-08	4.826890e+01	7.381087e+02
1.360000e-06	6.797181e-06	1.130275e-08	4.883924e+01	7.427552e+02
1.370000e-06	6.874023e-06	1.137335e-08	4.939137e+01	7.471851e+02
1.380000e-06	6.948279e-06	1.144088e-08	4.992491e+01	7.514193e+02
1.390000e-06	7.019964e-06	1.150446e-08	5.043998e+01	7.554751e+02
1.400000e-06	7.089198e-06	1.156435e-08	5.093745e+01	7.593648e+02
1.410000e-06	7.155907e-06	1.162093e-08	5.141676e+01	7.630935e+02
1.420000e-06	7.219983e-06	1.167415e-08	5.187716e+01	7.666595e+02
1.430000e-06	7.281559e-06	1.172326e-08	5.231960e+01	7.700553e+02
1.440000e-06	7.340679e-06	1.176890e-08	5.274439e+01	7.732688e+02
1.450000e-06	7.397220e-06	1.181251e-08	5.315065e+01	7.762861e+02
1.460000e-06	7.451082e-06	1.185347e-08	5.353766e+01	7.790942e+02
1.470000e-06	7.501952e-06	1.189141e-08	5.390317e+01	7.816832e+02
1.480000e-06	7.549772e-06	1.192687e-08	5.424677e+01	7.840487e+02
1.490000e-06	7.594939e-06	1.196016e-08	5.457130e+01	7.861925e+02
1.500000e-06	7.637472e-06	1.199057e-08	5.487692e+01	7.881230e+02
1.510000e-06	7.677159e-06	1.201875e-08	5.516207e+01	7.898540e+02
1.520000e-06	7.714141e-06	1.204444e-08	5.542780e+01	7.914038e+02
1.530000e-06	7.748485e-06	1.206681e-08	5.567457e+01	7.927921e+02
1.540000e-06	7.780003e-06	1.208624e-08	5.590103e+01	7.940382e+02
1.550000e-06	7.808770e-06	1.210383e-08	5.610773e+01	7.951583e+02
1.560000e-06	7.834737e-06	1.212024e-08	5.629431e+01	7.961642e+02
1.570000e-06	7.857771e-06	1.213406e-08	5.645981e+01	7.970617e+02
1.580000e-06	7.878109e-06	1.214640e-08	5.660595e+01	7.978510e+02
1.590000e-06	7.895707e-06	1.215691e-08	5.673239e+01	7.985269e+02
1.600000e-06	7.910315e-06	1.216546e-08	5.683735e+01	7.990803e+02
1.610000e-06	7.921873e-06	1.217273e-08	5.692040e+01	7.995001e+02
1.620000e-06	7.930356e-06	1.217747e-08	5.698135e+01	7.997754e+02
1.630000e-06	7.935936e-06	1.218054e-08	5.702144e+01	7.998970e+02
1.640000e-06	7.938727e-06	1.218212e-08	5.704150e+01	7.998596e+02
1.650000e-06	7.938680e-06	1.218347e-08	5.704116e+01	7.996620e+02
1.660000e-06	7.935952e-06	1.217659e-08	5.702156e+01	7.993084e+02
1.670000e-06	7.930617e-06	1.216732e-08	5.698322e+01	7.988072e+02
1.680000e-06	7.922640e-06	1.215996e-08	5.692591e+01	7.981707e+02
1.690000e-06	7.912030e-06	1.214987e-08	5.684967e+01	7.974137e+02
1.700000e-06	7.898599e-06	1.213873e-08	5.675317e+01	7.965521e+02
1.710000e-06	7.882472e-06	1.212843e-08	5.663729e+01	7.956012e+02
1.720000e-06	7.864039e-06	1.211539e-08	5.650485e+01	7.945748e+02
1.730000e-06	7.843327e-06	1.208531e-08	5.635603e+01	7.934838e+02
1.740000e-06	7.819786e-06	1.198342e-08	5.618688e+01	7.923359e+02
1.750000e-06	7.792768e-06	1.198709e-08	5.599275e+01	7.911352e+02
1.760000e-06	7.762153e-06	1.202233e-08	5.577277e+01	7.898820e+02
1.770000e-06	7.728556e-06	1.199170e-08	5.553137e+01	7.885730e+02
1.780000e-06	7.692673e-06	1.197127e-08	5.527354e+01	7.872016e+02
1.790000e-06	7.654546e-06	1.202279e-08	5.499960e+01	7.857582e+02
1.800000e-06	7.614298e-06	1.198777e-08	5.471040e+01	7.842306e+02
1.810000e-06	7.571935e-06	1.187267e-08	5.440602e+01	7.826039e+02
1.820000e-06	7.526985e-06	1.200433e-08	5.408304e+01	7.808615e+02
1.830000e-06	7.479357e-06	1.192234e-08	5.374082e+01	7.789853e+02
1.840000e-06	7.428924e-06	1.190348e-08	5.337845e+01	7.769564e+02
1.850000e-06	7.375497e-06	1.189349e-08	5.299457e+01	7.747564e+02
1.860000e-06	7.319276e-06	1.174593e-08	5.259060e+01	7.723680e+02
1.870000e-06	7.260394e-06	1.180700e-08	5.216753e+01	7.697767e+02
1.880000e-06	7.198917e-06	1.169038e-08	5.172580e+01	7.669721e+02
1.890000e-06	7.134699e-06	1.169832e-08	5.126438e+01	7.639488e+02
1.900000e-06	7.067713e-06	1.167654e-08	5.078307e+01	7.607072e+02
1.910000e-06	6.997969e-06	1.154846e-08	5.028195e+01	7.572540e+02
1.920000e-06	6.925453e-06	1.154427e-08	4.976091e+01	7.536013e+02
1.930000e-06	6.850343e-06	1.145399e-08	4.922122e+01	7.497659e+02
1.940000e-06	6.772498e-06	1.144971e-08	4.866188e+01	7.457675e+02
1.950000e-06	6.691984e-06	1.133894e-08	4.808338e+01	7.416263e+02
1.960000e-06	6.609001e-06	1.127613e-08	4.748713e+01	7.373606e+02
1.970000e-06	6.523580e-06	1.124201e-08	4.687336e+01	7.329848e+02
1.980000e-06	6.435718e-06	1.111286e-08	4.624205e+01	7.285068e+02
1.990000e-06	6.345507e-06	1.108179e-08	4.559386e+01	7.239276e+02
2.000000e-06	6.253117e-06	1.099908e-08	4.493002e+01	7.192401e+02
2.010000e-06	6.158517e-06	1.094088e-08	4.425030e+01	7.144305e+02
2.020000e-06	6.061733e-06	1.083109e-08	4.355488e+01	7.094797e+02
2.030000e-06	5.962805e-06	1.075490e-08	4.284407e+01	7.043654e+02
2.040000e-06	5.861791e-06	1.069120e-08	4.211826e+01	6.990655e+02
2.050000e-06	5.758699e-06	1.059928e-08	4.137752e+01	6.935603e+02
2.060000e-06	5.653563e-06	1.050664e-08	4.062209e+01	6.878354e+02
2.070000e-06	5.546563e-06	1.040247e-08	3.985328e+01	6.818832e+02
2.080000e-06	5.437599e-06	1.032753e-08	3.907034e+01	6.757036e+02
2.090000e-06	5.326577e-06	1.021829e-08	3.827263e+01	6.693033e+02
2.100000e-06	5.213637e-06	1.013063e-08	3.746113e+01	6.626946e+02
2.110000e-06	5.098810e-06	1.003067e-08	3.663607e+01	6.558921e+02
2.120000e-06	4.981971e-06	9.923611e-09	3.579655e+01	6.489105e+02
2.130000e-06	4.863122e-06	9.795288e-09	3.494260e+01	6.417609e+02
2.140000e-06	4.742427e-06	9.685932e-09	3.407538e+01	6.344482e+02
2.150000e-06	4.620024e-06	9.586213e-09	3.319589e+01	6.269696e+02
2.160000e-06	4.495945e-06	9.469732e-09	3.230435e+01	6.193136e+02
2.170000e-06	4.370216e-06	9.344604e-09	3.140096e+01	6.114612e+02
2.180000e-06	4.242886e-06	9.217053e-09	3.048607e+01	6.033870e+02
2.190000e-06	4.113945e-06	9.095556e-09	2.955960e+01	5.950632e+02
2.200000e-06	3.983502e-06	8.958837e-09	2.862233e+01	5.864620e+02
2.210000e-06	3.851549e-06	8.824518e-09	2.767423e+01	5.775595e+02
2.220000e-06	3.718106e-06	8.682443e-09	2.671541e+01	5.683386e+02
2.230000e-06	3.583280e-06	8.534883e-09	2.574665e+01	5.587903e+02
2.240000e-06	3.447143e-06	8.379788e-09	2.476848e+01	5.489145e+02
2.250000e-06	3.309685e-06	8.230869e-09	2.378081e+01	5.387185e+02
2.260000e-06	3.170964e-06	8.077257e-09	2.278407e+01	5.282150e+02
2.270000e-06	3.031063e-06	7.913509e-09	2.177885e+01	5.174176e+02
2.280000e-06	2.889963e-06	7.743367e-09	2.076502e+01	5.063378e+02
2.290000e-06	2.747714e-06	7.574771e-09	1.974293e+01	4.949803e+02
2.300000e-06	2.604447e-06	7.403433e-09	1.871353e+01	4.833407e+02
2.310000e-06	2.460292e-06	7.222722e-09	1.767774e+01	4.714029e+02
2.320000e-06	2.315298e-06	7.033063e-09	1.663593e+01	4.591401e+02
2.330000e-06	2.169477e-06	6.831406e-09	1.558817e+01	4.465160e+02
2.340000e-06	2.022913e-06	6.623582e-09	1.453507e+01	4.334882e+02
2.350000e-06	1.875735e-06	6.414662e-09	1.347757e+01	4.200132e+02
2.360000e-06	1.727902e-06	6.207140e-09	1.241535e+01	4.060505e+02
2.370000e-06	1.579496e-06	5.989899e-09	1.134902e+01	3.915676e+02
2.380000e-06	1.430626e-06	5.760535e-09	1.027936e+01	3.765431e+02
2.390000e-06	1.281299e-06	5.523305e-09	9.206416e+00	3.609673e+02
2.400000e-06	1.131555e-06	5.278484e-09	8.130470e+00	3.448416e+02
2.410000e-06	9.814543e-07	5.026913e-09	7.051965e+00	3.281747e+02
2.420000e-06	8.310403e-07	4.768359e-09	5.971207e+00	3.109768e+02
2.430000e-06	6.803349e-07	4.497167e-09	4.888356e+00	2.932526e+02
2.440000e-06	5.293999e-07	4.213839e-09	3.803855e+00	2.749938e+02
2.450000e-06	3.783041e-07	3.924250e-09	2.718198e+00	2.561727e+02
2.460000e-06	2.270383e-07	3.628949e-09	1.631320e+00	2.367372e+02
2.470000e-06	7.558185e-08	3.322892e-09	5.430722e-01	2.166096e+02
2.480000e-06	-7.591780e-08	3.000355e-09	-5.454860e-01	1.956885e+02
2.490000e-06	-2.274202e-07	2.662910e-09	-1.634064e+00	1.738553e+02
2.500000e-06	-3.788899e-07	2.311950e-09	-2.722407e+00	1.509842e+02
2.510000e-06	-5.302047e-07	1.944252e-09	-3.809638e+00	1.269553e+02
2.520000e-06	-6.813320e-07	1.558902e-09	-4.895520e+00	1.016698e+02
2.530000e-06	-8.322403e-07	1.156943e-09	-5.979830e+00	7.506474e+01
2.540000e-06	-9.828542e-07	7.357746e-10	-7.062023e+00	4.712726e+01
2.550000e-06	-1.133088e-06	2.929795e-10	-8.141485e+00	1.790479e+01
2.560000e-06	-1.282888e-06	-1.661257e-10	-9.217832e+00	-1.248882e+01
2.570000e-06	-1.432206e-06	-6.396611e-10	-1.029072e+01	-4.387284e+01
2.580000e-06	-1.581075e-06	-1.131085e-09	-1.136037e+01	-7.600510e+01
2.590000e-06	-1.729482e-06	-1.637550e-09	-1.242671e+01	-1.085932e+02
2.600000e-06	-1.877276e-06	-2.149879e-09	-1.348864e+01	-1.413101e+02
2.610000e-06	-2.024363e-06	-2.657417e-09	-1.454549e+01	-1.738137e+02
2.620000e-06	-2.170667e-06	-3.152722e-09	-1.559672e+01	-2.057672e+02
2.630000e-06	-2.316146e-06	-3.630574e-09	-1.664202e+01	-2.368597e+02
2.640000e-06	-2.460798e-06	-4.086755e-09	-1.768138e+01	-2.668237e+02
2.650000e-06	-2.604406e-06	-4.519614e-09	-1.871323e+01	-2.954490e+02
2.660000e-06	-2.746821e-06	-4.927095e-09	-1.973651e+01	-3.225915e+02
2.670000e-06	-2.888129e-06	-5.311979e-09	-2.075184e+01	-3.481757e+02
2.680000e-06	-3.028332e-06	-5.675633e-09	-2.175923e+01	-3.721917e+02
2.690000e-06	-3.167369e-06	-6.017689e-09	-2.275824e+01	-3.946870e+02
2.700000e-06	-3.305234e-06	-6.342187e-09	-2.374883e+01	-4.157547e+02
2.710000e-06	-3.441884e-06	-6.648146e-09	-2.473069e+01	-4.355183e+02
2.720000e-06	-3.577111e-06	-6.936253e-09	-2.570233e+01	-4.541171e+02
2.730000e-06	-3.711004e-06	-7.209000e-09	-2.666438e+01	-4.716911e+02
2.740000e-06	-3.843701e-06	-7.466189e-09	-2.761784e+01	-4.883695e+02
2.750000e-06	-3.975020e-06	-7.712624e-09	-2.856140e+01	-5.042617e+02
2.760000e-06	-4.104947e-06	-7.949498e-09	-2.949495e+01	-5.194525e+02
2.770000e-06	-4.233490e-06	-8.173831e-09	-3.041856e+01	-5.340006e+02
2.780000e-06	-4.360458e-06	-8.386520e-09	-3.133085e+01	-5.479417e+02
2.790000e-06	-4.485938e-06	-8.587700e-09	-3.223245e+01	-5.612930e+02
2.800000e-06	-4.609984e-06	-8.777351e-09	-3.312375e+01	-5.740600e+02
2.810000e-06	-4.732382e-06	-8.958095e-09	-3.400320e+01	-5.862431e+02
2.820000e-06	-4.853025e-06	-9.133445e-09	-3.487005e+01	-5.978440e+02
2.830000e-06	-4.971791e-06	-9.302167e-09	-3.572341e+01	-6.088707e+02
2.840000e-06	-5.088620e-06	-9.463289e-09	-3.656285e+01	-6.193400e+02
2.850000e-06	-5.203359e-06	-9.617608e-09	-3.738728e+01	-6.292781e+02
2.860000e-06	-5.315961e-06	-9.765665e-09	-3.819635e+01	-6.387196e+02
2.870000e-06	-5.426548e-06	-9.905616e-09	-3.899094e+01	-6.477044e+02
2.880000e-06	-5.535209e-06	-1.003721e-08	-3.977169e+01	-6.562737e+02
2.890000e-06	-5.641994e-06	-1.016303e-08	-4.053897e+01	-6.644668e+02
2.900000e-06	-5.746785e-06	-1.028258e-08	-4.129191e+01	-6.723171e+02
2.910000e-06	-5.849376e-06	-1.039519e-08	-4.202905e+01	-6.798505e+02
2.920000e-06	-5.949781e-06	-1.050287e-08	-4.275048e+01	-6.870837e+02
2.930000e-06	-6.048131e-06	-1.060961e-08	-4.345715e+01	-6.940257e+02
2.940000e-06	-6.144310e-06	-1.071294e-08	-4.414821e+01	-7.006789e+02
2.950000e-06	-6.238214e-06	-1.080900e-08	-4.482294e+01	-7.070418e+02
2.960000e-06	-6.329861e-06	-1.089859e-08	-4.548144e+01	-7.131124e+02
2.970000e-06	-6.419293e-06	-1.098462e-08	-4.612403e+01	-7.188908e+02
2.980000e-06	-6.506388e-06	-1.106709e-08	-4.674983e+01	-7.243812e+02
2.990000e-06	-6.591104e-06	-1.114600e-08	-4.735853e+01	-7.295933e+02
3.000000e-06	-6.673537e-06	-1.122217e-08	-4.795083e+01	-7.345421e+02
3.010000e-06	-6.753596e-06	-1.129660e-08	-4.852607e+01	-7.392472e+02
3.020000e-06	-6.831034e-06	-1.136845e-08	-4.908248e+01	-7.437300e+02
3.030000e-06	-6.905746e-06	-1.143662e-08	-4.961930e+01	-7.480121e+02
3.040000e-06	-6.977987e-06	-1.150141e-08	-5.013837e+01	-7.521120e+02
3.050000e-06	-7.047726e-06	-1.156130e-08	-5.063946e+01	-7.560433e+02
3.060000e-06	-7.114917e-06	-1.161739e-08	-5.112224e+01	-7.598129e+02
3.070000e-06	-7.179707e-06	-1.166974e-08	-5.158777e+01	-7.634210e+02
3.080000e-06	-7.241929e-06	-1.172044e-08	-5.203485e+01	-7.668612e+02
3.090000e-06	-7.301474e-06	-1.177053e-08	-5.246269e+01	-7.701223e+02
3.100000e-06	-7.358458e-06	-1.181787e-08	-5.287214e+01	-7.731908e+02
3.110000e-06	-7.412724e-06	-1.186185e-08	-5.326205e+01	-7.760531e+02
3.120000e-06	-7.464023e-06	-1.189959e-08	-5.363064e+01	-7.786984e+02
3.130000e-06	-7.512273e-06	-1.193634e-08	-5.397733e+01	-7.811208e+02
3.140000e-06	-7.557755e-06	-1.197297e-08	-5.430413e+01	-7.833203e+02
3.150000e-06	-7.600786e-06	-1.200518e-08	-5.461332e+01	-7.853038e+02
3.160000e-06	-7.641290e-06	-1.203410e-08	-5.490435e+01	-7.870840e+02
3.170000e-06	-7.679094e-06	-1.205844e-08	-5.517598e+01	-7.886781e+02
3.180000e-06	-7.714212e-06	-1.208045e-08	-5.542831e+01	-7.901057e+02
3.190000e-06	-7.746651e-06	-1.209954e-08	-5.566139e+01	-7.913865e+02
3.200000e-06	-7.776166e-06	-1.211672e-08	-5.587346e+01	-7.925377e+02
3.210000e-06	-7.802833e-06	-1.213126e-08	-5.606507e+01	-7.935721e+02
3.220000e-06	-7.826736e-06	-1.214392e-08	-5.623682e+01	-7.944974e+02
3.230000e-06	-7.847744e-06	-1.215505e-08	-5.638777e+01	-7.953149e+02
3.240000e-06	-7.866017e-06	-1.216445e-08	-5.651906e+01	-7.960206e+02
3.250000e-06	-7.881525e-06	-1.217316e-08	-5.663049e+01	-7.966065e+02
3.260000e-06	-7.893906e-06	-1.217913e-08	-5.671945e+01	-7.970616e+02
3.270000e-06	-7.903222e-06	-1.218077e-08	-5.678638e+01	-7.973748e+02
3.280000e-06	-7.909655e-06	-1.217919e-08	-5.683261e+01	-7.975364e+02
3.290000e-06	-7.913248e-06	-1.217591e-08	-5.685842e+01	-7.975398e+02
3.300000e-06	-7.914124e-06	-1.216993e-08	-5.686472e+01	-7.973830e+02
