# Temperatura_=_41.76
# Concentracion g/m^3_=_10000.0
# C_Vs_to_Am_M_A/Vsm_=_65563218390.804596
# pendiente_HvsI_1/m_=_3716.3
# ordenada_HvsI_A/m_=_1297.0
# frecuencia_Hz_=_302552.10137375415

Tiempo_(s)	Campo_(V.s)	Magnetizacion_(V.s)	Campo_(kA/m)	Magnetizacion_(A/m)
0.000000e+00	-7.934863e-06	-1.111645e-08	-5.685239e+01	-7.295347e+02
1.000000e-08	-7.931481e-06	-1.111710e-08	-5.682815e+01	-7.291897e+02
2.000000e-08	-7.925524e-06	-1.111246e-08	-5.678547e+01	-7.287329e+02
3.000000e-08	-7.916935e-06	-1.110709e-08	-5.672394e+01	-7.281798e+02
4.000000e-08	-7.905487e-06	-1.110232e-08	-5.664191e+01	-7.275465e+02
5.000000e-08	-7.891059e-06	-1.109363e-08	-5.653854e+01	-7.268480e+02
6.000000e-08	-7.873796e-06	-1.108122e-08	-5.641485e+01	-7.260958e+02
7.000000e-08	-7.854216e-06	-1.107043e-08	-5.627456e+01	-7.252970e+02
8.000000e-08	-7.832401e-06	-1.106205e-08	-5.611826e+01	-7.244534e+02
9.000000e-08	-7.807708e-06	-1.108780e-08	-5.594134e+01	-7.235618e+02
1.000000e-07	-7.779756e-06	-1.108236e-08	-5.574106e+01	-7.226143e+02
1.100000e-07	-7.748786e-06	-1.102213e-08	-5.551917e+01	-7.215998e+02
1.200000e-07	-7.715000e-06	-1.098687e-08	-5.527709e+01	-7.205057e+02
1.300000e-07	-7.678555e-06	-1.096413e-08	-5.501597e+01	-7.193189e+02
1.400000e-07	-7.639804e-06	-1.092704e-08	-5.473832e+01	-7.180279e+02
1.500000e-07	-7.598874e-06	-1.086966e-08	-5.444506e+01	-7.166234e+02
1.600000e-07	-7.555609e-06	-1.087773e-08	-5.413507e+01	-7.150986e+02
1.700000e-07	-7.509677e-06	-1.090953e-08	-5.380598e+01	-7.134499e+02
1.800000e-07	-7.460971e-06	-1.079594e-08	-5.345700e+01	-7.116757e+02
1.900000e-07	-7.409417e-06	-1.080836e-08	-5.308763e+01	-7.097760e+02
2.000000e-07	-7.354961e-06	-1.080695e-08	-5.269745e+01	-7.077514e+02
2.100000e-07	-7.297766e-06	-1.072554e-08	-5.228766e+01	-7.056023e+02
2.200000e-07	-7.237911e-06	-1.073374e-08	-5.185881e+01	-7.033284e+02
2.300000e-07	-7.175422e-06	-1.067465e-08	-5.141108e+01	-7.009281e+02
2.400000e-07	-7.110222e-06	-1.063410e-08	-5.094393e+01	-6.983991e+02
2.500000e-07	-7.042328e-06	-1.057364e-08	-5.045748e+01	-6.957384e+02
2.600000e-07	-6.971825e-06	-1.055048e-08	-4.995233e+01	-6.929433e+02
2.700000e-07	-6.898569e-06	-1.052514e-08	-4.942746e+01	-6.900120e+02
2.800000e-07	-6.822506e-06	-1.045641e-08	-4.888247e+01	-6.869439e+02
2.900000e-07	-6.743662e-06	-1.039668e-08	-4.831757e+01	-6.837403e+02
3.000000e-07	-6.662149e-06	-1.035009e-08	-4.773353e+01	-6.804040e+02
3.100000e-07	-6.578321e-06	-1.032748e-08	-4.713292e+01	-6.769390e+02
3.200000e-07	-6.492263e-06	-1.026209e-08	-4.651632e+01	-6.733494e+02
3.300000e-07	-6.403852e-06	-1.019944e-08	-4.588287e+01	-6.696387e+02
3.400000e-07	-6.313118e-06	-1.015511e-08	-4.523277e+01	-6.658083e+02
3.500000e-07	-6.220143e-06	-1.008864e-08	-4.456661e+01	-6.618572e+02
3.600000e-07	-6.124902e-06	-1.002474e-08	-4.388423e+01	-6.577810e+02
3.700000e-07	-6.027398e-06	-9.962911e-09	-4.318561e+01	-6.535722e+02
3.800000e-07	-5.927659e-06	-9.902230e-09	-4.247100e+01	-6.492205e+02
3.900000e-07	-5.825820e-06	-9.827567e-09	-4.174134e+01	-6.447140e+02
4.000000e-07	-5.721945e-06	-9.745850e-09	-4.099708e+01	-6.400404e+02
4.100000e-07	-5.616004e-06	-9.672945e-09	-4.023803e+01	-6.351887e+02
4.200000e-07	-5.508063e-06	-9.605084e-09	-3.946464e+01	-6.301501e+02
4.300000e-07	-5.398201e-06	-9.531025e-09	-3.867750e+01	-6.249194e+02
4.400000e-07	-5.286424e-06	-9.438768e-09	-3.787662e+01	-6.194952e+02
4.500000e-07	-5.172598e-06	-9.350208e-09	-3.706107e+01	-6.138797e+02
4.600000e-07	-5.056773e-06	-9.271714e-09	-3.623120e+01	-6.080777e+02
4.700000e-07	-4.939099e-06	-9.183048e-09	-3.538808e+01	-6.020953e+02
4.800000e-07	-4.819666e-06	-9.086685e-09	-3.453236e+01	-5.959376e+02
4.900000e-07	-4.698383e-06	-8.994307e-09	-3.366338e+01	-5.896075e+02
5.000000e-07	-4.575360e-06	-8.893434e-09	-3.278193e+01	-5.831038e+02
5.100000e-07	-4.450752e-06	-8.780407e-09	-3.188913e+01	-5.764201e+02
5.200000e-07	-4.324478e-06	-8.674985e-09	-3.098439e+01	-5.695450e+02
5.300000e-07	-4.196613e-06	-8.577956e-09	-3.006825e+01	-5.624621e+02
5.400000e-07	-4.067206e-06	-8.465963e-09	-2.914107e+01	-5.551516e+02
5.500000e-07	-3.936269e-06	-8.339278e-09	-2.820292e+01	-5.475925e+02
5.600000e-07	-3.803851e-06	-8.221113e-09	-2.725416e+01	-5.397644e+02
5.700000e-07	-3.670057e-06	-8.107084e-09	-2.629554e+01	-5.316499e+02
5.800000e-07	-3.534848e-06	-7.972993e-09	-2.532678e+01	-5.232358e+02
5.900000e-07	-3.398156e-06	-7.834694e-09	-2.434740e+01	-5.145147e+02
6.000000e-07	-3.260077e-06	-7.702911e-09	-2.335808e+01	-5.054842e+02
6.100000e-07	-3.120733e-06	-7.563265e-09	-2.235969e+01	-4.961462e+02
6.200000e-07	-2.980085e-06	-7.411623e-09	-2.135197e+01	-4.865048e+02
6.300000e-07	-2.838108e-06	-7.259727e-09	-2.033472e+01	-4.765635e+02
6.400000e-07	-2.694972e-06	-7.108553e-09	-1.930917e+01	-4.663233e+02
6.500000e-07	-2.550837e-06	-6.944630e-09	-1.827645e+01	-4.557791e+02
6.600000e-07	-2.405835e-06	-6.773257e-09	-1.723753e+01	-4.449189e+02
6.700000e-07	-2.260039e-06	-6.601443e-09	-1.619292e+01	-4.337230e+02
6.800000e-07	-2.113513e-06	-6.426447e-09	-1.514308e+01	-4.221644e+02
6.900000e-07	-1.966332e-06	-6.243131e-09	-1.408854e+01	-4.102107e+02
7.000000e-07	-1.818539e-06	-6.052930e-09	-1.302962e+01	-3.978275e+02
7.100000e-07	-1.670137e-06	-5.854909e-09	-1.196634e+01	-3.849811e+02
7.200000e-07	-1.521189e-06	-5.648684e-09	-1.089914e+01	-3.716423e+02
7.300000e-07	-1.371809e-06	-5.439921e-09	-9.828852e+00	-3.577889e+02
7.400000e-07	-1.222031e-06	-5.224819e-09	-8.755710e+00	-3.434073e+02
7.500000e-07	-1.071818e-06	-4.999963e-09	-7.679456e+00	-3.284924e+02
7.600000e-07	-9.211676e-07	-4.766716e-09	-6.600061e+00	-3.130455e+02
7.700000e-07	-7.701493e-07	-4.526670e-09	-5.518032e+00	-2.970703e+02
7.800000e-07	-6.188711e-07	-4.275907e-09	-4.434141e+00	-2.805682e+02
7.900000e-07	-4.674201e-07	-4.013853e-09	-3.349011e+00	-2.635326e+02
8.000000e-07	-3.158086e-07	-3.744876e-09	-2.262733e+00	-2.459430e+02
8.100000e-07	-1.640091e-07	-3.466672e-09	-1.175107e+00	-2.277612e+02
8.200000e-07	-1.209377e-08	-3.173264e-09	-8.665045e-02	-2.089290e+02
8.300000e-07	1.398384e-07	-2.868798e-09	1.001926e+00	-1.893690e+02
8.400000e-07	2.917216e-07	-2.556707e-09	2.090152e+00	-1.689882e+02
8.500000e-07	4.435478e-07	-2.230835e-09	3.177970e+00	-1.476857e+02
8.600000e-07	5.952631e-07	-1.889693e-09	4.264992e+00	-1.253622e+02
8.700000e-07	7.467703e-07	-1.533981e-09	5.350524e+00	-1.019326e+02
8.800000e-07	8.980416e-07	-1.164114e-09	6.434365e+00	-7.733811e+01
8.900000e-07	1.049037e-06	-7.748148e-10	7.516231e+00	-5.155885e+01
9.000000e-07	1.199680e-06	-3.650177e-10	8.595570e+00	-2.462379e+01
9.100000e-07	1.349817e-06	5.874324e-11	9.671283e+00	3.382506e+00
9.200000e-07	1.499400e-06	4.969187e-10	1.074303e+01	3.231754e+01
9.300000e-07	1.648506e-06	9.517541e-10	1.181136e+01	6.198350e+01
9.400000e-07	1.797108e-06	1.418757e-09	1.287607e+01	9.213485e+01
9.500000e-07	1.945022e-06	1.886052e-09	1.393586e+01	1.224905e+02
9.600000e-07	2.092192e-06	2.349404e-09	1.499032e+01	1.527492e+02
9.700000e-07	2.238710e-06	2.805574e-09	1.604010e+01	1.826076e+02
9.800000e-07	2.384473e-06	3.247899e-09	1.708448e+01	2.117777e+02
9.900000e-07	2.529319e-06	3.673445e-09	1.812228e+01	2.400040e+02
1.000000e-06	2.673160e-06	4.080482e-09	1.915289e+01	2.670769e+02
1.010000e-06	2.815914e-06	4.467865e-09	2.017570e+01	2.928425e+02
1.020000e-06	2.957549e-06	4.835835e-09	2.119050e+01	3.172076e+02
1.030000e-06	3.098003e-06	5.184350e-09	2.219684e+01	3.401385e+02
1.040000e-06	3.237231e-06	5.511850e-09	2.319439e+01	3.616562e+02
1.050000e-06	3.375188e-06	5.818815e-09	2.418284e+01	3.818268e+02
1.060000e-06	3.511784e-06	6.106148e-09	2.516153e+01	4.007494e+02
1.070000e-06	3.647006e-06	6.379281e-09	2.613038e+01	4.185424e+02
1.080000e-06	3.780921e-06	6.637427e-09	2.708987e+01	4.353303e+02
1.090000e-06	3.913513e-06	6.881736e-09	2.803987e+01	4.512317e+02
1.100000e-06	4.044707e-06	7.114669e-09	2.897986e+01	4.663503e+02
1.110000e-06	4.174480e-06	7.335408e-09	2.990967e+01	4.807687e+02
1.120000e-06	4.302751e-06	7.543309e-09	3.082872e+01	4.945463e+02
1.130000e-06	4.429508e-06	7.738900e-09	3.173692e+01	5.077204e+02
1.140000e-06	4.554788e-06	7.926756e-09	3.263454e+01	5.203097e+02
1.150000e-06	4.678519e-06	8.107652e-09	3.352105e+01	5.323200e+02
1.160000e-06	4.800655e-06	8.279823e-09	3.439614e+01	5.437510e+02
1.170000e-06	4.921059e-06	8.442285e-09	3.525882e+01	5.546021e+02
1.180000e-06	5.039611e-06	8.597382e-09	3.610823e+01	5.648781e+02
1.190000e-06	5.156277e-06	8.748266e-09	3.694413e+01	5.745922e+02
1.200000e-06	5.270981e-06	8.893122e-09	3.776598e+01	5.837680e+02
1.210000e-06	5.383627e-06	9.029197e-09	3.857307e+01	5.924384e+02
1.220000e-06	5.494230e-06	9.155431e-09	3.936553e+01	6.006438e+02
1.230000e-06	5.602899e-06	9.274614e-09	4.014413e+01	6.084284e+02
1.240000e-06	5.709616e-06	9.388374e-09	4.090875e+01	6.158365e+02
1.250000e-06	5.814253e-06	9.496800e-09	4.165846e+01	6.229085e+02
1.260000e-06	5.916781e-06	9.599446e-09	4.239306e+01	6.296777e+02
1.270000e-06	6.017177e-06	9.696191e-09	4.311238e+01	6.361691e+02
1.280000e-06	6.115300e-06	9.789627e-09	4.381542e+01	6.423984e+02
1.290000e-06	6.211080e-06	9.880056e-09	4.450167e+01	6.483729e+02
1.300000e-06	6.304649e-06	9.966812e-09	4.517209e+01	6.540940e+02
1.310000e-06	6.395982e-06	1.005106e-08	4.582648e+01	6.595593e+02
1.320000e-06	6.484919e-06	1.013166e-08	4.646371e+01	6.647657e+02
1.330000e-06	6.571520e-06	1.020543e-08	4.708419e+01	6.697120e+02
1.340000e-06	6.655895e-06	1.027380e-08	4.768872e+01	6.744006e+02
1.350000e-06	6.737996e-06	1.034045e-08	4.827697e+01	6.788387e+02
1.360000e-06	6.817615e-06	1.040693e-08	4.884743e+01	6.830377e+02
1.370000e-06	6.894733e-06	1.047080e-08	4.939997e+01	6.870126e+02
1.380000e-06	6.969254e-06	1.053019e-08	4.993391e+01	6.907798e+02
1.390000e-06	7.041080e-06	1.058547e-08	5.044853e+01	6.943554e+02
1.400000e-06	7.110444e-06	1.063863e-08	5.094552e+01	6.977528e+02
1.410000e-06	7.177348e-06	1.068958e-08	5.142488e+01	7.009814e+02
1.420000e-06	7.241608e-06	1.073659e-08	5.188529e+01	7.040457e+02
1.430000e-06	7.303346e-06	1.077776e-08	5.232764e+01	7.069453e+02
1.440000e-06	7.362621e-06	1.081424e-08	5.275234e+01	7.096757e+02
1.450000e-06	7.419273e-06	1.084908e-08	5.315824e+01	7.122302e+02
1.460000e-06	7.473211e-06	1.088249e-08	5.354470e+01	7.146018e+02
1.470000e-06	7.524187e-06	1.091458e-08	5.390994e+01	7.167848e+02
1.480000e-06	7.572093e-06	1.094517e-08	5.425318e+01	7.187774e+02
1.490000e-06	7.617275e-06	1.097489e-08	5.457691e+01	7.205822e+02
1.500000e-06	7.659846e-06	1.100245e-08	5.488192e+01	7.222072e+02
1.510000e-06	7.699639e-06	1.102732e-08	5.516704e+01	7.236645e+02
1.520000e-06	7.736712e-06	1.104870e-08	5.543266e+01	7.249700e+02
1.530000e-06	7.771092e-06	1.106632e-08	5.567898e+01	7.261407e+02
1.540000e-06	7.802665e-06	1.108188e-08	5.590520e+01	7.271931e+02
1.550000e-06	7.831494e-06	1.109615e-08	5.611176e+01	7.281410e+02
1.560000e-06	7.857491e-06	1.110994e-08	5.629803e+01	7.289939e+02
1.570000e-06	7.880561e-06	1.112206e-08	5.646332e+01	7.297561e+02
1.580000e-06	7.900942e-06	1.113321e-08	5.660935e+01	7.304262e+02
1.590000e-06	7.918522e-06	1.114190e-08	5.673530e+01	7.309983e+02
1.600000e-06	7.933084e-06	1.114823e-08	5.683964e+01	7.314632e+02
1.610000e-06	7.944601e-06	1.115565e-08	5.692216e+01	7.318102e+02
1.620000e-06	7.953011e-06	1.116194e-08	5.698241e+01	7.320295e+02
1.630000e-06	7.958525e-06	1.116562e-08	5.702192e+01	7.321141e+02
1.640000e-06	7.961258e-06	1.116586e-08	5.704150e+01	7.320611e+02
1.650000e-06	7.961152e-06	1.116400e-08	5.704075e+01	7.318731e+02
1.660000e-06	7.958410e-06	1.115421e-08	5.702110e+01	7.315575e+02
1.670000e-06	7.953027e-06	1.114366e-08	5.698253e+01	7.311265e+02
1.680000e-06	7.944953e-06	1.113846e-08	5.692468e+01	7.305951e+02
1.690000e-06	7.934268e-06	1.113251e-08	5.684812e+01	7.299797e+02
1.700000e-06	7.920754e-06	1.112440e-08	5.675130e+01	7.292955e+02
1.710000e-06	7.904529e-06	1.111537e-08	5.663505e+01	7.285551e+02
1.720000e-06	7.885975e-06	1.110207e-08	5.650211e+01	7.277668e+02
1.730000e-06	7.865060e-06	1.106901e-08	5.635226e+01	7.269337e+02
1.740000e-06	7.841311e-06	1.099354e-08	5.618210e+01	7.260539e+02
1.750000e-06	7.814167e-06	1.100100e-08	5.598761e+01	7.251205e+02
1.760000e-06	7.783463e-06	1.102347e-08	5.576762e+01	7.241232e+02
1.770000e-06	7.749796e-06	1.099719e-08	5.552640e+01	7.230494e+02
1.780000e-06	7.713832e-06	1.099038e-08	5.526872e+01	7.218862e+02
1.790000e-06	7.675561e-06	1.104471e-08	5.499452e+01	7.206215e+02
1.800000e-06	7.635177e-06	1.101265e-08	5.470517e+01	7.192453e+02
1.810000e-06	7.592647e-06	1.091123e-08	5.440045e+01	7.177503e+02
1.820000e-06	7.547476e-06	1.098594e-08	5.407680e+01	7.161320e+02
1.830000e-06	7.499667e-06	1.090800e-08	5.373426e+01	7.143885e+02
1.840000e-06	7.449034e-06	1.088652e-08	5.337148e+01	7.125193e+02
1.850000e-06	7.395376e-06	1.087849e-08	5.298702e+01	7.105251e+02
1.860000e-06	7.338957e-06	1.077558e-08	5.258278e+01	7.084064e+02
1.870000e-06	7.279922e-06	1.079606e-08	5.215981e+01	7.061630e+02
1.880000e-06	7.218264e-06	1.069820e-08	5.171803e+01	7.037937e+02
1.890000e-06	7.153800e-06	1.071062e-08	5.125616e+01	7.012964e+02
1.900000e-06	7.086531e-06	1.069862e-08	5.077418e+01	6.986681e+02
1.910000e-06	7.016513e-06	1.059959e-08	5.027251e+01	6.959061e+02
1.920000e-06	6.943737e-06	1.058251e-08	4.975108e+01	6.930081e+02
1.930000e-06	6.868365e-06	1.051825e-08	4.921105e+01	6.899734e+02
1.940000e-06	6.790241e-06	1.050716e-08	4.865130e+01	6.868028e+02
1.950000e-06	6.709445e-06	1.043428e-08	4.807240e+01	6.834986e+02
1.960000e-06	6.626213e-06	1.038156e-08	4.747606e+01	6.800646e+02
1.970000e-06	6.540505e-06	1.033489e-08	4.686197e+01	6.765050e+02
1.980000e-06	6.452387e-06	1.023747e-08	4.623062e+01	6.728235e+02
1.990000e-06	6.361978e-06	1.020101e-08	4.558284e+01	6.690222e+02
2.000000e-06	6.269356e-06	1.014602e-08	4.491922e+01	6.651008e+02
2.010000e-06	6.174462e-06	1.010619e-08	4.423932e+01	6.610557e+02
2.020000e-06	6.077321e-06	1.001712e-08	4.354331e+01	6.568802e+02
2.030000e-06	5.977998e-06	9.942355e-09	4.283167e+01	6.525645e+02
2.040000e-06	5.876561e-06	9.878885e-09	4.210489e+01	6.480971e+02
2.050000e-06	5.773035e-06	9.813099e-09	4.136314e+01	6.434657e+02
2.060000e-06	5.667523e-06	9.745537e-09	4.060716e+01	6.386586e+02
2.070000e-06	5.560124e-06	9.654988e-09	3.983765e+01	6.336666e+02
2.080000e-06	5.450775e-06	9.583874e-09	3.905418e+01	6.284834e+02
2.090000e-06	5.339444e-06	9.496453e-09	3.825650e+01	6.231067e+02
2.100000e-06	5.226123e-06	9.413782e-09	3.744457e+01	6.175380e+02
2.110000e-06	5.110809e-06	9.336184e-09	3.661836e+01	6.117813e+02
2.120000e-06	4.993405e-06	9.253816e-09	3.577718e+01	6.058426e+02
2.130000e-06	4.874054e-06	9.142092e-09	3.492204e+01	5.997276e+02
2.140000e-06	4.752970e-06	9.036166e-09	3.405449e+01	5.934398e+02
2.150000e-06	4.630212e-06	8.949205e-09	3.317494e+01	5.869791e+02
2.160000e-06	4.505761e-06	8.860595e-09	3.228326e+01	5.803405e+02
2.170000e-06	4.379608e-06	8.751580e-09	3.137939e+01	5.735139e+02
2.180000e-06	4.251861e-06	8.633034e-09	3.046410e+01	5.664838e+02
2.190000e-06	4.122583e-06	8.524809e-09	2.953784e+01	5.592315e+02
2.200000e-06	3.991776e-06	8.408154e-09	2.860062e+01	5.517357e+02
2.210000e-06	3.859438e-06	8.292141e-09	2.765243e+01	5.439759e+02
2.220000e-06	3.725596e-06	8.178275e-09	2.669347e+01	5.359336e+02
2.230000e-06	3.590380e-06	8.052069e-09	2.572466e+01	5.275946e+02
2.240000e-06	3.453937e-06	7.906342e-09	2.474706e+01	5.189499e+02
2.250000e-06	3.316145e-06	7.763919e-09	2.375980e+01	5.099960e+02
2.260000e-06	3.177000e-06	7.631824e-09	2.276284e+01	5.007337e+02
2.270000e-06	3.036641e-06	7.496577e-09	2.175718e+01	4.911670e+02
2.280000e-06	2.895110e-06	7.345055e-09	2.074314e+01	4.812997e+02
2.290000e-06	2.752417e-06	7.187805e-09	1.972075e+01	4.711336e+02
2.300000e-06	2.608670e-06	7.030720e-09	1.869082e+01	4.606655e+02
2.310000e-06	2.464025e-06	6.869544e-09	1.765446e+01	4.498851e+02
2.320000e-06	2.318581e-06	6.702889e-09	1.661237e+01	4.387746e+02
2.330000e-06	2.172412e-06	6.524216e-09	1.556508e+01	4.273087e+02
2.340000e-06	2.025521e-06	6.333588e-09	1.451263e+01	4.154563e+02
2.350000e-06	1.877931e-06	6.138713e-09	1.345516e+01	4.031830e+02
2.360000e-06	1.729694e-06	5.947103e-09	1.239306e+01	3.904546e+02
2.370000e-06	1.580839e-06	5.753012e-09	1.132653e+01	3.772404e+02
2.380000e-06	1.431444e-06	5.548622e-09	1.025613e+01	3.635165e+02
2.390000e-06	1.281648e-06	5.331341e-09	9.182861e+00	3.492670e+02
2.400000e-06	1.131497e-06	5.103251e-09	8.107046e+00	3.344848e+02
2.410000e-06	9.809481e-07	4.867800e-09	7.028381e+00	3.191698e+02
2.420000e-06	8.300293e-07	4.629778e-09	5.947065e+00	3.033255e+02
2.430000e-06	6.788580e-07	4.384658e-09	4.863940e+00	2.869547e+02
2.440000e-06	5.274676e-07	4.124540e-09	3.779245e+00	2.700529e+02
2.450000e-06	3.758845e-07	3.854130e-09	2.693169e+00	2.526039e+02
2.460000e-06	2.241130e-07	3.578261e-09	1.605744e+00	2.345740e+02
2.470000e-06	7.221843e-08	3.296042e-09	5.174368e-01	2.159102e+02
2.480000e-06	-7.968995e-08	3.001695e-09	-5.709694e-01	1.965396e+02
2.490000e-06	-2.315914e-07	2.692323e-09	-1.659326e+00	1.763725e+02
2.500000e-06	-3.834366e-07	2.369504e-09	-2.747279e+00	1.553092e+02
2.510000e-06	-5.351646e-07	2.031455e-09	-3.834393e+00	1.332490e+02
2.520000e-06	-6.867360e-07	1.677668e-09	-4.920385e+00	1.101019e+02
2.530000e-06	-8.380888e-07	1.308365e-09	-6.004811e+00	8.580144e+01
2.540000e-06	-9.891566e-07	9.215862e-10	-7.087194e+00	6.031694e+01
2.550000e-06	-1.139852e-06	5.178664e-10	-8.166906e+00	3.366439e+01
2.560000e-06	-1.290127e-06	9.915182e-11	-9.243613e+00	5.914027e+00
2.570000e-06	-1.439973e-06	-3.319821e-10	-1.031724e+01	-2.280607e+01
2.580000e-06	-1.589333e-06	-7.769902e-10	-1.138739e+01	-5.231139e+01
2.590000e-06	-1.738091e-06	-1.236975e-09	-1.245322e+01	-8.236737e+01
2.600000e-06	-1.886166e-06	-1.707744e-09	-1.351417e+01	-1.127004e+02
2.610000e-06	-2.033494e-06	-2.180775e-09	-1.456975e+01	-1.430129e+02
2.620000e-06	-2.180040e-06	-2.647205e-09	-1.561974e+01	-1.730000e+02
2.630000e-06	-2.325795e-06	-3.100010e-09	-1.666405e+01	-2.023685e+02
2.640000e-06	-2.470657e-06	-3.532734e-09	-1.770198e+01	-2.308531e+02
2.650000e-06	-2.614558e-06	-3.947021e-09	-1.873301e+01	-2.582318e+02
2.660000e-06	-2.757485e-06	-4.342996e-09	-1.975707e+01	-2.843362e+02
2.670000e-06	-2.899396e-06	-4.715989e-09	-2.077384e+01	-3.090576e+02
2.680000e-06	-3.040179e-06	-5.064702e-09	-2.178254e+01	-3.323478e+02
2.690000e-06	-3.179691e-06	-5.391669e-09	-2.278212e+01	-3.542150e+02
2.700000e-06	-3.317899e-06	-5.703886e-09	-2.377237e+01	-3.747149e+02
2.710000e-06	-3.454839e-06	-6.002395e-09	-2.475352e+01	-3.939397e+02
2.720000e-06	-3.590442e-06	-6.283785e-09	-2.572511e+01	-4.120042e+02
2.730000e-06	-3.724743e-06	-6.546982e-09	-2.668736e+01	-4.290326e+02
2.740000e-06	-3.857781e-06	-6.795061e-09	-2.764056e+01	-4.451459e+02
2.750000e-06	-3.989408e-06	-7.033991e-09	-2.858365e+01	-4.604524e+02
2.760000e-06	-4.119609e-06	-7.264574e-09	-2.951653e+01	-4.750401e+02
2.770000e-06	-4.248393e-06	-7.481676e-09	-3.043925e+01	-4.889744e+02
2.780000e-06	-4.375700e-06	-7.681042e-09	-3.135139e+01	-5.022978e+02
2.790000e-06	-4.501592e-06	-7.868287e-09	-3.225339e+01	-5.150330e+02
2.800000e-06	-4.625935e-06	-8.048074e-09	-3.314429e+01	-5.271888e+02
2.810000e-06	-4.748557e-06	-8.221430e-09	-3.402287e+01	-5.387655e+02
2.820000e-06	-4.869429e-06	-8.388296e-09	-3.488890e+01	-5.497622e+02
2.830000e-06	-4.988533e-06	-8.545589e-09	-3.574227e+01	-5.601819e+02
2.840000e-06	-5.105718e-06	-8.696226e-09	-3.658189e+01	-5.700354e+02
2.850000e-06	-5.220776e-06	-8.842606e-09	-3.740626e+01	-5.793438e+02
2.860000e-06	-5.333672e-06	-8.983491e-09	-3.821515e+01	-5.881377e+02
2.870000e-06	-5.444452e-06	-9.116205e-09	-3.900888e+01	-5.964561e+02
2.880000e-06	-5.553246e-06	-9.235603e-09	-3.978837e+01	-6.043425e+02
2.890000e-06	-5.660183e-06	-9.345575e-09	-4.055457e+01	-6.118415e+02
2.900000e-06	-5.765241e-06	-9.451300e-09	-4.130730e+01	-6.189948e+02
2.910000e-06	-5.868231e-06	-9.553589e-09	-4.204520e+01	-6.258378e+02
2.920000e-06	-5.968964e-06	-9.652669e-09	-4.276694e+01	-6.323976e+02
2.930000e-06	-6.067475e-06	-9.749732e-09	-4.347277e+01	-6.386922e+02
2.940000e-06	-6.163811e-06	-9.845959e-09	-4.416300e+01	-6.447309e+02
2.950000e-06	-6.257899e-06	-9.937568e-09	-4.483713e+01	-6.505162e+02
2.960000e-06	-6.349700e-06	-1.002107e-08	-4.549488e+01	-6.560466e+02
2.970000e-06	-6.439306e-06	-1.009817e-08	-4.613689e+01	-6.613187e+02
2.980000e-06	-6.526644e-06	-1.016997e-08	-4.676266e+01	-6.663307e+02
2.990000e-06	-6.611512e-06	-1.023777e-08	-4.737073e+01	-6.710840e+02
3.000000e-06	-6.694018e-06	-1.030471e-08	-4.796188e+01	-6.755846e+02
3.010000e-06	-6.774210e-06	-1.037272e-08	-4.853644e+01	-6.798428e+02
3.020000e-06	-6.851855e-06	-1.043933e-08	-4.909276e+01	-6.838730e+02
3.030000e-06	-6.926840e-06	-1.050042e-08	-4.963002e+01	-6.876913e+02
3.040000e-06	-6.999307e-06	-1.055738e-08	-5.014923e+01	-6.913142e+02
3.050000e-06	-7.069200e-06	-1.061042e-08	-5.065001e+01	-6.947559e+02
3.060000e-06	-7.136476e-06	-1.066024e-08	-5.113204e+01	-6.980268e+02
3.070000e-06	-7.201273e-06	-1.070614e-08	-5.159630e+01	-7.011328e+02
3.080000e-06	-7.263507e-06	-1.074850e-08	-5.204220e+01	-7.040746e+02
3.090000e-06	-7.323136e-06	-1.078932e-08	-5.246943e+01	-7.068487e+02
3.100000e-06	-7.380248e-06	-1.082832e-08	-5.287863e+01	-7.094487e+02
3.110000e-06	-7.434624e-06	-1.086489e-08	-5.326823e+01	-7.118673e+02
3.120000e-06	-7.486010e-06	-1.089709e-08	-5.363641e+01	-7.140986e+02
3.130000e-06	-7.534334e-06	-1.092875e-08	-5.398264e+01	-7.161395e+02
3.140000e-06	-7.579881e-06	-1.096016e-08	-5.430898e+01	-7.179915e+02
3.150000e-06	-7.622958e-06	-1.098777e-08	-5.461762e+01	-7.196612e+02
3.160000e-06	-7.663528e-06	-1.101226e-08	-5.490830e+01	-7.211598e+02
3.170000e-06	-7.701461e-06	-1.103272e-08	-5.518008e+01	-7.225025e+02
3.180000e-06	-7.736596e-06	-1.105029e-08	-5.543183e+01	-7.237060e+02
3.190000e-06	-7.768978e-06	-1.106483e-08	-5.566384e+01	-7.247873e+02
3.200000e-06	-7.798519e-06	-1.107825e-08	-5.587550e+01	-7.257610e+02
3.210000e-06	-7.825197e-06	-1.109132e-08	-5.606665e+01	-7.266379e+02
3.220000e-06	-7.849154e-06	-1.110342e-08	-5.623829e+01	-7.274234e+02
3.230000e-06	-7.870234e-06	-1.111193e-08	-5.638932e+01	-7.281177e+02
3.240000e-06	-7.888475e-06	-1.111740e-08	-5.652002e+01	-7.287159e+02
3.250000e-06	-7.903889e-06	-1.112216e-08	-5.663046e+01	-7.292093e+02
3.260000e-06	-7.916171e-06	-1.112695e-08	-5.671846e+01	-7.295875e+02
3.270000e-06	-7.925415e-06	-1.112992e-08	-5.678470e+01	-7.298403e+02
3.280000e-06	-7.931786e-06	-1.112931e-08	-5.683034e+01	-7.299598e+02
3.290000e-06	-7.935339e-06	-1.112611e-08	-5.685580e+01	-7.299420e+02
3.300000e-06	-7.936158e-06	-1.112084e-08	-5.686167e+01	-7.297879e+02
