# Temperatura_=_55.67
# Concentracion g/m^3_=_10000.0
# C_Vs_to_Am_M_A/Vsm_=_65563218390.804596
# pendiente_HvsI_1/m_=_3716.3
# ordenada_HvsI_A/m_=_1297.0
# frecuencia_Hz_=_302551.8064602893

Tiempo_(s)	Campo_(V.s)	Magnetizacion_(V.s)	Campo_(kA/m)	Magnetizacion_(A/m)
0.000000e+00	-7.927800e-06	-1.160085e-08	-5.685095e+01	-7.606182e+02
1.000000e-08	-7.924208e-06	-1.159893e-08	-5.682519e+01	-7.602251e+02
2.000000e-08	-7.918028e-06	-1.159248e-08	-5.678087e+01	-7.597058e+02
3.000000e-08	-7.909220e-06	-1.158579e-08	-5.671772e+01	-7.590738e+02
4.000000e-08	-7.897581e-06	-1.157856e-08	-5.663425e+01	-7.583441e+02
5.000000e-08	-7.882885e-06	-1.157071e-08	-5.652886e+01	-7.575311e+02
6.000000e-08	-7.865396e-06	-1.156184e-08	-5.640345e+01	-7.566471e+02
7.000000e-08	-7.845675e-06	-1.155050e-08	-5.626203e+01	-7.557016e+02
8.000000e-08	-7.823604e-06	-1.154200e-08	-5.610376e+01	-7.547001e+02
9.000000e-08	-7.798539e-06	-1.156112e-08	-5.592401e+01	-7.536443e+02
1.000000e-07	-7.770228e-06	-1.154147e-08	-5.572099e+01	-7.525320e+02
1.100000e-07	-7.739010e-06	-1.148707e-08	-5.549712e+01	-7.513577e+02
1.200000e-07	-7.705016e-06	-1.145244e-08	-5.525335e+01	-7.501138e+02
1.300000e-07	-7.668394e-06	-1.142479e-08	-5.499073e+01	-7.487908e+02
1.400000e-07	-7.629505e-06	-1.138853e-08	-5.471185e+01	-7.473783e+02
1.500000e-07	-7.588445e-06	-1.133890e-08	-5.441740e+01	-7.458659e+02
1.600000e-07	-7.544979e-06	-1.133902e-08	-5.410571e+01	-7.442430e+02
1.700000e-07	-7.498832e-06	-1.130677e-08	-5.377479e+01	-7.424994e+02
1.800000e-07	-7.449983e-06	-1.122569e-08	-5.342449e+01	-7.406252e+02
1.900000e-07	-7.398224e-06	-1.125795e-08	-5.305331e+01	-7.386113e+02
2.000000e-07	-7.343510e-06	-1.123235e-08	-5.266096e+01	-7.364489e+02
2.100000e-07	-7.286038e-06	-1.118842e-08	-5.224882e+01	-7.341303e+02
2.200000e-07	-7.225914e-06	-1.118809e-08	-5.181766e+01	-7.316489e+02
2.300000e-07	-7.163325e-06	-1.111690e-08	-5.136883e+01	-7.290003e+02
2.400000e-07	-7.098127e-06	-1.105110e-08	-5.090129e+01	-7.261819e+02
2.500000e-07	-7.030131e-06	-1.098572e-08	-5.041368e+01	-7.231945e+02
2.600000e-07	-6.959407e-06	-1.096134e-08	-4.990652e+01	-7.200413e+02
2.700000e-07	-6.885891e-06	-1.091220e-08	-4.937933e+01	-7.167289e+02
2.800000e-07	-6.809598e-06	-1.084978e-08	-4.883223e+01	-7.132659e+02
2.900000e-07	-6.730559e-06	-1.079638e-08	-4.826543e+01	-7.096627e+02
3.000000e-07	-6.648888e-06	-1.074197e-08	-4.767976e+01	-7.059295e+02
3.100000e-07	-6.564904e-06	-1.069807e-08	-4.707750e+01	-7.020757e+02
3.200000e-07	-6.478706e-06	-1.062879e-08	-4.645937e+01	-6.981079e+02
3.300000e-07	-6.390205e-06	-1.057570e-08	-4.582473e+01	-6.940289e+02
3.400000e-07	-6.299359e-06	-1.052541e-08	-4.517325e+01	-6.898369e+02
3.500000e-07	-6.206280e-06	-1.045985e-08	-4.450578e+01	-6.855253e+02
3.600000e-07	-6.110994e-06	-1.039068e-08	-4.382248e+01	-6.810832e+02
3.700000e-07	-6.013439e-06	-1.032047e-08	-4.312290e+01	-6.764965e+02
3.800000e-07	-5.913624e-06	-1.024232e-08	-4.240712e+01	-6.717492e+02
3.900000e-07	-5.811715e-06	-1.015469e-08	-4.167632e+01	-6.668260e+02
4.000000e-07	-5.707785e-06	-1.007711e-08	-4.093103e+01	-6.617133e+02
4.100000e-07	-5.601806e-06	-1.000097e-08	-4.017104e+01	-6.564015e+02
4.200000e-07	-5.493820e-06	-9.923896e-09	-3.939667e+01	-6.508859e+02
4.300000e-07	-5.383935e-06	-9.835839e-09	-3.860867e+01	-6.451666e+02
4.400000e-07	-5.272137e-06	-9.742638e-09	-3.780696e+01	-6.392485e+02
4.500000e-07	-5.158260e-06	-9.651094e-09	-3.699034e+01	-6.331397e+02
4.600000e-07	-5.042356e-06	-9.560639e-09	-3.615918e+01	-6.268494e+02
4.700000e-07	-4.924596e-06	-9.466917e-09	-3.531471e+01	-6.203860e+02
4.800000e-07	-4.805045e-06	-9.370701e-09	-3.445740e+01	-6.137544e+02
4.900000e-07	-4.683761e-06	-9.269105e-09	-3.358766e+01	-6.069546e+02
5.000000e-07	-4.560745e-06	-9.154335e-09	-3.270550e+01	-5.999800e+02
5.100000e-07	-4.436029e-06	-9.036149e-09	-3.181116e+01	-5.928179e+02
5.200000e-07	-4.309754e-06	-8.922243e-09	-3.090562e+01	-5.854496e+02
5.300000e-07	-4.181898e-06	-8.808662e-09	-2.998876e+01	-5.778525e+02
5.400000e-07	-4.052512e-06	-8.683533e-09	-2.906092e+01	-5.700026e+02
5.500000e-07	-3.921577e-06	-8.559075e-09	-2.812197e+01	-5.618768e+02
5.600000e-07	-3.789090e-06	-8.439706e-09	-2.717190e+01	-5.534562e+02
5.700000e-07	-3.655251e-06	-8.312532e-09	-2.621213e+01	-5.447273e+02
5.800000e-07	-3.519991e-06	-8.168500e-09	-2.524217e+01	-5.356840e+02
5.900000e-07	-3.383282e-06	-8.022888e-09	-2.426181e+01	-5.263268e+02
6.000000e-07	-3.245301e-06	-7.879635e-09	-2.327234e+01	-5.166620e+02
6.100000e-07	-3.106058e-06	-7.727744e-09	-2.227382e+01	-5.066992e+02
6.200000e-07	-2.965412e-06	-7.569448e-09	-2.126523e+01	-4.964482e+02
6.300000e-07	-2.823394e-06	-7.408885e-09	-2.024681e+01	-4.859155e+02
6.400000e-07	-2.680301e-06	-7.243446e-09	-1.922067e+01	-4.751011e+02
6.500000e-07	-2.536271e-06	-7.065569e-09	-1.818782e+01	-4.639967e+02
6.600000e-07	-2.391277e-06	-6.885307e-09	-1.714806e+01	-4.525838e+02
6.700000e-07	-2.245473e-06	-6.706915e-09	-1.610248e+01	-4.408346e+02
6.800000e-07	-2.098966e-06	-6.524363e-09	-1.505187e+01	-4.287139e+02
6.900000e-07	-1.951741e-06	-6.334896e-09	-1.399611e+01	-4.161822e+02
7.000000e-07	-1.803904e-06	-6.137813e-09	-1.293595e+01	-4.031994e+02
7.100000e-07	-1.655531e-06	-5.933196e-09	-1.187196e+01	-3.897297e+02
7.200000e-07	-1.506668e-06	-5.719542e-09	-1.080445e+01	-3.757444e+02
7.300000e-07	-1.357396e-06	-5.499798e-09	-9.734003e+00	-3.612251e+02
7.400000e-07	-1.207730e-06	-5.271326e-09	-8.660739e+00	-3.461639e+02
7.500000e-07	-1.057679e-06	-5.033664e-09	-7.584708e+00	-3.305619e+02
7.600000e-07	-9.072855e-07	-4.788375e-09	-6.506225e+00	-3.144261e+02
7.700000e-07	-7.565545e-07	-4.535551e-09	-5.425319e+00	-2.977635e+02
7.800000e-07	-6.054605e-07	-4.274134e-09	-4.341811e+00	-2.805754e+02
7.900000e-07	-4.540446e-07	-4.003784e-09	-3.255994e+00	-2.628501e+02
8.000000e-07	-3.024592e-07	-3.727015e-09	-2.168961e+00	-2.445580e+02
8.100000e-07	-1.508013e-07	-3.437671e-09	-1.081410e+00	-2.256470e+02
8.200000e-07	9.787610e-10	-3.131883e-09	7.018781e-03	-2.060428e+02
8.300000e-07	1.528493e-07	-2.813493e-09	1.096096e+00	-1.856502e+02
8.400000e-07	3.046649e-07	-2.485394e-09	2.184779e+00	-1.643602e+02
8.500000e-07	4.563537e-07	-2.143049e-09	3.272553e+00	-1.420594e+02
8.600000e-07	6.079591e-07	-1.784000e-09	4.359728e+00	-1.186417e+02
8.700000e-07	7.593740e-07	-1.409798e-09	5.445538e+00	-9.402278e+01
8.800000e-07	9.104969e-07	-1.021064e-09	6.529253e+00	-6.815305e+01
8.900000e-07	1.061311e-06	-6.154036e-10	7.610756e+00	-4.103037e+01
9.000000e-07	1.211735e-06	-1.890819e-10	8.689458e+00	-1.270905e+01
9.100000e-07	1.361682e-06	2.556975e-10	9.764745e+00	1.669518e+01
9.200000e-07	1.511131e-06	7.170741e-10	1.083645e+01	4.700524e+01
9.300000e-07	1.660109e-06	1.193193e-09	1.190479e+01	7.798828e+01
9.400000e-07	1.808541e-06	1.678257e-09	1.296921e+01	1.093662e+02
9.500000e-07	1.956338e-06	2.163340e-09	1.402907e+01	1.408306e+02
9.600000e-07	2.103391e-06	2.644332e-09	1.508360e+01	1.720605e+02
9.700000e-07	2.249654e-06	3.114405e-09	1.613247e+01	2.027414e+02
9.800000e-07	2.395110e-06	3.566413e-09	1.717555e+01	2.325839e+02
9.900000e-07	2.539669e-06	3.997956e-09	1.821219e+01	2.613398e+02
1.000000e-06	2.683288e-06	4.408422e-09	1.924210e+01	2.888147e+02
1.010000e-06	2.825881e-06	4.798844e-09	2.026464e+01	3.148756e+02
1.020000e-06	2.967350e-06	5.168415e-09	2.127913e+01	3.394531e+02
1.030000e-06	3.107611e-06	5.518616e-09	2.228495e+01	3.625388e+02
1.040000e-06	3.246596e-06	5.848432e-09	2.328162e+01	3.841772e+02
1.050000e-06	3.384314e-06	6.157566e-09	2.426921e+01	4.044545e+02
1.060000e-06	3.520697e-06	6.448894e-09	2.524723e+01	4.234856e+02
1.070000e-06	3.655665e-06	6.724828e-09	2.621510e+01	4.413993e+02
1.080000e-06	3.789347e-06	6.984651e-09	2.717374e+01	4.583254e+02
1.090000e-06	3.921776e-06	7.229365e-09	2.812340e+01	4.743838e+02
1.100000e-06	4.052753e-06	7.463785e-09	2.906265e+01	4.896759e+02
1.110000e-06	4.182251e-06	7.689450e-09	2.999129e+01	5.042802e+02
1.120000e-06	4.310274e-06	7.903732e-09	3.090935e+01	5.182515e+02
1.130000e-06	4.436750e-06	8.103244e-09	3.181633e+01	5.316230e+02
1.140000e-06	4.561776e-06	8.291516e-09	3.271290e+01	5.444105e+02
1.150000e-06	4.685295e-06	8.473202e-09	3.359866e+01	5.566190e+02
1.160000e-06	4.807115e-06	8.647595e-09	3.447224e+01	5.682488e+02
1.170000e-06	4.927222e-06	8.814549e-09	3.533354e+01	5.793013e+02
1.180000e-06	5.045537e-06	8.974150e-09	3.618199e+01	5.897838e+02
1.190000e-06	5.161952e-06	9.126016e-09	3.701681e+01	5.997119e+02
1.200000e-06	5.276343e-06	9.271203e-09	3.783712e+01	6.091109e+02
1.210000e-06	5.388640e-06	9.410005e-09	3.864241e+01	6.180139e+02
1.220000e-06	5.498995e-06	9.542594e-09	3.943378e+01	6.264599e+02
1.230000e-06	5.607548e-06	9.668320e-09	4.021222e+01	6.344904e+02
1.240000e-06	5.714108e-06	9.785961e-09	4.097637e+01	6.421453e+02
1.250000e-06	5.818483e-06	9.896263e-09	4.172485e+01	6.494606e+02
1.260000e-06	5.920743e-06	1.000058e-08	4.245817e+01	6.564650e+02
1.270000e-06	6.020889e-06	1.010043e-08	4.317633e+01	6.631800e+02
1.280000e-06	6.118706e-06	1.019623e-08	4.387778e+01	6.696189e+02
1.290000e-06	6.214087e-06	1.028881e-08	4.456176e+01	6.757889e+02
1.300000e-06	6.307284e-06	1.037727e-08	4.523009e+01	6.816928e+02
1.310000e-06	6.398358e-06	1.046257e-08	4.588318e+01	6.873313e+02
1.320000e-06	6.487102e-06	1.054562e-08	4.651958e+01	6.927058e+02
1.330000e-06	6.573471e-06	1.062399e-08	4.713894e+01	6.978200e+02
1.340000e-06	6.657569e-06	1.069700e-08	4.774201e+01	7.026811e+02
1.350000e-06	6.739330e-06	1.076561e-08	4.832832e+01	7.072999e+02
1.360000e-06	6.818580e-06	1.083214e-08	4.889663e+01	7.116903e+02
1.370000e-06	6.895305e-06	1.089759e-08	4.944684e+01	7.158675e+02
1.380000e-06	6.969420e-06	1.096113e-08	4.997832e+01	7.198465e+02
1.390000e-06	7.040929e-06	1.102102e-08	5.049112e+01	7.236400e+02
1.400000e-06	7.110022e-06	1.107729e-08	5.098659e+01	7.272569e+02
1.410000e-06	7.176599e-06	1.113056e-08	5.146402e+01	7.307012e+02
1.420000e-06	7.240528e-06	1.118040e-08	5.192247e+01	7.339720e+02
1.430000e-06	7.302003e-06	1.122545e-08	5.236331e+01	7.370641e+02
1.440000e-06	7.361056e-06	1.126717e-08	5.278678e+01	7.399695e+02
1.450000e-06	7.417522e-06	1.130675e-08	5.319170e+01	7.426790e+02
1.460000e-06	7.471255e-06	1.134316e-08	5.357702e+01	7.451849e+02
1.470000e-06	7.521899e-06	1.137637e-08	5.394020e+01	7.474823e+02
1.480000e-06	7.569456e-06	1.140750e-08	5.428124e+01	7.495713e+02
1.490000e-06	7.614386e-06	1.143792e-08	5.460343e+01	7.514571e+02
1.500000e-06	7.656685e-06	1.146538e-08	5.490676e+01	7.531505e+02
1.510000e-06	7.696143e-06	1.148960e-08	5.518972e+01	7.546665e+02
1.520000e-06	7.732948e-06	1.151180e-08	5.545365e+01	7.560231e+02
1.530000e-06	7.767101e-06	1.153311e-08	5.569856e+01	7.572391e+02
1.540000e-06	7.798432e-06	1.155206e-08	5.592324e+01	7.583320e+02
1.550000e-06	7.827069e-06	1.156687e-08	5.612860e+01	7.593157e+02
1.560000e-06	7.852841e-06	1.157935e-08	5.631341e+01	7.601998e+02
1.570000e-06	7.875608e-06	1.159021e-08	5.647668e+01	7.609878e+02
1.580000e-06	7.895646e-06	1.160092e-08	5.662037e+01	7.616781e+02
1.590000e-06	7.912913e-06	1.161051e-08	5.674419e+01	7.622642e+02
1.600000e-06	7.927198e-06	1.161788e-08	5.684663e+01	7.627365e+02
1.610000e-06	7.938426e-06	1.162504e-08	5.692715e+01	7.630842e+02
1.620000e-06	7.946615e-06	1.163089e-08	5.698588e+01	7.632970e+02
1.630000e-06	7.951905e-06	1.163413e-08	5.702381e+01	7.633673e+02
1.640000e-06	7.954372e-06	1.163491e-08	5.704150e+01	7.632914e+02
1.650000e-06	7.954053e-06	1.163324e-08	5.703922e+01	7.630703e+02
1.660000e-06	7.951075e-06	1.162339e-08	5.701786e+01	7.627098e+02
1.670000e-06	7.945469e-06	1.161320e-08	5.697766e+01	7.622199e+02
1.680000e-06	7.937184e-06	1.160458e-08	5.691825e+01	7.616139e+02
1.690000e-06	7.926237e-06	1.159550e-08	5.683974e+01	7.609063e+02
1.700000e-06	7.912449e-06	1.158646e-08	5.674087e+01	7.601120e+02
1.710000e-06	7.895986e-06	1.157610e-08	5.662281e+01	7.592438e+02
1.720000e-06	7.877234e-06	1.155824e-08	5.648834e+01	7.583121e+02
1.730000e-06	7.856127e-06	1.151362e-08	5.633698e+01	7.573235e+02
1.740000e-06	7.832108e-06	1.145279e-08	5.616474e+01	7.562804e+02
1.750000e-06	7.804606e-06	1.146206e-08	5.596751e+01	7.551817e+02
1.760000e-06	7.773636e-06	1.146981e-08	5.574543e+01	7.540227e+02
1.770000e-06	7.739807e-06	1.144465e-08	5.550284e+01	7.527962e+02
1.780000e-06	7.703712e-06	1.143757e-08	5.524400e+01	7.514930e+02
1.790000e-06	7.665348e-06	1.146729e-08	5.496888e+01	7.501030e+02
1.800000e-06	7.624825e-06	1.142295e-08	5.467829e+01	7.486157e+02
1.810000e-06	7.582130e-06	1.139661e-08	5.437212e+01	7.470204e+02
1.820000e-06	7.536862e-06	1.145411e-08	5.404750e+01	7.453070e+02
1.830000e-06	7.488942e-06	1.138049e-08	5.370386e+01	7.434655e+02
1.840000e-06	7.438137e-06	1.136962e-08	5.333953e+01	7.414865e+02
1.850000e-06	7.384271e-06	1.129882e-08	5.295326e+01	7.393611e+02
1.860000e-06	7.327610e-06	1.122206e-08	5.254694e+01	7.370813e+02
1.870000e-06	7.268354e-06	1.121935e-08	5.212201e+01	7.346403e+02
1.880000e-06	7.206464e-06	1.115319e-08	5.167819e+01	7.320329e+02
1.890000e-06	7.141756e-06	1.118221e-08	5.121416e+01	7.292562e+02
1.900000e-06	7.074303e-06	1.110898e-08	5.073045e+01	7.263099e+02
1.910000e-06	7.004101e-06	1.103105e-08	5.022702e+01	7.231968e+02
1.920000e-06	6.931132e-06	1.101041e-08	4.970376e+01	7.199226e+02
1.930000e-06	6.855561e-06	1.094980e-08	4.916183e+01	7.164954e+02
1.940000e-06	6.777248e-06	1.092426e-08	4.860024e+01	7.129254e+02
1.950000e-06	6.696278e-06	1.084333e-08	4.801960e+01	7.092228e+02
1.960000e-06	6.612838e-06	1.079983e-08	4.742124e+01	7.053976e+02
1.970000e-06	6.526891e-06	1.072195e-08	4.680491e+01	7.014569e+02
1.980000e-06	6.438512e-06	1.063210e-08	4.617113e+01	6.974048e+02
1.990000e-06	6.347977e-06	1.059054e-08	4.552190e+01	6.932406e+02
2.000000e-06	6.255361e-06	1.052356e-08	4.485774e+01	6.889589e+02
2.010000e-06	6.160373e-06	1.046062e-08	4.417658e+01	6.845498e+02
2.020000e-06	6.063086e-06	1.037886e-08	4.347892e+01	6.799998e+02
2.030000e-06	5.963682e-06	1.031834e-08	4.276609e+01	6.752933e+02
2.040000e-06	5.862168e-06	1.024083e-08	4.203813e+01	6.704145e+02
2.050000e-06	5.758528e-06	1.015501e-08	4.129491e+01	6.653494e+02
2.060000e-06	5.652905e-06	1.006476e-08	4.053748e+01	6.600872e+02
2.070000e-06	5.545433e-06	9.980302e-09	3.976679e+01	6.546218e+02
2.080000e-06	5.436016e-06	9.901562e-09	3.898215e+01	6.489522e+02
2.090000e-06	5.324612e-06	9.816771e-09	3.818326e+01	6.430823e+02
2.100000e-06	5.211186e-06	9.736592e-09	3.736987e+01	6.370194e+02
2.110000e-06	5.095794e-06	9.639909e-09	3.654238e+01	6.307728e+02
2.120000e-06	4.978433e-06	9.533123e-09	3.570078e+01	6.243511e+02
2.130000e-06	4.859127e-06	9.417202e-09	3.484523e+01	6.177605e+02
2.140000e-06	4.737981e-06	9.318996e-09	3.397648e+01	6.110022e+02
2.150000e-06	4.615156e-06	9.223332e-09	3.309569e+01	6.040714e+02
2.160000e-06	4.490645e-06	9.119356e-09	3.220281e+01	5.969568e+02
2.170000e-06	4.364450e-06	9.004748e-09	3.129786e+01	5.896412e+02
2.180000e-06	4.236647e-06	8.889458e-09	3.038137e+01	5.821026e+02
2.190000e-06	4.107267e-06	8.769896e-09	2.945357e+01	5.743173e+02
2.200000e-06	3.976435e-06	8.642924e-09	2.851537e+01	5.662616e+02
2.210000e-06	3.844069e-06	8.515126e-09	2.756616e+01	5.579153e+02
2.220000e-06	3.710259e-06	8.384193e-09	2.660659e+01	5.492634e+02
2.230000e-06	3.575096e-06	8.246093e-09	2.563733e+01	5.402980e+02
2.240000e-06	3.438584e-06	8.100439e-09	2.465839e+01	5.310180e+02
2.250000e-06	3.300814e-06	7.957355e-09	2.367043e+01	5.214284e+02
2.260000e-06	3.161779e-06	7.811644e-09	2.267340e+01	5.115383e+02
2.270000e-06	3.021434e-06	7.659895e-09	2.166697e+01	5.013577e+02
2.280000e-06	2.879912e-06	7.501612e-09	2.065210e+01	4.908942e+02
2.290000e-06	2.737288e-06	7.345096e-09	1.962934e+01	4.801498e+02
2.300000e-06	2.593636e-06	7.183200e-09	1.859919e+01	4.691183e+02
2.310000e-06	2.449064e-06	7.010654e-09	1.756245e+01	4.577839e+02
2.320000e-06	2.303608e-06	6.828052e-09	1.651938e+01	4.461209e+02
2.330000e-06	2.157472e-06	6.635714e-09	1.547142e+01	4.340959e+02
2.340000e-06	2.010659e-06	6.437178e-09	1.441861e+01	4.216698e+02
2.350000e-06	1.863063e-06	6.237712e-09	1.336019e+01	4.088025e+02
2.360000e-06	1.714791e-06	6.038906e-09	1.229692e+01	3.954567e+02
2.370000e-06	1.565990e-06	5.832566e-09	1.122985e+01	3.816015e+02
2.380000e-06	1.416767e-06	5.615008e-09	1.015976e+01	3.672160e+02
2.390000e-06	1.267145e-06	5.387655e-09	9.086807e+00	3.522895e+02
2.400000e-06	1.117084e-06	5.151762e-09	8.010708e+00	3.368214e+02
2.410000e-06	9.666516e-07	4.909860e-09	6.931943e+00	3.208174e+02
2.420000e-06	8.159173e-07	4.662106e-09	5.851015e+00	3.042852e+02
2.430000e-06	6.649120e-07	4.401443e-09	4.768142e+00	2.872280e+02
2.440000e-06	5.136506e-07	4.128087e-09	3.683434e+00	2.696382e+02
2.450000e-06	3.621964e-07	3.847931e-09	2.597342e+00	2.514908e+02
2.460000e-06	2.105612e-07	3.562322e-09	1.509953e+00	2.327398e+02
2.470000e-06	5.877718e-08	3.266004e-09	4.214963e-01	2.133162e+02
2.480000e-06	-9.305704e-08	2.955170e-09	-6.673202e-01	1.931296e+02
2.490000e-06	-2.448117e-07	2.632398e-09	-1.755566e+00	1.720737e+02
2.500000e-06	-3.964392e-07	2.295912e-09	-2.842900e+00	1.500352e+02
2.510000e-06	-5.479754e-07	1.942381e-09	-3.929579e+00	1.269049e+02
2.520000e-06	-6.993389e-07	1.570687e-09	-5.015021e+00	1.025916e+02
2.530000e-06	-8.504538e-07	1.182288e-09	-6.098679e+00	7.703590e+01
2.540000e-06	-1.001285e-06	7.768301e-10	-7.180304e+00	5.022281e+01
2.550000e-06	-1.151774e-06	3.532416e-10	-8.259473e+00	2.219185e+01
2.560000e-06	-1.301886e-06	-8.557618e-11	-9.335941e+00	-6.956791e+00
2.570000e-06	-1.451529e-06	-5.389278e-10	-1.040904e+01	-3.706108e+01
2.580000e-06	-1.600670e-06	-1.008117e-09	-1.147854e+01	-6.790128e+01
2.590000e-06	-1.749312e-06	-1.491410e-09	-1.254447e+01	-9.920938e+01
2.600000e-06	-1.897323e-06	-1.982424e-09	-1.360587e+01	-1.306830e+02
2.610000e-06	-2.044560e-06	-2.470547e-09	-1.466172e+01	-1.620024e+02
2.620000e-06	-2.190978e-06	-2.947701e-09	-1.571170e+01	-1.928499e+02
2.630000e-06	-2.336577e-06	-3.409674e-09	-1.675580e+01	-2.229280e+02
2.640000e-06	-2.481313e-06	-3.852864e-09	-1.779371e+01	-2.519769e+02
2.650000e-06	-2.625041e-06	-4.275708e-09	-1.882440e+01	-2.797879e+02
2.660000e-06	-2.767648e-06	-4.673965e-09	-1.984705e+01	-3.062121e+02
2.670000e-06	-2.909183e-06	-5.046726e-09	-2.086201e+01	-3.311645e+02
2.680000e-06	-3.049583e-06	-5.397163e-09	-2.186883e+01	-3.546218e+02
2.690000e-06	-3.188719e-06	-5.729555e-09	-2.286658e+01	-3.766162e+02
2.700000e-06	-3.326663e-06	-6.047828e-09	-2.385579e+01	-3.972248e+02
2.710000e-06	-3.463424e-06	-6.348828e-09	-2.483652e+01	-4.165565e+02
2.720000e-06	-3.598871e-06	-6.631904e-09	-2.580782e+01	-4.347381e+02
2.730000e-06	-3.732975e-06	-6.898187e-09	-2.676949e+01	-4.519002e+02
2.740000e-06	-3.865713e-06	-7.149210e-09	-2.772137e+01	-4.681661e+02
2.750000e-06	-3.997011e-06	-7.387663e-09	-2.866291e+01	-4.836424e+02
2.760000e-06	-4.126942e-06	-7.615615e-09	-2.959466e+01	-4.984134e+02
2.770000e-06	-4.255523e-06	-7.832759e-09	-3.051673e+01	-5.125400e+02
2.780000e-06	-4.382610e-06	-8.037479e-09	-3.142808e+01	-5.260602e+02
2.790000e-06	-4.508196e-06	-8.232320e-09	-3.232867e+01	-5.389938e+02
2.800000e-06	-4.632222e-06	-8.417915e-09	-3.321807e+01	-5.513479e+02
2.810000e-06	-4.754610e-06	-8.594636e-09	-3.409573e+01	-5.631232e+02
2.820000e-06	-4.875332e-06	-8.763228e-09	-3.496144e+01	-5.743205e+02
2.830000e-06	-4.994151e-06	-8.922601e-09	-3.581350e+01	-5.849453e+02
2.840000e-06	-5.110883e-06	-9.076163e-09	-3.665059e+01	-5.950109e+02
2.850000e-06	-5.225536e-06	-9.225214e-09	-3.747278e+01	-6.045402e+02
2.860000e-06	-5.338118e-06	-9.368915e-09	-3.828012e+01	-6.135646e+02
2.870000e-06	-5.448685e-06	-9.501646e-09	-3.907300e+01	-6.221219e+02
2.880000e-06	-5.557354e-06	-9.623336e-09	-3.985228e+01	-6.302533e+02
2.890000e-06	-5.664138e-06	-9.741279e-09	-4.061803e+01	-6.379995e+02
2.900000e-06	-5.768944e-06	-9.855197e-09	-4.136960e+01	-6.453975e+02
2.910000e-06	-5.871619e-06	-9.963727e-09	-4.210589e+01	-6.524782e+02
2.920000e-06	-5.972023e-06	-1.006770e-08	-4.282591e+01	-6.592649e+02
2.930000e-06	-6.070274e-06	-1.016766e-08	-4.353047e+01	-6.657728e+02
2.940000e-06	-6.166369e-06	-1.026341e-08	-4.421958e+01	-6.720106e+02
2.950000e-06	-6.260170e-06	-1.035313e-08	-4.489223e+01	-6.779817e+02
2.960000e-06	-6.351709e-06	-1.043652e-08	-4.554866e+01	-6.836874e+02
2.970000e-06	-6.441036e-06	-1.051624e-08	-4.618923e+01	-6.891285e+02
2.980000e-06	-6.528066e-06	-1.059352e-08	-4.681333e+01	-6.943082e+02
2.990000e-06	-6.612680e-06	-1.066842e-08	-4.742011e+01	-6.992325e+02
3.000000e-06	-6.694958e-06	-1.074107e-08	-4.801013e+01	-7.039116e+02
3.010000e-06	-6.774924e-06	-1.081293e-08	-4.858358e+01	-7.083586e+02
3.020000e-06	-6.852278e-06	-1.088163e-08	-4.913829e+01	-7.125886e+02
3.030000e-06	-6.926941e-06	-1.094428e-08	-4.967371e+01	-7.166167e+02
3.040000e-06	-6.999072e-06	-1.100210e-08	-5.019096e+01	-7.204565e+02
3.050000e-06	-7.068637e-06	-1.105555e-08	-5.068981e+01	-7.241178e+02
3.060000e-06	-7.135696e-06	-1.110812e-08	-5.117070e+01	-7.276060e+02
3.070000e-06	-7.200322e-06	-1.115964e-08	-5.163414e+01	-7.309214e+02
3.080000e-06	-7.262375e-06	-1.120767e-08	-5.207913e+01	-7.340598e+02
3.090000e-06	-7.321809e-06	-1.125200e-08	-5.250534e+01	-7.370135e+02
3.100000e-06	-7.378657e-06	-1.129293e-08	-5.291300e+01	-7.397737e+02
3.110000e-06	-7.432731e-06	-1.133018e-08	-5.330077e+01	-7.423320e+02
3.120000e-06	-7.483795e-06	-1.136438e-08	-5.366695e+01	-7.446826e+02
3.130000e-06	-7.531750e-06	-1.139828e-08	-5.401085e+01	-7.468243e+02
3.140000e-06	-7.576982e-06	-1.143103e-08	-5.433521e+01	-7.487610e+02
3.150000e-06	-7.619842e-06	-1.145902e-08	-5.464256e+01	-7.505021e+02
3.160000e-06	-7.660158e-06	-1.148411e-08	-5.493167e+01	-7.520617e+02
3.170000e-06	-7.697739e-06	-1.150633e-08	-5.520116e+01	-7.534573e+02
3.180000e-06	-7.732616e-06	-1.152624e-08	-5.545127e+01	-7.547076e+02
3.190000e-06	-7.764785e-06	-1.154367e-08	-5.568195e+01	-7.558307e+02
3.200000e-06	-7.794074e-06	-1.155990e-08	-5.589199e+01	-7.568415e+02
3.210000e-06	-7.820535e-06	-1.157365e-08	-5.608175e+01	-7.577508e+02
3.220000e-06	-7.844225e-06	-1.158322e-08	-5.625163e+01	-7.585637e+02
3.230000e-06	-7.865055e-06	-1.159115e-08	-5.640100e+01	-7.592797e+02
3.240000e-06	-7.883090e-06	-1.159760e-08	-5.653033e+01	-7.598935e+02
3.250000e-06	-7.898243e-06	-1.160416e-08	-5.663900e+01	-7.603962e+02
3.260000e-06	-7.910257e-06	-1.161006e-08	-5.672515e+01	-7.607770e+02
3.270000e-06	-7.919273e-06	-1.161209e-08	-5.678980e+01	-7.610252e+02
3.280000e-06	-7.925394e-06	-1.160996e-08	-5.683370e+01	-7.611326e+02
3.290000e-06	-7.928684e-06	-1.160658e-08	-5.685729e+01	-7.610942e+02
3.300000e-06	-7.929297e-06	-1.160282e-08	-5.686169e+01	-7.609099e+02
