# Temperatura_=_28.06
# Concentracion g/m^3_=_5000.0
# C_Vs_to_Am_M_A/Vsm_=_65563218390.804596
# pendiente_HvsI_1/m_=_3716.3
# ordenada_HvsI_A/m_=_1297.0
# frecuencia_Hz_=_302502.69616647414

Tiempo_(s)	Campo_(V.s)	Magnetizacion_(V.s)	Campo_(kA/m)	Magnetizacion_(A/m)
0.000000e+00	-7.936407e-06	-5.486703e-09	-5.686562e+01	-3.586911e+02
1.000000e-08	-7.931927e-06	-5.484256e-09	-5.683352e+01	-3.584927e+02
2.000000e-08	-7.924979e-06	-5.478213e-09	-5.678374e+01	-3.582330e+02
3.000000e-08	-7.915301e-06	-5.477087e-09	-5.671440e+01	-3.579174e+02
4.000000e-08	-7.902701e-06	-5.474537e-09	-5.662411e+01	-3.575517e+02
5.000000e-08	-7.887130e-06	-5.467358e-09	-5.651254e+01	-3.571420e+02
6.000000e-08	-7.868912e-06	-5.457741e-09	-5.638201e+01	-3.566935e+02
7.000000e-08	-7.848469e-06	-5.443815e-09	-5.623553e+01	-3.562106e+02
8.000000e-08	-7.825477e-06	-5.462683e-09	-5.607079e+01	-3.556962e+02
9.000000e-08	-7.799386e-06	-5.489393e-09	-5.588384e+01	-3.551519e+02
1.000000e-07	-7.770070e-06	-5.438531e-09	-5.567379e+01	-3.545780e+02
1.100000e-07	-7.737856e-06	-5.398651e-09	-5.544297e+01	-3.539738e+02
1.200000e-07	-7.702936e-06	-5.401487e-09	-5.519277e+01	-3.533377e+02
1.300000e-07	-7.665541e-06	-5.396200e-09	-5.492483e+01	-3.526676e+02
1.400000e-07	-7.626012e-06	-5.355523e-09	-5.464159e+01	-3.519610e+02
1.500000e-07	-7.584298e-06	-5.354054e-09	-5.434270e+01	-3.512154e+02
1.600000e-07	-7.539955e-06	-5.399630e-09	-5.402498e+01	-3.504280e+02
1.700000e-07	-7.492897e-06	-5.285938e-09	-5.368780e+01	-3.495959e+02
1.800000e-07	-7.443039e-06	-5.301991e-09	-5.333056e+01	-3.487158e+02
1.900000e-07	-7.390122e-06	-5.335935e-09	-5.295140e+01	-3.477843e+02
2.000000e-07	-7.334396e-06	-5.277709e-09	-5.255212e+01	-3.467973e+02
2.100000e-07	-7.275977e-06	-5.311882e-09	-5.213354e+01	-3.457505e+02
2.200000e-07	-7.214898e-06	-5.266928e-09	-5.169590e+01	-3.446396e+02
2.300000e-07	-7.151259e-06	-5.242234e-09	-5.123991e+01	-3.434603e+02
2.400000e-07	-7.084837e-06	-5.201750e-09	-5.076399e+01	-3.422088e+02
2.500000e-07	-7.015675e-06	-5.180504e-09	-5.026843e+01	-3.408824e+02
2.600000e-07	-6.943893e-06	-5.180240e-09	-4.975410e+01	-3.394793e+02
2.700000e-07	-6.869387e-06	-5.146869e-09	-4.922025e+01	-3.379994e+02
2.800000e-07	-6.792092e-06	-5.115090e-09	-4.866642e+01	-3.364440e+02
2.900000e-07	-6.711962e-06	-5.071362e-09	-4.809228e+01	-3.348155e+02
3.000000e-07	-6.629343e-06	-5.078092e-09	-4.750030e+01	-3.331175e+02
3.100000e-07	-6.544618e-06	-5.054440e-09	-4.689323e+01	-3.313536e+02
3.200000e-07	-6.457664e-06	-5.011326e-09	-4.627019e+01	-3.295275e+02
3.300000e-07	-6.368301e-06	-5.004791e-09	-4.562989e+01	-3.276418e+02
3.400000e-07	-6.276594e-06	-4.975832e-09	-4.497279e+01	-3.256977e+02
3.500000e-07	-6.182624e-06	-4.938072e-09	-4.429948e+01	-3.236945e+02
3.600000e-07	-6.086363e-06	-4.898129e-09	-4.360976e+01	-3.216298e+02
3.700000e-07	-5.987813e-06	-4.876244e-09	-4.290363e+01	-3.194995e+02
3.800000e-07	-5.887145e-06	-4.840342e-09	-4.218233e+01	-3.172981e+02
3.900000e-07	-5.784448e-06	-4.790381e-09	-4.144649e+01	-3.150197e+02
4.000000e-07	-5.679716e-06	-4.756518e-09	-4.069607e+01	-3.126584e+02
4.100000e-07	-5.572978e-06	-4.729820e-09	-3.993128e+01	-3.102092e+02
4.200000e-07	-5.464273e-06	-4.695445e-09	-3.915239e+01	-3.076685e+02
4.300000e-07	-5.353673e-06	-4.636609e-09	-3.835992e+01	-3.050344e+02
4.400000e-07	-5.241091e-06	-4.588548e-09	-3.755325e+01	-3.023071e+02
4.500000e-07	-5.126421e-06	-4.549807e-09	-3.673162e+01	-2.994880e+02
4.600000e-07	-5.009692e-06	-4.506872e-09	-3.589524e+01	-2.965793e+02
4.700000e-07	-4.891086e-06	-4.463448e-09	-3.504541e+01	-2.935837e+02
4.800000e-07	-4.770783e-06	-4.423857e-09	-3.418342e+01	-2.905027e+02
4.900000e-07	-4.648736e-06	-4.376561e-09	-3.330894e+01	-2.873363e+02
5.000000e-07	-4.524941e-06	-4.315400e-09	-3.242193e+01	-2.840825e+02
5.100000e-07	-4.399566e-06	-4.258542e-09	-3.152359e+01	-2.807363e+02
5.200000e-07	-4.272623e-06	-4.208871e-09	-3.061402e+01	-2.772909e+02
5.300000e-07	-4.144158e-06	-4.153974e-09	-2.969355e+01	-2.737371e+02
5.400000e-07	-4.014188e-06	-4.090701e-09	-2.876230e+01	-2.700651e+02
5.500000e-07	-3.882573e-06	-4.031189e-09	-2.781925e+01	-2.662647e+02
5.600000e-07	-3.749407e-06	-3.975892e-09	-2.686510e+01	-2.623273e+02
5.700000e-07	-3.614874e-06	-3.915892e-09	-2.590115e+01	-2.582460e+02
5.800000e-07	-3.479008e-06	-3.852292e-09	-2.492765e+01	-2.540170e+02
5.900000e-07	-3.341826e-06	-3.787380e-09	-2.394471e+01	-2.496396e+02
6.000000e-07	-3.203302e-06	-3.718338e-09	-2.295217e+01	-2.451157e+02
6.100000e-07	-3.063357e-06	-3.643703e-09	-2.194944e+01	-2.404494e+02
6.200000e-07	-2.922075e-06	-3.569508e-09	-2.093713e+01	-2.356457e+02
6.300000e-07	-2.779647e-06	-3.494801e-09	-1.991661e+01	-2.307092e+02
6.400000e-07	-2.636218e-06	-3.415934e-09	-1.888892e+01	-2.256424e+02
6.500000e-07	-2.491738e-06	-3.334257e-09	-1.785370e+01	-2.204445e+02
6.600000e-07	-2.346222e-06	-3.252831e-09	-1.681105e+01	-2.151108e+02
6.700000e-07	-2.199974e-06	-3.174486e-09	-1.576316e+01	-2.096321e+02
6.800000e-07	-2.053143e-06	-3.094525e-09	-1.471110e+01	-2.039948e+02
6.900000e-07	-1.905667e-06	-3.008829e-09	-1.365441e+01	-1.981824e+02
7.000000e-07	-1.757564e-06	-2.914719e-09	-1.259323e+01	-1.921764e+02
7.100000e-07	-1.608912e-06	-2.815563e-09	-1.152811e+01	-1.859583e+02
7.200000e-07	-1.459848e-06	-2.716489e-09	-1.046005e+01	-1.795113e+02
7.300000e-07	-1.310416e-06	-2.613691e-09	-9.389340e+00	-1.728218e+02
7.400000e-07	-1.160519e-06	-2.506274e-09	-8.315302e+00	-1.658804e+02
7.500000e-07	-1.010187e-06	-2.398732e-09	-7.238150e+00	-1.586821e+02
7.600000e-07	-8.595006e-07	-2.290472e-09	-6.158458e+00	-1.512260e+02
7.700000e-07	-7.085105e-07	-2.174652e-09	-5.076590e+00	-1.435136e+02
7.800000e-07	-5.572605e-07	-2.053713e-09	-3.992860e+00	-1.355474e+02
7.900000e-07	-4.057884e-07	-1.930786e-09	-2.907538e+00	-1.273282e+02
8.000000e-07	-2.541538e-07	-1.800227e-09	-1.821052e+00	-1.188525e+02
8.100000e-07	-1.023632e-07	-1.659879e-09	-7.334488e-01	-1.101112e+02
8.200000e-07	4.950753e-08	-1.516131e-09	3.547294e-01	-1.010878e+02
8.300000e-07	2.013741e-07	-1.373927e-09	1.442878e+00	-9.175853e+01
8.400000e-07	3.532040e-07	-1.228152e-09	2.530763e+00	-8.209298e+01
8.500000e-07	5.048895e-07	-1.073147e-09	3.617613e+00	-7.205681e+01
8.600000e-07	6.564127e-07	-9.110721e-10	4.703302e+00	-6.161490e+01
8.700000e-07	8.078004e-07	-7.437956e-10	5.788018e+00	-5.073569e+01
8.800000e-07	9.589221e-07	-5.696925e-10	6.870830e+00	-3.939577e+01
8.900000e-07	1.109670e-06	-3.925394e-10	7.950959e+00	-2.758444e+01
9.000000e-07	1.260020e-06	-2.107987e-10	9.028245e+00	-1.530764e+01
9.100000e-07	1.409902e-06	-2.194955e-11	1.010217e+01	-2.590690e+00
9.200000e-07	1.559265e-06	1.763955e-10	1.117238e+01	1.052036e+01
9.300000e-07	1.708119e-06	3.817743e-10	1.223894e+01	2.395920e+01
9.400000e-07	1.856443e-06	5.881922e-10	1.330171e+01	3.764143e+01
9.500000e-07	2.004140e-06	7.970011e-10	1.435998e+01	5.146833e+01
9.600000e-07	2.151114e-06	1.006290e-09	1.541307e+01	6.533192e+01
9.700000e-07	2.297311e-06	1.214448e-09	1.646060e+01	7.912081e+01
9.800000e-07	2.442636e-06	1.420786e-09	1.750187e+01	9.272620e+01
9.900000e-07	2.587049e-06	1.624465e-09	1.853662e+01	1.060476e+02
1.000000e-06	2.730454e-06	1.823159e-09	1.956414e+01	1.189978e+02
1.010000e-06	2.872771e-06	2.011941e-09	2.058386e+01	1.315059e+02
1.020000e-06	3.013945e-06	2.190817e-09	2.159540e+01	1.435201e+02
1.030000e-06	3.153845e-06	2.361984e-09	2.259780e+01	1.550074e+02
1.040000e-06	3.292444e-06	2.525388e-09	2.359089e+01	1.659526e+02
1.050000e-06	3.429745e-06	2.680656e-09	2.457467e+01	1.763559e+02
1.060000e-06	3.565757e-06	2.828728e-09	2.554922e+01	1.862299e+02
1.070000e-06	3.700487e-06	2.971996e-09	2.651458e+01	1.955954e+02
1.080000e-06	3.833874e-06	3.111066e-09	2.747032e+01	2.044784e+02
1.090000e-06	3.965878e-06	3.243997e-09	2.841615e+01	2.129061e+02
1.100000e-06	4.096402e-06	3.367361e-09	2.935137e+01	2.209052e+02
1.110000e-06	4.225471e-06	3.483275e-09	3.027617e+01	2.285000e+02
1.120000e-06	4.353029e-06	3.592767e-09	3.119014e+01	2.357118e+02
1.130000e-06	4.479070e-06	3.695464e-09	3.209325e+01	2.425592e+02
1.140000e-06	4.603736e-06	3.791958e-09	3.298650e+01	2.490587e+02
1.150000e-06	4.726789e-06	3.884679e-09	3.386820e+01	2.552263e+02
1.160000e-06	4.848123e-06	3.974077e-09	3.473758e+01	2.610785e+02
1.170000e-06	4.967725e-06	4.058202e-09	3.559454e+01	2.666329e+02
1.180000e-06	5.085532e-06	4.138552e-09	3.643865e+01	2.719093e+02
1.190000e-06	5.201484e-06	4.215425e-09	3.726946e+01	2.769291e+02
1.200000e-06	5.315391e-06	4.288211e-09	3.808562e+01	2.817151e+02
1.210000e-06	5.427186e-06	4.356373e-09	3.888666e+01	2.862901e+02
1.220000e-06	5.537046e-06	4.421577e-09	3.967382e+01	2.906757e+02
1.230000e-06	5.645020e-06	4.484835e-09	4.044747e+01	2.948907e+02
1.240000e-06	5.750938e-06	4.546642e-09	4.120639e+01	2.989502e+02
1.250000e-06	5.854701e-06	4.605780e-09	4.194987e+01	3.028643e+02
1.260000e-06	5.956338e-06	4.661346e-09	4.267811e+01	3.066381e+02
1.270000e-06	6.055791e-06	4.714351e-09	4.339071e+01	3.102718e+02
1.280000e-06	6.152889e-06	4.765908e-09	4.408643e+01	3.137616e+02
1.290000e-06	6.247646e-06	4.816421e-09	4.476538e+01	3.171010e+02
1.300000e-06	6.340255e-06	4.864453e-09	4.542894e+01	3.202823e+02
1.310000e-06	6.430660e-06	4.907828e-09	4.607670e+01	3.232984e+02
1.320000e-06	6.518666e-06	4.947186e-09	4.670728e+01	3.261441e+02
1.330000e-06	6.604376e-06	4.985660e-09	4.732141e+01	3.288173e+02
1.340000e-06	6.687879e-06	5.022565e-09	4.791972e+01	3.313197e+02
1.350000e-06	6.768996e-06	5.056542e-09	4.850094e+01	3.336567e+02
1.360000e-06	6.847585e-06	5.089249e-09	4.906403e+01	3.358371e+02
1.370000e-06	6.923630e-06	5.121237e-09	4.960891e+01	3.378721e+02
1.380000e-06	6.997047e-06	5.150801e-09	5.013496e+01	3.397743e+02
1.390000e-06	7.067884e-06	5.177038e-09	5.064251e+01	3.415564e+02
1.400000e-06	7.136257e-06	5.202215e-09	5.113242e+01	3.432298e+02
1.410000e-06	7.202064e-06	5.225366e-09	5.160393e+01	3.448041e+02
1.420000e-06	7.265246e-06	5.247513e-09	5.205665e+01	3.462861e+02
1.430000e-06	7.326006e-06	5.269029e-09	5.249200e+01	3.476803e+02
1.440000e-06	7.384203e-06	5.287936e-09	5.290899e+01	3.489885e+02
1.450000e-06	7.439756e-06	5.304291e-09	5.330704e+01	3.502112e+02
1.460000e-06	7.492595e-06	5.318943e-09	5.368564e+01	3.513477e+02
1.470000e-06	7.542308e-06	5.334331e-09	5.404184e+01	3.523975e+02
1.480000e-06	7.589085e-06	5.350285e-09	5.437700e+01	3.533610e+02
1.490000e-06	7.633304e-06	5.366172e-09	5.469384e+01	3.542396e+02
1.500000e-06	7.674795e-06	5.379687e-09	5.499113e+01	3.550367e+02
1.510000e-06	7.713469e-06	5.391418e-09	5.526823e+01	3.557569e+02
1.520000e-06	7.749547e-06	5.402456e-09	5.552674e+01	3.564061e+02
1.530000e-06	7.782880e-06	5.411763e-09	5.576557e+01	3.569905e+02
1.540000e-06	7.813364e-06	5.420262e-09	5.598400e+01	3.575161e+02
1.550000e-06	7.841163e-06	5.427707e-09	5.618318e+01	3.579878e+02
1.560000e-06	7.866085e-06	5.435005e-09	5.636175e+01	3.584090e+02
1.570000e-06	7.888107e-06	5.442541e-09	5.651954e+01	3.587811e+02
1.580000e-06	7.907468e-06	5.448709e-09	5.665827e+01	3.591035e+02
1.590000e-06	7.923956e-06	5.451699e-09	5.677641e+01	3.593738e+02
1.600000e-06	7.937363e-06	5.454108e-09	5.687247e+01	3.595883e+02
1.610000e-06	7.947613e-06	5.457233e-09	5.694592e+01	3.597428e+02
1.620000e-06	7.954830e-06	5.458780e-09	5.699763e+01	3.598334e+02
1.630000e-06	7.959293e-06	5.459934e-09	5.702960e+01	3.598569e+02
1.640000e-06	7.960954e-06	5.461268e-09	5.704150e+01	3.598116e+02
1.650000e-06	7.959847e-06	5.461232e-09	5.703357e+01	3.596977e+02
1.660000e-06	7.956146e-06	5.454297e-09	5.700705e+01	3.595174e+02
1.670000e-06	7.949737e-06	5.451519e-09	5.696113e+01	3.592743e+02
1.680000e-06	7.940625e-06	5.450071e-09	5.689584e+01	3.589737e+02
1.690000e-06	7.928836e-06	5.445098e-09	5.681138e+01	3.586213e+02
1.700000e-06	7.914251e-06	5.441107e-09	5.670687e+01	3.582232e+02
1.710000e-06	7.897117e-06	5.442209e-09	5.658410e+01	3.577849e+02
1.720000e-06	7.877735e-06	5.445071e-09	5.644523e+01	3.573111e+02
1.730000e-06	7.855851e-06	5.383839e-09	5.628842e+01	3.568051e+02
1.740000e-06	7.830785e-06	5.359014e-09	5.610882e+01	3.562688e+02
1.750000e-06	7.802089e-06	5.402037e-09	5.590321e+01	3.557031e+02
1.760000e-06	7.770035e-06	5.395358e-09	5.567354e+01	3.551073e+02
1.770000e-06	7.735458e-06	5.364359e-09	5.542579e+01	3.544801e+02
1.780000e-06	7.698655e-06	5.399377e-09	5.516209e+01	3.538196e+02
1.790000e-06	7.659617e-06	5.414011e-09	5.488238e+01	3.531233e+02
1.800000e-06	7.618480e-06	5.300548e-09	5.458763e+01	3.523887e+02
1.810000e-06	7.574917e-06	5.378905e-09	5.427549e+01	3.516131e+02
1.820000e-06	7.528772e-06	5.369956e-09	5.394485e+01	3.507937e+02
1.830000e-06	7.479942e-06	5.324485e-09	5.359497e+01	3.499273e+02
1.840000e-06	7.428150e-06	5.373119e-09	5.322388e+01	3.490105e+02
1.850000e-06	7.373444e-06	5.258108e-09	5.283190e+01	3.480394e+02
1.860000e-06	7.315907e-06	5.304580e-09	5.241964e+01	3.470098e+02
1.870000e-06	7.255818e-06	5.268049e-09	5.198909e+01	3.459173e+02
1.880000e-06	7.193050e-06	5.260869e-09	5.153935e+01	3.447575e+02
1.890000e-06	7.127431e-06	5.307504e-09	5.106918e+01	3.435266e+02
1.900000e-06	7.059109e-06	5.213427e-09	5.057964e+01	3.422214e+02
1.910000e-06	6.987941e-06	5.218561e-09	5.006971e+01	3.408400e+02
1.920000e-06	6.914082e-06	5.166005e-09	4.954050e+01	3.393816e+02
1.930000e-06	6.837545e-06	5.186162e-09	4.899210e+01	3.378471e+02
1.940000e-06	6.758259e-06	5.162516e-09	4.842400e+01	3.362388e+02
1.950000e-06	6.676487e-06	5.109135e-09	4.783809e+01	3.345599e+02
1.960000e-06	6.592320e-06	5.121615e-09	4.723502e+01	3.328141e+02
1.970000e-06	6.505656e-06	5.039135e-09	4.661406e+01	3.310051e+02
1.980000e-06	6.416492e-06	5.027847e-09	4.597519e+01	3.291359e+02
1.990000e-06	6.325164e-06	4.993958e-09	4.532080e+01	3.272080e+02
2.000000e-06	6.231697e-06	4.989322e-09	4.465110e+01	3.252215e+02
2.010000e-06	6.135912e-06	4.946816e-09	4.396479e+01	3.231743e+02
2.020000e-06	6.037900e-06	4.900180e-09	4.326251e+01	3.210629e+02
2.030000e-06	5.937794e-06	4.885809e-09	4.254524e+01	3.188820e+02
2.040000e-06	5.835563e-06	4.844128e-09	4.181274e+01	3.166259e+02
2.050000e-06	5.731217e-06	4.809422e-09	4.106509e+01	3.142884e+02
2.060000e-06	5.624961e-06	4.752488e-09	4.030374e+01	3.118644e+02
2.070000e-06	5.516816e-06	4.736151e-09	3.952887e+01	3.093497e+02
2.080000e-06	5.406697e-06	4.696596e-09	3.873985e+01	3.067420e+02
2.090000e-06	5.294601e-06	4.662638e-09	3.793666e+01	3.040409e+02
2.100000e-06	5.180503e-06	4.623937e-09	3.711913e+01	3.012473e+02
2.110000e-06	5.064366e-06	4.584128e-09	3.628699e+01	2.983636e+02
2.120000e-06	4.946248e-06	4.524649e-09	3.544066e+01	2.953923e+02
2.130000e-06	4.826234e-06	4.466308e-09	3.458074e+01	2.923352e+02
2.140000e-06	4.704415e-06	4.431304e-09	3.370788e+01	2.891929e+02
2.150000e-06	4.580957e-06	4.392987e-09	3.282329e+01	2.859641e+02
2.160000e-06	4.455883e-06	4.345315e-09	3.192711e+01	2.826445e+02
2.170000e-06	4.329092e-06	4.283062e-09	3.101863e+01	2.792279e+02
2.180000e-06	4.200656e-06	4.232460e-09	3.009837e+01	2.757057e+02
2.190000e-06	4.070677e-06	4.174257e-09	2.916705e+01	2.720681e+02
2.200000e-06	3.939300e-06	4.119038e-09	2.822571e+01	2.683050e+02
2.210000e-06	3.806571e-06	4.060222e-09	2.727469e+01	2.644072e+02
2.220000e-06	3.672327e-06	4.003602e-09	2.631281e+01	2.603671e+02
2.230000e-06	3.536613e-06	3.935937e-09	2.534039e+01	2.561802e+02
2.240000e-06	3.399541e-06	3.866445e-09	2.435826e+01	2.518447e+02
2.250000e-06	3.261266e-06	3.799736e-09	2.336749e+01	2.473619e+02
2.260000e-06	3.121838e-06	3.729550e-09	2.236847e+01	2.427354e+02
2.270000e-06	2.981117e-06	3.653796e-09	2.136018e+01	2.379701e+02
2.280000e-06	2.839148e-06	3.576964e-09	2.034295e+01	2.330708e+02
2.290000e-06	2.695990e-06	3.505498e-09	1.931720e+01	2.280407e+02
2.300000e-06	2.551829e-06	3.429469e-09	1.828426e+01	2.228802e+02
2.310000e-06	2.406868e-06	3.351898e-09	1.724559e+01	2.175857e+02
2.320000e-06	2.261150e-06	3.267475e-09	1.620150e+01	2.121492e+02
2.330000e-06	2.114657e-06	3.176712e-09	1.515186e+01	2.065584e+02
2.340000e-06	1.967438e-06	3.083489e-09	1.409701e+01	2.007975e+02
2.350000e-06	1.819604e-06	2.992302e-09	1.303776e+01	1.948483e+02
2.360000e-06	1.671209e-06	2.901373e-09	1.197448e+01	1.886923e+02
2.370000e-06	1.522312e-06	2.803277e-09	1.090761e+01	1.823119e+02
2.380000e-06	1.372963e-06	2.699788e-09	9.837498e+00	1.756924e+02
2.390000e-06	1.223201e-06	2.593388e-09	8.764433e+00	1.688233e+02
2.400000e-06	1.073075e-06	2.484218e-09	7.688752e+00	1.616983e+02
2.410000e-06	9.225887e-07	2.374359e-09	6.610495e+00	1.543153e+02
2.420000e-06	7.716970e-07	2.261548e-09	5.529332e+00	1.466755e+02
2.430000e-06	6.204348e-07	2.142598e-09	4.445514e+00	1.387813e+02
2.440000e-06	4.688545e-07	2.015704e-09	3.359417e+00	1.306341e+02
2.450000e-06	3.170562e-07	1.886552e-09	2.271758e+00	1.222319e+02
2.460000e-06	1.651220e-07	1.758041e-09	1.183125e+00	1.135675e+02
2.470000e-06	1.306276e-08	1.624174e-09	9.359677e-02	1.046265e+02
2.480000e-06	-1.389925e-07	1.483471e-09	-9.959033e-01	9.538705e+01
2.490000e-06	-2.909979e-07	1.337350e-09	-2.085047e+00	8.582057e+01
2.500000e-06	-4.429576e-07	1.185525e-09	-3.173862e+00	7.589354e+01
2.510000e-06	-5.947666e-07	1.027982e-09	-4.261597e+00	6.557063e+01
2.520000e-06	-7.463168e-07	8.645284e-10	-5.347479e+00	5.481882e+01
2.530000e-06	-8.975357e-07	6.950424e-10	-6.430986e+00	4.361187e+01
2.540000e-06	-1.048365e-06	5.171087e-10	-7.511699e+00	3.193504e+01
2.550000e-06	-1.198756e-06	3.309128e-10	-8.589280e+00	1.978914e+01
2.560000e-06	-1.348715e-06	1.395211e-10	-9.663757e+00	7.193783e+00
2.570000e-06	-1.498257e-06	-5.823959e-11	-1.073525e+01	-5.810958e+00
2.580000e-06	-1.647345e-06	-2.632979e-10	-1.180349e+01	-1.916441e+01
2.590000e-06	-1.795851e-06	-4.744627e-10	-1.286756e+01	-3.278701e+01
2.600000e-06	-1.943677e-06	-6.893271e-10	-1.392676e+01	-4.658367e+01
2.610000e-06	-2.090751e-06	-9.041867e-10	-1.498056e+01	-6.044850e+01
2.620000e-06	-2.236964e-06	-1.117839e-09	-1.602821e+01	-7.427044e+01
2.630000e-06	-2.382328e-06	-1.330064e-09	-1.706976e+01	-8.793936e+01
2.640000e-06	-2.526914e-06	-1.537964e-09	-1.810574e+01	-1.013519e+02
2.650000e-06	-2.670587e-06	-1.739674e-09	-1.913518e+01	-1.144164e+02
2.660000e-06	-2.813110e-06	-1.933418e-09	-2.015638e+01	-1.270574e+02
2.670000e-06	-2.954420e-06	-2.117685e-09	-2.116889e+01	-1.392173e+02
2.680000e-06	-3.094538e-06	-2.294542e-09	-2.217286e+01	-1.508578e+02
2.690000e-06	-3.233402e-06	-2.463083e-09	-2.316784e+01	-1.619588e+02
2.700000e-06	-3.371037e-06	-2.623479e-09	-2.415402e+01	-1.725166e+02
2.710000e-06	-3.507496e-06	-2.778136e-09	-2.513177e+01	-1.825403e+02
2.720000e-06	-3.642614e-06	-2.925495e-09	-2.609991e+01	-1.920491e+02
2.730000e-06	-3.776319e-06	-3.062002e-09	-2.705793e+01	-2.010675e+02
2.740000e-06	-3.908720e-06	-3.191721e-09	-2.800660e+01	-2.096229e+02
2.750000e-06	-4.039760e-06	-3.319328e-09	-2.894552e+01	-2.177422e+02
2.760000e-06	-4.169436e-06	-3.440965e-09	-2.987467e+01	-2.254507e+02
2.770000e-06	-4.297787e-06	-3.554500e-09	-3.079433e+01	-2.327703e+02
2.780000e-06	-4.424605e-06	-3.660563e-09	-3.170300e+01	-2.397203e+02
2.790000e-06	-4.549835e-06	-3.759966e-09	-3.260029e+01	-2.463180e+02
2.800000e-06	-4.673518e-06	-3.852956e-09	-3.348650e+01	-2.525792e+02
2.810000e-06	-4.795525e-06	-3.939942e-09	-3.436070e+01	-2.585202e+02
2.820000e-06	-4.915783e-06	-4.023418e-09	-3.522237e+01	-2.641581e+02
2.830000e-06	-5.034189e-06	-4.106332e-09	-3.607077e+01	-2.695122e+02
2.840000e-06	-5.150560e-06	-4.186910e-09	-3.690459e+01	-2.746034e+02
2.850000e-06	-5.264768e-06	-4.262677e-09	-3.772290e+01	-2.794543e+02
2.860000e-06	-5.376818e-06	-4.336163e-09	-3.852576e+01	-2.840876e+02
2.870000e-06	-5.486762e-06	-4.406842e-09	-3.931352e+01	-2.885256e+02
2.880000e-06	-5.594784e-06	-4.472885e-09	-4.008752e+01	-2.927880e+02
2.890000e-06	-5.701033e-06	-4.535480e-09	-4.084881e+01	-2.968911e+02
2.900000e-06	-5.805262e-06	-4.596543e-09	-4.159563e+01	-3.008464e+02
2.910000e-06	-5.907308e-06	-4.657372e-09	-4.232680e+01	-3.046604e+02
2.920000e-06	-6.007155e-06	-4.715584e-09	-4.304222e+01	-3.083348e+02
2.930000e-06	-6.104874e-06	-4.770865e-09	-4.374239e+01	-3.118666e+02
2.940000e-06	-6.200426e-06	-4.824163e-09	-4.442704e+01	-3.152501e+02
2.950000e-06	-6.293672e-06	-4.874644e-09	-4.509516e+01	-3.184778e+02
2.960000e-06	-6.384703e-06	-4.924300e-09	-4.574741e+01	-3.215421e+02
2.970000e-06	-6.473551e-06	-4.970564e-09	-4.638403e+01	-3.244373e+02
2.980000e-06	-6.560083e-06	-5.012232e-09	-4.700404e+01	-3.271601e+02
2.990000e-06	-6.644190e-06	-5.050407e-09	-4.760668e+01	-3.297113e+02
3.000000e-06	-6.725949e-06	-5.086991e-09	-4.819249e+01	-3.320952e+02
3.010000e-06	-6.805318e-06	-5.122903e-09	-4.876119e+01	-3.343196e+02
3.020000e-06	-6.882012e-06	-5.156085e-09	-4.931071e+01	-3.363953e+02
3.030000e-06	-6.956072e-06	-5.185932e-09	-4.984136e+01	-3.383346e+02
3.040000e-06	-7.027565e-06	-5.212041e-09	-5.035363e+01	-3.401501e+02
3.050000e-06	-7.096436e-06	-5.237316e-09	-5.084710e+01	-3.418539e+02
3.060000e-06	-7.162843e-06	-5.263406e-09	-5.132291e+01	-3.434560e+02
3.070000e-06	-7.226823e-06	-5.290208e-09	-5.178134e+01	-3.449642e+02
3.080000e-06	-7.288214e-06	-5.314654e-09	-5.222122e+01	-3.463836e+02
3.090000e-06	-7.346954e-06	-5.334627e-09	-5.264210e+01	-3.477167e+02
3.100000e-06	-7.403050e-06	-5.353109e-09	-5.304403e+01	-3.489642e+02
3.110000e-06	-7.456282e-06	-5.370652e-09	-5.342545e+01	-3.501258e+02
3.120000e-06	-7.506455e-06	-5.386383e-09	-5.378495e+01	-3.512008e+02
3.130000e-06	-7.553631e-06	-5.399541e-09	-5.412297e+01	-3.521892e+02
3.140000e-06	-7.598222e-06	-5.411260e-09	-5.444247e+01	-3.530922e+02
3.150000e-06	-7.640388e-06	-5.422285e-09	-5.474460e+01	-3.539126e+02
3.160000e-06	-7.679984e-06	-5.432570e-09	-5.502831e+01	-3.546546e+02
3.170000e-06	-7.716929e-06	-5.443482e-09	-5.529302e+01	-3.553238e+02
3.180000e-06	-7.751202e-06	-5.452756e-09	-5.553859e+01	-3.559264e+02
3.190000e-06	-7.782689e-06	-5.459504e-09	-5.576421e+01	-3.564686e+02
3.200000e-06	-7.811281e-06	-5.465130e-09	-5.596907e+01	-3.569557e+02
3.210000e-06	-7.837069e-06	-5.471097e-09	-5.615385e+01	-3.573915e+02
3.220000e-06	-7.859959e-06	-5.476366e-09	-5.631786e+01	-3.577780e+02
3.230000e-06	-7.879976e-06	-5.480726e-09	-5.646129e+01	-3.581151e+02
3.240000e-06	-7.897292e-06	-5.485297e-09	-5.658535e+01	-3.584010e+02
3.250000e-06	-7.911590e-06	-5.489055e-09	-5.668780e+01	-3.586323e+02
3.260000e-06	-7.922730e-06	-5.491742e-09	-5.676762e+01	-3.588048e+02
3.270000e-06	-7.930970e-06	-5.492655e-09	-5.682667e+01	-3.589144e+02
3.280000e-06	-7.936336e-06	-5.491571e-09	-5.686511e+01	-3.589577e+02
3.290000e-06	-7.938928e-06	-5.489137e-09	-5.688368e+01	-3.589325e+02
3.300000e-06	-7.938793e-06	-5.485269e-09	-5.688272e+01	-3.588384e+02
