# Temperatura_=_35.57
# Concentracion g/m^3_=_5000.0
# C_Vs_to_Am_M_A/Vsm_=_65563218390.804596
# pendiente_HvsI_1/m_=_3716.3
# ordenada_HvsI_A/m_=_1297.0
# frecuencia_Hz_=_302492.7872823214

Tiempo_(s)	Campo_(V.s)	Magnetizacion_(V.s)	Campo_(kA/m)	Magnetizacion_(A/m)
0.000000e+00	-7.895518e-06	-5.727064e-09	-5.688757e+01	-3.748546e+02
1.000000e-08	-7.893250e-06	-5.728067e-09	-5.687123e+01	-3.746568e+02
2.000000e-08	-7.888314e-06	-5.722711e-09	-5.683566e+01	-3.743861e+02
3.000000e-08	-7.880847e-06	-5.716983e-09	-5.678186e+01	-3.740567e+02
4.000000e-08	-7.870649e-06	-5.714682e-09	-5.670839e+01	-3.736844e+02
5.000000e-08	-7.857581e-06	-5.710395e-09	-5.661423e+01	-3.732851e+02
6.000000e-08	-7.841558e-06	-5.701864e-09	-5.649878e+01	-3.728722e+02
7.000000e-08	-7.822993e-06	-5.691578e-09	-5.636502e+01	-3.724551e+02
8.000000e-08	-7.802260e-06	-5.680527e-09	-5.621564e+01	-3.720381e+02
9.000000e-08	-7.778839e-06	-5.725748e-09	-5.604689e+01	-3.716192e+02
1.000000e-07	-7.752182e-06	-5.732619e-09	-5.585483e+01	-3.711911e+02
1.100000e-07	-7.722398e-06	-5.677045e-09	-5.564023e+01	-3.707416e+02
1.200000e-07	-7.689806e-06	-5.653660e-09	-5.540540e+01	-3.702556e+02
1.300000e-07	-7.654536e-06	-5.644122e-09	-5.515128e+01	-3.697167e+02
1.400000e-07	-7.616899e-06	-5.605988e-09	-5.488011e+01	-3.691094e+02
1.500000e-07	-7.577267e-06	-5.560053e-09	-5.459455e+01	-3.684208e+02
1.600000e-07	-7.535359e-06	-5.634978e-09	-5.429260e+01	-3.676419e+02
1.700000e-07	-7.490733e-06	-5.633436e-09	-5.397107e+01	-3.667686e+02
1.800000e-07	-7.443513e-06	-5.565708e-09	-5.363085e+01	-3.658016e+02
1.900000e-07	-7.393412e-06	-5.599489e-09	-5.326987e+01	-3.647458e+02
2.000000e-07	-7.340185e-06	-5.522827e-09	-5.288637e+01	-3.636092e+02
2.100000e-07	-7.284265e-06	-5.476128e-09	-5.248346e+01	-3.624015e+02
2.200000e-07	-7.225721e-06	-5.490323e-09	-5.206165e+01	-3.611323e+02
2.300000e-07	-7.164565e-06	-5.469198e-09	-5.162102e+01	-3.598100e+02
2.400000e-07	-7.100829e-06	-5.475080e-09	-5.116179e+01	-3.584404e+02
2.500000e-07	-7.034332e-06	-5.435168e-09	-5.068268e+01	-3.570261e+02
2.600000e-07	-6.965168e-06	-5.431185e-09	-5.018436e+01	-3.555668e+02
2.700000e-07	-6.893357e-06	-5.411521e-09	-4.966695e+01	-3.540590e+02
2.800000e-07	-6.818783e-06	-5.384033e-09	-4.912964e+01	-3.524974e+02
2.900000e-07	-6.741455e-06	-5.353920e-09	-4.857249e+01	-3.508757e+02
3.000000e-07	-6.661326e-06	-5.325262e-09	-4.799516e+01	-3.491878e+02
3.100000e-07	-6.578719e-06	-5.322025e-09	-4.739997e+01	-3.474285e+02
3.200000e-07	-6.493983e-06	-5.264272e-09	-4.678944e+01	-3.455943e+02
3.300000e-07	-6.406990e-06	-5.236830e-09	-4.616266e+01	-3.436841e+02
3.400000e-07	-6.317675e-06	-5.207531e-09	-4.551914e+01	-3.416982e+02
3.500000e-07	-6.226122e-06	-5.167706e-09	-4.485950e+01	-3.396386e+02
3.600000e-07	-6.132323e-06	-5.134506e-09	-4.418367e+01	-3.375080e+02
3.700000e-07	-6.036250e-06	-5.111328e-09	-4.349146e+01	-3.353090e+02
3.800000e-07	-5.937881e-06	-5.094418e-09	-4.278270e+01	-3.330433e+02
3.900000e-07	-5.837378e-06	-5.048514e-09	-4.205857e+01	-3.307113e+02
4.000000e-07	-5.734914e-06	-5.008176e-09	-4.132032e+01	-3.283116e+02
4.100000e-07	-5.630467e-06	-4.959786e-09	-4.056777e+01	-3.258413e+02
4.200000e-07	-5.523966e-06	-4.923150e-09	-3.980043e+01	-3.232960e+02
4.300000e-07	-5.415460e-06	-4.887620e-09	-3.901864e+01	-3.206706e+02
4.400000e-07	-5.305063e-06	-4.853431e-09	-3.822322e+01	-3.179599e+02
4.500000e-07	-5.192727e-06	-4.811479e-09	-3.741384e+01	-3.151589e+02
4.600000e-07	-5.078337e-06	-4.761133e-09	-3.658965e+01	-3.122639e+02
4.700000e-07	-4.961946e-06	-4.708602e-09	-3.575105e+01	-3.092720e+02
4.800000e-07	-4.843722e-06	-4.657381e-09	-3.489924e+01	-3.061814e+02
4.900000e-07	-4.723735e-06	-4.612575e-09	-3.403472e+01	-3.029910e+02
5.000000e-07	-4.602066e-06	-4.561464e-09	-3.315809e+01	-2.996998e+02
5.100000e-07	-4.478685e-06	-4.509145e-09	-3.226913e+01	-2.963064e+02
5.200000e-07	-4.353667e-06	-4.451927e-09	-3.136837e+01	-2.928082e+02
5.300000e-07	-4.227082e-06	-4.401341e-09	-3.045632e+01	-2.892015e+02
5.400000e-07	-4.099019e-06	-4.344727e-09	-2.953362e+01	-2.854807e+02
5.500000e-07	-3.969510e-06	-4.282012e-09	-2.860050e+01	-2.816393e+02
5.600000e-07	-3.838425e-06	-4.217965e-09	-2.765602e+01	-2.776699e+02
5.700000e-07	-3.705809e-06	-4.157235e-09	-2.670052e+01	-2.735651e+02
5.800000e-07	-3.571748e-06	-4.093214e-09	-2.573460e+01	-2.693183e+02
5.900000e-07	-3.436358e-06	-4.023227e-09	-2.475912e+01	-2.649245e+02
6.000000e-07	-3.299734e-06	-3.954208e-09	-2.377473e+01	-2.603807e+02
6.100000e-07	-3.161859e-06	-3.880001e-09	-2.278134e+01	-2.556861e+02
6.200000e-07	-3.022629e-06	-3.804506e-09	-2.177818e+01	-2.508419e+02
6.300000e-07	-2.882055e-06	-3.730512e-09	-2.076534e+01	-2.458503e+02
6.400000e-07	-2.740332e-06	-3.660216e-09	-1.974422e+01	-2.407137e+02
6.500000e-07	-2.597568e-06	-3.583769e-09	-1.871560e+01	-2.354332e+02
6.600000e-07	-2.453792e-06	-3.499892e-09	-1.767968e+01	-2.300077e+02
6.700000e-07	-2.309093e-06	-3.410355e-09	-1.663712e+01	-2.244324e+02
6.800000e-07	-2.163530e-06	-3.319650e-09	-1.558834e+01	-2.186984e+02
6.900000e-07	-2.017190e-06	-3.229504e-09	-1.453394e+01	-2.127930e+02
7.000000e-07	-1.870257e-06	-3.135396e-09	-1.347528e+01	-2.066996e+02
7.100000e-07	-1.722814e-06	-3.037292e-09	-1.241296e+01	-2.003996e+02
7.200000e-07	-1.574851e-06	-2.932522e-09	-1.134687e+01	-1.938733e+02
7.300000e-07	-1.426418e-06	-2.828643e-09	-1.027740e+01	-1.871023e+02
7.400000e-07	-1.277584e-06	-2.722580e-09	-9.205050e+00	-1.800704e+02
7.500000e-07	-1.128347e-06	-2.614519e-09	-8.129795e+00	-1.727657e+02
7.600000e-07	-9.787048e-07	-2.504561e-09	-7.051613e+00	-1.651804e+02
7.700000e-07	-8.287217e-07	-2.389911e-09	-5.970977e+00	-1.573111e+02
7.800000e-07	-6.784748e-07	-2.266408e-09	-4.888442e+00	-1.491575e+02
7.900000e-07	-5.279568e-07	-2.133569e-09	-3.803953e+00	-1.407204e+02
8.000000e-07	-3.772661e-07	-1.997351e-09	-2.718219e+00	-1.319997e+02
8.100000e-07	-2.264873e-07	-1.854845e-09	-1.631852e+00	-1.229918e+02
8.200000e-07	-7.559903e-08	-1.707801e-09	-5.446944e-01	-1.136871e+02
8.300000e-07	7.537083e-08	-1.557162e-09	5.430503e-01	-1.040687e+02
8.400000e-07	2.263347e-07	-1.406356e-09	1.630752e+00	-9.411197e+01
8.500000e-07	3.772264e-07	-1.252691e-09	2.717933e+00	-8.378535e+01
8.600000e-07	5.280701e-07	-1.089647e-09	3.804769e+00	-7.305263e+01
8.700000e-07	6.788263e-07	-9.178280e-10	4.890974e+00	-6.187669e+01
8.800000e-07	8.293445e-07	-7.394584e-10	5.975465e+00	-5.022416e+01
8.900000e-07	9.796111e-07	-5.550502e-10	7.058143e+00	-3.807065e+01
9.000000e-07	1.129618e-06	-3.656402e-10	8.138949e+00	-2.540603e+01
9.100000e-07	1.279273e-06	-1.706319e-10	9.217219e+00	-1.223901e+01
9.200000e-07	1.428488e-06	3.372115e-11	1.029232e+01	1.399541e+00
9.300000e-07	1.577168e-06	2.472901e-10	1.136357e+01	1.545499e+01
9.400000e-07	1.725257e-06	4.683499e-10	1.243056e+01	2.984938e+01
9.500000e-07	1.872717e-06	6.930292e-10	1.349301e+01	4.448406e+01
9.600000e-07	2.019493e-06	9.188862e-10	1.455054e+01	5.924421e+01
9.700000e-07	2.165499e-06	1.143000e-09	1.560252e+01	7.400499e+01
9.800000e-07	2.310640e-06	1.365522e-09	1.664826e+01	8.863865e+01
9.900000e-07	2.454861e-06	1.585200e-09	1.768738e+01	1.030219e+02
1.000000e-06	2.598167e-06	1.798481e-09	1.871991e+01	1.170430e+02
1.010000e-06	2.740550e-06	2.004082e-09	1.974579e+01	1.306073e+02
1.020000e-06	2.881888e-06	2.199778e-09	2.076413e+01	1.436416e+02
1.030000e-06	3.022056e-06	2.384980e-09	2.177405e+01	1.560960e+02
1.040000e-06	3.160969e-06	2.562373e-09	2.277493e+01	1.679442e+02
1.050000e-06	3.298546e-06	2.732749e-09	2.376618e+01	1.791812e+02
1.060000e-06	3.434801e-06	2.895057e-09	2.474790e+01	1.898200e+02
1.070000e-06	3.569762e-06	3.048507e-09	2.572030e+01	1.998865e+02
1.080000e-06	3.703485e-06	3.196170e-09	2.668378e+01	2.094149e+02
1.090000e-06	3.835958e-06	3.334988e-09	2.763825e+01	2.184424e+02
1.100000e-06	3.966992e-06	3.466240e-09	2.858236e+01	2.270052e+02
1.110000e-06	4.096569e-06	3.589696e-09	2.951597e+01	2.351354e+02
1.120000e-06	4.224740e-06	3.708710e-09	3.043945e+01	2.428596e+02
1.130000e-06	4.351454e-06	3.822462e-09	3.135242e+01	2.501983e+02
1.140000e-06	4.476708e-06	3.927475e-09	3.225489e+01	2.571669e+02
1.150000e-06	4.600392e-06	4.027651e-09	3.314604e+01	2.637778e+02
1.160000e-06	4.722434e-06	4.123188e-09	3.402535e+01	2.700427e+02
1.170000e-06	4.842893e-06	4.212946e-09	3.489326e+01	2.759741e+02
1.180000e-06	4.961602e-06	4.294370e-09	3.574857e+01	2.815881e+02
1.190000e-06	5.078356e-06	4.372836e-09	3.658979e+01	2.869043e+02
1.200000e-06	5.193167e-06	4.449568e-09	3.741700e+01	2.919467e+02
1.210000e-06	5.306012e-06	4.525011e-09	3.823006e+01	2.967422e+02
1.220000e-06	5.416869e-06	4.596273e-09	3.902879e+01	3.013190e+02
1.230000e-06	5.525849e-06	4.662921e-09	3.981400e+01	3.057047e+02
1.240000e-06	5.632858e-06	4.727475e-09	4.058500e+01	3.099236e+02
1.250000e-06	5.737754e-06	4.789276e-09	4.134078e+01	3.139947e+02
1.260000e-06	5.840597e-06	4.847293e-09	4.208177e+01	3.179307e+02
1.270000e-06	5.941314e-06	4.902516e-09	4.280744e+01	3.217366e+02
1.280000e-06	6.039806e-06	4.955953e-09	4.351708e+01	3.254108e+02
1.290000e-06	6.136015e-06	5.008029e-09	4.421027e+01	3.289458e+02
1.300000e-06	6.229974e-06	5.058801e-09	4.488725e+01	3.323308e+02
1.310000e-06	6.321691e-06	5.107073e-09	4.554807e+01	3.355534e+02
1.320000e-06	6.411116e-06	5.152053e-09	4.619239e+01	3.386025e+02
1.330000e-06	6.498239e-06	5.194141e-09	4.682011e+01	3.414705e+02
1.340000e-06	6.583075e-06	5.232445e-09	4.743136e+01	3.441547e+02
1.350000e-06	6.665652e-06	5.269186e-09	4.802633e+01	3.466582e+02
1.360000e-06	6.745830e-06	5.304681e-09	4.860401e+01	3.489898e+02
1.370000e-06	6.823519e-06	5.338814e-09	4.916377e+01	3.511630e+02
1.380000e-06	6.898635e-06	5.370473e-09	4.970498e+01	3.531943e+02
1.390000e-06	6.971142e-06	5.397734e-09	5.022740e+01	3.551013e+02
1.400000e-06	7.041179e-06	5.423882e-09	5.073202e+01	3.569005e+02
1.410000e-06	7.108712e-06	5.451191e-09	5.121859e+01	3.586053e+02
1.420000e-06	7.173665e-06	5.478082e-09	5.168659e+01	3.602251e+02
1.430000e-06	7.236132e-06	5.503060e-09	5.213666e+01	3.617647e+02
1.440000e-06	7.296157e-06	5.525392e-09	5.256914e+01	3.632239e+02
1.450000e-06	7.353652e-06	5.544898e-09	5.298340e+01	3.645993e+02
1.460000e-06	7.408502e-06	5.560393e-09	5.337859e+01	3.658854e+02
1.470000e-06	7.460411e-06	5.574339e-09	5.375260e+01	3.670760e+02
1.480000e-06	7.509272e-06	5.589819e-09	5.410465e+01	3.681668e+02
1.490000e-06	7.555386e-06	5.604995e-09	5.443691e+01	3.691559e+02
1.500000e-06	7.598888e-06	5.619585e-09	5.475034e+01	3.700453e+02
1.510000e-06	7.639617e-06	5.634173e-09	5.504379e+01	3.708410e+02
1.520000e-06	7.677610e-06	5.648438e-09	5.531753e+01	3.715520e+02
1.530000e-06	7.712959e-06	5.660617e-09	5.557222e+01	3.721898e+02
1.540000e-06	7.745570e-06	5.670292e-09	5.580719e+01	3.727663e+02
1.550000e-06	7.775438e-06	5.677793e-09	5.602238e+01	3.732924e+02
1.560000e-06	7.802517e-06	5.684306e-09	5.621749e+01	3.737761e+02
1.570000e-06	7.826692e-06	5.690068e-09	5.639168e+01	3.742216e+02
1.580000e-06	7.848091e-06	5.694311e-09	5.654586e+01	3.746283e+02
1.590000e-06	7.866784e-06	5.698089e-09	5.668054e+01	3.749914e+02
1.600000e-06	7.882563e-06	5.702486e-09	5.679423e+01	3.753023e+02
1.610000e-06	7.895305e-06	5.708314e-09	5.688603e+01	3.755506e+02
1.620000e-06	7.904977e-06	5.714510e-09	5.695572e+01	3.757253e+02
1.630000e-06	7.911716e-06	5.717529e-09	5.700428e+01	3.758172e+02
1.640000e-06	7.915718e-06	5.717542e-09	5.703311e+01	3.758206e+02
1.650000e-06	7.916882e-06	5.717300e-09	5.704150e+01	3.757341e+02
1.660000e-06	7.915265e-06	5.711678e-09	5.702985e+01	3.755620e+02
1.670000e-06	7.911109e-06	5.704874e-09	5.699990e+01	3.753130e+02
1.680000e-06	7.904291e-06	5.700786e-09	5.695078e+01	3.750005e+02
1.690000e-06	7.894818e-06	5.698176e-09	5.688252e+01	3.746399e+02
1.700000e-06	7.882639e-06	5.696235e-09	5.679478e+01	3.742474e+02
1.710000e-06	7.867691e-06	5.697201e-09	5.668707e+01	3.738373e+02
1.720000e-06	7.850260e-06	5.700768e-09	5.656148e+01	3.734206e+02
1.730000e-06	7.830594e-06	5.686365e-09	5.641979e+01	3.730032e+02
1.740000e-06	7.808374e-06	5.604617e-09	5.625969e+01	3.725852e+02
1.750000e-06	7.782849e-06	5.614945e-09	5.607578e+01	3.721608e+02
1.760000e-06	7.753649e-06	5.651336e-09	5.586539e+01	3.717195e+02
1.770000e-06	7.721228e-06	5.629665e-09	5.563180e+01	3.712468e+02
1.780000e-06	7.686444e-06	5.630391e-09	5.538118e+01	3.707264e+02
1.790000e-06	7.649445e-06	5.691570e-09	5.511460e+01	3.701423e+02
1.800000e-06	7.610256e-06	5.632681e-09	5.483224e+01	3.694807e+02
1.810000e-06	7.568945e-06	5.581368e-09	5.453459e+01	3.687312e+02
1.820000e-06	7.525150e-06	5.648427e-09	5.421905e+01	3.678881e+02
1.830000e-06	7.478772e-06	5.558687e-09	5.388489e+01	3.669506e+02
1.840000e-06	7.429631e-06	5.617198e-09	5.353083e+01	3.659223e+02
1.850000e-06	7.377567e-06	5.603375e-09	5.315571e+01	3.648104e+02
1.860000e-06	7.322624e-06	5.550012e-09	5.275984e+01	3.636242e+02
1.870000e-06	7.264865e-06	5.575768e-09	5.234368e+01	3.623735e+02
1.880000e-06	7.204609e-06	5.448996e-09	5.190954e+01	3.610672e+02
1.890000e-06	7.141705e-06	5.486534e-09	5.145631e+01	3.597121e+02
1.900000e-06	7.075970e-06	5.462415e-09	5.098268e+01	3.583118e+02
1.910000e-06	7.007502e-06	5.430579e-09	5.048937e+01	3.568669e+02
1.920000e-06	6.936263e-06	5.451177e-09	4.997609e+01	3.553749e+02
1.930000e-06	6.862413e-06	5.379289e-09	4.944400e+01	3.538310e+02
1.940000e-06	6.785875e-06	5.393545e-09	4.889254e+01	3.522291e+02
1.950000e-06	6.706571e-06	5.318339e-09	4.832115e+01	3.505628e+02
1.960000e-06	6.624750e-06	5.317585e-09	4.773163e+01	3.488266e+02
1.970000e-06	6.540550e-06	5.297298e-09	4.712496e+01	3.470164e+02
1.980000e-06	6.453869e-06	5.246205e-09	4.650042e+01	3.451304e+02
1.990000e-06	6.364789e-06	5.253110e-09	4.585860e+01	3.431684e+02
2.000000e-06	6.273677e-06	5.204981e-09	4.520213e+01	3.411319e+02
2.010000e-06	6.180385e-06	5.186207e-09	4.452996e+01	3.390236e+02
2.020000e-06	6.084713e-06	5.119476e-09	4.384063e+01	3.368460e+02
2.030000e-06	5.986810e-06	5.098017e-09	4.313524e+01	3.346014e+02
2.040000e-06	5.886882e-06	5.062309e-09	4.241525e+01	3.322905e+02
2.050000e-06	5.784913e-06	5.041049e-09	4.168056e+01	3.299125e+02
2.060000e-06	5.680814e-06	5.014682e-09	4.093053e+01	3.274650e+02
2.070000e-06	5.574769e-06	4.960795e-09	4.016647e+01	3.249441e+02
2.080000e-06	5.466914e-06	4.916034e-09	3.938937e+01	3.223447e+02
2.090000e-06	5.357203e-06	4.855448e-09	3.859889e+01	3.196617e+02
2.100000e-06	5.245410e-06	4.826592e-09	3.779342e+01	3.168899e+02
2.110000e-06	5.131618e-06	4.788829e-09	3.697354e+01	3.140252e+02
2.120000e-06	5.015918e-06	4.762573e-09	3.613992e+01	3.110644e+02
2.130000e-06	4.898189e-06	4.710672e-09	3.529168e+01	3.080054e+02
2.140000e-06	4.778472e-06	4.659135e-09	3.442911e+01	3.048469e+02
2.150000e-06	4.657011e-06	4.603854e-09	3.355398e+01	3.015879e+02
2.160000e-06	4.533951e-06	4.556981e-09	3.266732e+01	2.982273e+02
2.170000e-06	4.409288e-06	4.505389e-09	3.176912e+01	2.947629e+02
2.180000e-06	4.282951e-06	4.449207e-09	3.085886e+01	2.911913e+02
2.190000e-06	4.154884e-06	4.397935e-09	2.993613e+01	2.875076e+02
2.200000e-06	4.025342e-06	4.339260e-09	2.900277e+01	2.837055e+02
2.210000e-06	3.894374e-06	4.281271e-09	2.805914e+01	2.797777e+02
2.220000e-06	3.762004e-06	4.217766e-09	2.710541e+01	2.757169e+02
2.230000e-06	3.628254e-06	4.158837e-09	2.614174e+01	2.715161e+02
2.240000e-06	3.493055e-06	4.089528e-09	2.516762e+01	2.671697e+02
2.250000e-06	3.356481e-06	4.022956e-09	2.418360e+01	2.626740e+02
2.260000e-06	3.218723e-06	3.953786e-09	2.319105e+01	2.580275e+02
2.270000e-06	3.079818e-06	3.881924e-09	2.219023e+01	2.532309e+02
2.280000e-06	2.939724e-06	3.798387e-09	2.118084e+01	2.482861e+02
2.290000e-06	2.798405e-06	3.715082e-09	2.016264e+01	2.431956e+02
2.300000e-06	2.655938e-06	3.635585e-09	1.913615e+01	2.379612e+02
2.310000e-06	2.512510e-06	3.556805e-09	1.810275e+01	2.325823e+02
2.320000e-06	2.368181e-06	3.480417e-09	1.706285e+01	2.270556e+02
2.330000e-06	2.223060e-06	3.399607e-09	1.601725e+01	2.213736e+02
2.340000e-06	2.077230e-06	3.309469e-09	1.496654e+01	2.155246e+02
2.350000e-06	1.930686e-06	3.210029e-09	1.391068e+01	2.094933e+02
2.360000e-06	1.783496e-06	3.110934e-09	1.285017e+01	2.032616e+02
2.370000e-06	1.635809e-06	3.014224e-09	1.178608e+01	1.968099e+02
2.380000e-06	1.487662e-06	2.915763e-09	1.071867e+01	1.901191e+02
2.390000e-06	1.339034e-06	2.811423e-09	9.647800e+00	1.831723e+02
2.400000e-06	1.189935e-06	2.700476e-09	8.573534e+00	1.759561e+02
2.410000e-06	1.040398e-06	2.582672e-09	7.496115e+00	1.684613e+02
2.420000e-06	8.905121e-07	2.463268e-09	6.416181e+00	1.606832e+02
2.430000e-06	7.403502e-07	2.343463e-09	5.334257e+00	1.526205e+02
2.440000e-06	5.899560e-07	2.221350e-09	4.250660e+00	1.442742e+02
2.450000e-06	4.393563e-07	2.091201e-09	3.165583e+00	1.356446e+02
2.460000e-06	2.885890e-07	1.953932e-09	2.079297e+00	1.267294e+02
2.470000e-06	1.377019e-07	1.812550e-09	9.921486e-01	1.175213e+02
2.480000e-06	-1.323361e-08	1.667167e-09	-9.534875e-02	1.080057e+02
2.490000e-06	-1.641863e-07	1.519105e-09	-1.182970e+00	9.816062e+01
2.500000e-06	-3.151437e-07	1.364477e-09	-2.270625e+00	8.795640e+01
2.510000e-06	-4.660123e-07	1.201936e-09	-3.357640e+00	7.735802e+01
2.520000e-06	-6.167231e-07	1.033593e-09	-4.443518e+00	6.632819e+01
2.530000e-06	-7.672357e-07	8.605372e-10	-5.527968e+00	5.483176e+01
2.540000e-06	-9.175397e-07	6.791204e-10	-6.610915e+00	4.284089e+01
2.550000e-06	-1.067576e-06	4.866977e-10	-7.691934e+00	3.034031e+01
2.560000e-06	-1.217207e-06	2.838202e-10	-8.770029e+00	1.733224e+01
2.570000e-06	-1.366360e-06	7.335257e-11	-9.844688e+00	3.840163e+00
2.580000e-06	-1.514988e-06	-1.404676e-10	-1.091556e+01	-1.008898e+01
2.590000e-06	-1.663075e-06	-3.564617e-10	-1.198253e+01	-2.438454e+01
2.600000e-06	-1.810605e-06	-5.770834e-10	-1.304549e+01	-3.895413e+01
2.610000e-06	-1.957511e-06	-8.032321e-10	-1.410396e+01	-5.368750e+01
2.620000e-06	-2.103746e-06	-1.030078e-09	-1.515758e+01	-6.846230e+01
2.630000e-06	-2.249205e-06	-1.256194e-09	-1.620563e+01	-8.315091e+01
2.640000e-06	-2.393759e-06	-1.479437e-09	-1.724714e+01	-9.762784e+01
2.650000e-06	-2.537269e-06	-1.697900e-09	-1.828114e+01	-1.117769e+02
2.660000e-06	-2.679706e-06	-1.910641e-09	-1.930740e+01	-1.254974e+02
2.670000e-06	-2.821093e-06	-2.115713e-09	-2.032610e+01	-1.387088e+02
2.680000e-06	-2.961343e-06	-2.310305e-09	-2.133661e+01	-1.513539e+02
2.690000e-06	-3.100432e-06	-2.492180e-09	-2.233875e+01	-1.633987e+02
2.700000e-06	-3.238405e-06	-2.662237e-09	-2.333285e+01	-1.748319e+02
2.710000e-06	-3.375149e-06	-2.824101e-09	-2.431811e+01	-1.856609e+02
2.720000e-06	-3.510549e-06	-2.980331e-09	-2.529367e+01	-1.959082e+02
2.730000e-06	-3.644679e-06	-3.129470e-09	-2.626008e+01	-2.056058e+02
2.740000e-06	-3.777555e-06	-3.269939e-09	-2.721746e+01	-2.147905e+02
2.750000e-06	-3.909088e-06	-3.405048e-09	-2.816516e+01	-2.234992e+02
2.760000e-06	-4.039252e-06	-3.536828e-09	-2.910300e+01	-2.317656e+02
2.770000e-06	-4.168031e-06	-3.661437e-09	-3.003085e+01	-2.396181e+02
2.780000e-06	-4.295328e-06	-3.776880e-09	-3.094804e+01	-2.470791e+02
2.790000e-06	-4.421188e-06	-3.883263e-09	-3.185487e+01	-2.541654e+02
2.800000e-06	-4.545597e-06	-3.981357e-09	-3.275123e+01	-2.608904e+02
2.810000e-06	-4.668377e-06	-4.073083e-09	-3.363587e+01	-2.672655e+02
2.820000e-06	-4.789402e-06	-4.161118e-09	-3.450786e+01	-2.733028e+02
2.830000e-06	-4.908599e-06	-4.247786e-09	-3.536668e+01	-2.790171e+02
2.840000e-06	-5.025887e-06	-4.333135e-09	-3.621175e+01	-2.844269e+02
2.850000e-06	-5.141133e-06	-4.414955e-09	-3.704210e+01	-2.895548e+02
2.860000e-06	-5.254319e-06	-4.491487e-09	-3.785761e+01	-2.944269e+02
2.870000e-06	-5.365485e-06	-4.565322e-09	-3.865857e+01	-2.990712e+02
2.880000e-06	-5.474683e-06	-4.635726e-09	-3.944534e+01	-3.035158e+02
2.890000e-06	-5.581985e-06	-4.700551e-09	-4.021846e+01	-3.077862e+02
2.900000e-06	-5.687346e-06	-4.761353e-09	-4.097759e+01	-3.119034e+02
2.910000e-06	-5.790590e-06	-4.821311e-09	-4.172147e+01	-3.158821e+02
2.920000e-06	-5.891679e-06	-4.882992e-09	-4.244982e+01	-3.197300e+02
2.930000e-06	-5.990650e-06	-4.942668e-09	-4.316291e+01	-3.234474e+02
2.940000e-06	-6.087463e-06	-4.999368e-09	-4.386045e+01	-3.270285e+02
2.950000e-06	-6.182078e-06	-5.053104e-09	-4.454216e+01	-3.304634e+02
2.960000e-06	-6.274446e-06	-5.103269e-09	-4.520767e+01	-3.337397e+02
2.970000e-06	-6.364631e-06	-5.152305e-09	-4.585746e+01	-3.368459e+02
2.980000e-06	-6.452566e-06	-5.199208e-09	-4.649103e+01	-3.397730e+02
2.990000e-06	-6.538188e-06	-5.241925e-09	-4.710794e+01	-3.425164e+02
3.000000e-06	-6.621473e-06	-5.280426e-09	-4.770801e+01	-3.450776e+02
3.010000e-06	-6.702372e-06	-5.315482e-09	-4.829090e+01	-3.474635e+02
3.020000e-06	-6.780784e-06	-5.349260e-09	-4.885586e+01	-3.496862e+02
3.030000e-06	-6.856524e-06	-5.381969e-09	-4.940157e+01	-3.517615e+02
3.040000e-06	-6.929737e-06	-5.413138e-09	-4.992907e+01	-3.537069e+02
3.050000e-06	-7.000476e-06	-5.442276e-09	-5.043875e+01	-3.555393e+02
3.060000e-06	-7.068647e-06	-5.471396e-09	-5.092993e+01	-3.572735e+02
3.070000e-06	-7.134331e-06	-5.498461e-09	-5.140318e+01	-3.589202e+02
3.080000e-06	-7.197446e-06	-5.522841e-09	-5.185793e+01	-3.604856e+02
3.090000e-06	-7.257951e-06	-5.545447e-09	-5.229387e+01	-3.619712e+02
3.100000e-06	-7.315904e-06	-5.567589e-09	-5.271142e+01	-3.633744e+02
3.110000e-06	-7.371249e-06	-5.586603e-09	-5.311018e+01	-3.646901e+02
3.120000e-06	-7.423761e-06	-5.600802e-09	-5.348854e+01	-3.659123e+02
3.130000e-06	-7.473198e-06	-5.614369e-09	-5.384473e+01	-3.670358e+02
3.140000e-06	-7.519738e-06	-5.630023e-09	-5.418006e+01	-3.680578e+02
3.150000e-06	-7.563784e-06	-5.645880e-09	-5.449741e+01	-3.689791e+02
3.160000e-06	-7.605436e-06	-5.660699e-09	-5.479751e+01	-3.698043e+02
3.170000e-06	-7.644439e-06	-5.673948e-09	-5.507853e+01	-3.705417e+02
3.180000e-06	-7.680739e-06	-5.685867e-09	-5.534008e+01	-3.712019e+02
3.190000e-06	-7.714387e-06	-5.697307e-09	-5.558251e+01	-3.717972e+02
3.200000e-06	-7.745150e-06	-5.704964e-09	-5.580416e+01	-3.723387e+02
3.210000e-06	-7.772991e-06	-5.710821e-09	-5.600476e+01	-3.728357e+02
3.220000e-06	-7.798102e-06	-5.715383e-09	-5.618568e+01	-3.732936e+02
3.230000e-06	-7.820447e-06	-5.718609e-09	-5.634668e+01	-3.737134e+02
3.240000e-06	-7.839990e-06	-5.722843e-09	-5.648749e+01	-3.740915e+02
3.250000e-06	-7.856734e-06	-5.728612e-09	-5.660813e+01	-3.744206e+02
3.260000e-06	-7.870406e-06	-5.734530e-09	-5.670664e+01	-3.746905e+02
3.270000e-06	-7.880972e-06	-5.738059e-09	-5.678276e+01	-3.748902e+02
3.280000e-06	-7.888633e-06	-5.737362e-09	-5.683797e+01	-3.750099e+02
3.290000e-06	-7.893473e-06	-5.736205e-09	-5.687284e+01	-3.750424e+02
3.300000e-06	-7.895573e-06	-5.733009e-09	-5.688796e+01	-3.749849e+02
