# Temperatura_=_42.56
# Concentracion g/m^3_=_5000.0
# C_Vs_to_Am_M_A/Vsm_=_65563218390.804596
# pendiente_HvsI_1/m_=_3716.3
# ordenada_HvsI_A/m_=_1297.0
# frecuencia_Hz_=_302491.9491371634

Tiempo_(s)	Campo_(V.s)	Magnetizacion_(V.s)	Campo_(kA/m)	Magnetizacion_(A/m)
0.000000e+00	-7.890367e-06	-5.671868e-09	-5.688124e+01	-3.715646e+02
1.000000e-08	-7.888098e-06	-5.673448e-09	-5.686488e+01	-3.713628e+02
2.000000e-08	-7.883152e-06	-5.668660e-09	-5.682923e+01	-3.710877e+02
3.000000e-08	-7.875693e-06	-5.662123e-09	-5.677546e+01	-3.707527e+02
4.000000e-08	-7.865498e-06	-5.658117e-09	-5.670196e+01	-3.703728e+02
5.000000e-08	-7.852383e-06	-5.651562e-09	-5.660742e+01	-3.699629e+02
6.000000e-08	-7.836279e-06	-5.641705e-09	-5.649132e+01	-3.695358e+02
7.000000e-08	-7.817633e-06	-5.631277e-09	-5.635690e+01	-3.691002e+02
8.000000e-08	-7.796841e-06	-5.621095e-09	-5.620702e+01	-3.686596e+02
9.000000e-08	-7.773414e-06	-5.665546e-09	-5.603813e+01	-3.682122e+02
1.000000e-07	-7.746783e-06	-5.680299e-09	-5.584615e+01	-3.677504e+02
1.100000e-07	-7.717036e-06	-5.624540e-09	-5.563171e+01	-3.672628e+02
1.200000e-07	-7.684542e-06	-5.592177e-09	-5.539746e+01	-3.667346e+02
1.300000e-07	-7.649380e-06	-5.581191e-09	-5.514397e+01	-3.661506e+02
1.400000e-07	-7.611788e-06	-5.550416e-09	-5.487298e+01	-3.654963e+02
1.500000e-07	-7.572143e-06	-5.502508e-09	-5.458718e+01	-3.647598e+02
1.600000e-07	-7.530221e-06	-5.566470e-09	-5.428496e+01	-3.639334e+02
1.700000e-07	-7.485598e-06	-5.579572e-09	-5.396328e+01	-3.630137e+02
1.800000e-07	-7.438357e-06	-5.490863e-09	-5.362272e+01	-3.620021e+02
1.900000e-07	-7.388321e-06	-5.540978e-09	-5.326201e+01	-3.609038e+02
2.000000e-07	-7.335212e-06	-5.487045e-09	-5.287916e+01	-3.597268e+02
2.100000e-07	-7.279344e-06	-5.412847e-09	-5.247641e+01	-3.584806e+02
2.200000e-07	-7.220823e-06	-5.422770e-09	-5.205453e+01	-3.571745e+02
2.300000e-07	-7.159642e-06	-5.397123e-09	-5.161348e+01	-3.558165e+02
2.400000e-07	-7.095867e-06	-5.412577e-09	-5.115374e+01	-3.544120e+02
2.500000e-07	-7.029342e-06	-5.371968e-09	-5.067416e+01	-3.529635e+02
2.600000e-07	-6.960157e-06	-5.363914e-09	-5.017541e+01	-3.514704e+02
2.700000e-07	-6.888384e-06	-5.341621e-09	-4.965800e+01	-3.499296e+02
2.800000e-07	-6.813840e-06	-5.307171e-09	-4.912061e+01	-3.483360e+02
2.900000e-07	-6.736511e-06	-5.285266e-09	-4.856315e+01	-3.466836e+02
3.000000e-07	-6.656429e-06	-5.265078e-09	-4.798584e+01	-3.449667e+02
3.100000e-07	-6.573826e-06	-5.265890e-09	-4.739036e+01	-3.431804e+02
3.200000e-07	-6.489033e-06	-5.201782e-09	-4.677910e+01	-3.413212e+02
3.300000e-07	-6.402060e-06	-5.163700e-09	-4.615212e+01	-3.393873e+02
3.400000e-07	-6.312808e-06	-5.139094e-09	-4.550870e+01	-3.373787e+02
3.500000e-07	-6.221248e-06	-5.098629e-09	-4.484865e+01	-3.352962e+02
3.600000e-07	-6.127424e-06	-5.062126e-09	-4.417227e+01	-3.331412e+02
3.700000e-07	-6.031362e-06	-5.039703e-09	-4.347977e+01	-3.309149e+02
3.800000e-07	-5.933062e-06	-5.023346e-09	-4.277113e+01	-3.286178e+02
3.900000e-07	-5.832591e-06	-4.975522e-09	-4.204684e+01	-3.262491e+02
4.000000e-07	-5.730135e-06	-4.934188e-09	-4.130824e+01	-3.238067e+02
4.100000e-07	-5.625711e-06	-4.893245e-09	-4.055546e+01	-3.212872e+02
4.200000e-07	-5.519259e-06	-4.853273e-09	-3.978804e+01	-3.186867e+02
4.300000e-07	-5.410838e-06	-4.807427e-09	-3.900645e+01	-3.160007e+02
4.400000e-07	-5.300546e-06	-4.770776e-09	-3.821136e+01	-3.132251e+02
4.500000e-07	-5.188331e-06	-4.736477e-09	-3.740241e+01	-3.103565e+02
4.600000e-07	-5.074031e-06	-4.686612e-09	-3.657842e+01	-3.073928e+02
4.700000e-07	-4.957698e-06	-4.629698e-09	-3.573979e+01	-3.043326e+02
4.800000e-07	-4.839529e-06	-4.580429e-09	-3.488791e+01	-3.011754e+02
4.900000e-07	-4.719587e-06	-4.537609e-09	-3.402325e+01	-2.979213e+02
5.000000e-07	-4.597958e-06	-4.489283e-09	-3.314643e+01	-2.945698e+02
5.100000e-07	-4.474617e-06	-4.438793e-09	-3.225728e+01	-2.911198e+02
5.200000e-07	-4.349618e-06	-4.379749e-09	-3.135617e+01	-2.875688e+02
5.300000e-07	-4.223097e-06	-4.319203e-09	-3.044408e+01	-2.839126e+02
5.400000e-07	-4.095073e-06	-4.254066e-09	-2.952116e+01	-2.801455e+02
5.500000e-07	-3.965600e-06	-4.192781e-09	-2.858780e+01	-2.762608e+02
5.600000e-07	-3.834545e-06	-4.131791e-09	-2.764303e+01	-2.722510e+02
5.700000e-07	-3.701939e-06	-4.070856e-09	-2.668709e+01	-2.681090e+02
5.800000e-07	-3.567990e-06	-4.008538e-09	-2.572145e+01	-2.638289e+02
5.900000e-07	-3.432686e-06	-3.942927e-09	-2.474605e+01	-2.594064e+02
6.000000e-07	-3.296078e-06	-3.874475e-09	-2.376125e+01	-2.548394e+02
6.100000e-07	-3.158250e-06	-3.799477e-09	-2.276766e+01	-2.501280e+02
6.200000e-07	-3.019072e-06	-3.722421e-09	-2.176433e+01	-2.452740e+02
6.300000e-07	-2.878563e-06	-3.644591e-09	-2.075141e+01	-2.402797e+02
6.400000e-07	-2.736916e-06	-3.569889e-09	-1.973029e+01	-2.351474e+02
6.500000e-07	-2.594164e-06	-3.492550e-09	-1.870119e+01	-2.298773e+02
6.600000e-07	-2.450431e-06	-3.412252e-09	-1.766503e+01	-2.244672e+02
6.700000e-07	-2.305784e-06	-3.325570e-09	-1.662227e+01	-2.189108e+02
6.800000e-07	-2.160228e-06	-3.235255e-09	-1.557297e+01	-2.131978e+02
6.900000e-07	-2.013969e-06	-3.145823e-09	-1.451860e+01	-2.073138e+02
7.000000e-07	-1.867113e-06	-3.053965e-09	-1.345992e+01	-2.012415e+02
7.100000e-07	-1.719705e-06	-2.959063e-09	-1.239726e+01	-1.949618e+02
7.200000e-07	-1.571799e-06	-2.856868e-09	-1.133102e+01	-1.884553e+02
7.300000e-07	-1.423436e-06	-2.751348e-09	-1.026147e+01	-1.817045e+02
7.400000e-07	-1.274660e-06	-2.641319e-09	-9.188956e+00	-1.746950e+02
7.500000e-07	-1.125450e-06	-2.529949e-09	-8.113307e+00	-1.674161e+02
7.600000e-07	-9.758918e-07	-2.420926e-09	-7.035153e+00	-1.598620e+02
7.700000e-07	-8.260617e-07	-2.309736e-09	-5.955036e+00	-1.520302e+02
7.800000e-07	-6.759224e-07	-2.188374e-09	-4.872689e+00	-1.439205e+02
7.900000e-07	-5.255163e-07	-2.058311e-09	-3.788419e+00	-1.355326e+02
8.000000e-07	-3.749012e-07	-1.922979e-09	-2.702643e+00	-1.268638e+02
8.100000e-07	-2.241737e-07	-1.780636e-09	-1.616057e+00	-1.179064e+02
8.200000e-07	-7.336442e-08	-1.633161e-09	-5.288802e-01	-1.086456e+02
8.300000e-07	7.753766e-08	-1.482282e-09	5.589649e-01	-9.905820e+01
8.400000e-07	2.284522e-07	-1.330638e-09	1.646900e+00	-8.911313e+01
8.500000e-07	3.793135e-07	-1.174840e-09	2.734451e+00	-7.877275e+01
8.600000e-07	5.300838e-07	-1.012575e-09	3.821346e+00	-6.799602e+01
8.700000e-07	6.807034e-07	-8.420897e-10	4.907155e+00	-5.674290e+01
8.800000e-07	8.310805e-07	-6.627897e-10	5.991216e+00	-4.497962e+01
8.900000e-07	9.811951e-07	-4.749099e-10	7.073384e+00	-3.268435e+01
9.000000e-07	1.131039e-06	-2.823329e-10	8.153602e+00	-1.985255e+01
9.100000e-07	1.280477e-06	-8.412205e-11	9.230890e+00	-6.501477e+00
9.200000e-07	1.429415e-06	1.240443e-10	1.030458e+01	7.327026e+00
9.300000e-07	1.577907e-06	3.420402e-10	1.137505e+01	2.156559e+01
9.400000e-07	1.725888e-06	5.662444e-10	1.244184e+01	3.612273e+01
9.500000e-07	1.873232e-06	7.921718e-10	1.350403e+01	5.088643e+01
9.600000e-07	2.019919e-06	1.018394e-09	1.456149e+01	6.572979e+01
9.700000e-07	2.165895e-06	1.241616e-09	1.561383e+01	8.051805e+01
9.800000e-07	2.311065e-06	1.462356e-09	1.666035e+01	9.511650e+01
9.900000e-07	2.455333e-06	1.679030e-09	1.770037e+01	1.093983e+02
1.000000e-06	2.598619e-06	1.889329e-09	1.873331e+01	1.232518e+02
1.010000e-06	2.740898e-06	2.093075e-09	1.975899e+01	1.365860e+02
1.020000e-06	2.882105e-06	2.286434e-09	2.077694e+01	1.493342e+02
1.030000e-06	3.022119e-06	2.467959e-09	2.178630e+01	1.614559e+02
1.040000e-06	3.160838e-06	2.638976e-09	2.278632e+01	1.729355e+02
1.050000e-06	3.298277e-06	2.800886e-09	2.377710e+01	1.837796e+02
1.060000e-06	3.434473e-06	2.955008e-09	2.475893e+01	1.940126e+02
1.070000e-06	3.569398e-06	3.101641e-09	2.573160e+01	2.036712e+02
1.080000e-06	3.703068e-06	3.243749e-09	2.669522e+01	2.127987e+02
1.090000e-06	3.835426e-06	3.379155e-09	2.764938e+01	2.214397e+02
1.100000e-06	3.966338e-06	3.507063e-09	2.859312e+01	2.296358e+02
1.110000e-06	4.095811e-06	3.626536e-09	2.952648e+01	2.374226e+02
1.120000e-06	4.223859e-06	3.739631e-09	3.044958e+01	2.448280e+02
1.130000e-06	4.350416e-06	3.846755e-09	3.136192e+01	2.518726e+02
1.140000e-06	4.475541e-06	3.947183e-09	3.226394e+01	2.585711e+02
1.150000e-06	4.599157e-06	4.041874e-09	3.315508e+01	2.649340e+02
1.160000e-06	4.721094e-06	4.130912e-09	3.403412e+01	2.709707e+02
1.170000e-06	4.841340e-06	4.215154e-09	3.490097e+01	2.766917e+02
1.180000e-06	4.959859e-06	4.295473e-09	3.575536e+01	2.821108e+02
1.190000e-06	5.076558e-06	4.374295e-09	3.659664e+01	2.872456e+02
1.200000e-06	5.191292e-06	4.449711e-09	3.742375e+01	2.921183e+02
1.210000e-06	5.304003e-06	4.522225e-09	3.823628e+01	2.967540e+02
1.220000e-06	5.414750e-06	4.591107e-09	3.903465e+01	3.011795e+02
1.230000e-06	5.523620e-06	4.656373e-09	3.981948e+01	3.054206e+02
1.240000e-06	5.630561e-06	4.718487e-09	4.059042e+01	3.095002e+02
1.250000e-06	5.735380e-06	4.777856e-09	4.134605e+01	3.134358e+02
1.260000e-06	5.838041e-06	4.833762e-09	4.208613e+01	3.172386e+02
1.270000e-06	5.938615e-06	4.886613e-09	4.281116e+01	3.209126e+02
1.280000e-06	6.036992e-06	4.937272e-09	4.352036e+01	3.244553e+02
1.290000e-06	6.133050e-06	4.985641e-09	4.421284e+01	3.278590e+02
1.300000e-06	6.226897e-06	5.034174e-09	4.488938e+01	3.311126e+02
1.310000e-06	6.318581e-06	5.080768e-09	4.555032e+01	3.342046e+02
1.320000e-06	6.407972e-06	5.123432e-09	4.619473e+01	3.371249e+02
1.330000e-06	6.495014e-06	5.163184e-09	4.682221e+01	3.398674e+02
1.340000e-06	6.579876e-06	5.201447e-09	4.743398e+01	3.424311e+02
1.350000e-06	6.662538e-06	5.238721e-09	4.802989e+01	3.448208e+02
1.360000e-06	6.742746e-06	5.272361e-09	4.860810e+01	3.470467e+02
1.370000e-06	6.820369e-06	5.302249e-09	4.916768e+01	3.491234e+02
1.380000e-06	6.895345e-06	5.330389e-09	4.970818e+01	3.510677e+02
1.390000e-06	6.967732e-06	5.357313e-09	5.023002e+01	3.528973e+02
1.400000e-06	7.037730e-06	5.383719e-09	5.073463e+01	3.546277e+02
1.410000e-06	7.105314e-06	5.410433e-09	5.122184e+01	3.562711e+02
1.420000e-06	7.170235e-06	5.435797e-09	5.168985e+01	3.578352e+02
1.430000e-06	7.232598e-06	5.460256e-09	5.213942e+01	3.593227e+02
1.440000e-06	7.292601e-06	5.481662e-09	5.257198e+01	3.607316e+02
1.450000e-06	7.350026e-06	5.500400e-09	5.298595e+01	3.620567e+02
1.460000e-06	7.404768e-06	5.516777e-09	5.338058e+01	3.632910e+02
1.470000e-06	7.456674e-06	5.529967e-09	5.375477e+01	3.644278e+02
1.480000e-06	7.505522e-06	5.543898e-09	5.410691e+01	3.654623e+02
1.490000e-06	7.551563e-06	5.559537e-09	5.443882e+01	3.663930e+02
1.500000e-06	7.595010e-06	5.575069e-09	5.475203e+01	3.672228e+02
1.510000e-06	7.635714e-06	5.589112e-09	5.504546e+01	3.679586e+02
1.520000e-06	7.673655e-06	5.602584e-09	5.531898e+01	3.686110e+02
1.530000e-06	7.709005e-06	5.614435e-09	5.557381e+01	3.691927e+02
1.540000e-06	7.741629e-06	5.622674e-09	5.580900e+01	3.697171e+02
1.550000e-06	7.771441e-06	5.629362e-09	5.602391e+01	3.701958e+02
1.560000e-06	7.798511e-06	5.636699e-09	5.621906e+01	3.706377e+02
1.570000e-06	7.822692e-06	5.644159e-09	5.639338e+01	3.710472e+02
1.580000e-06	7.844069e-06	5.649946e-09	5.654748e+01	3.714237e+02
1.590000e-06	7.862798e-06	5.654573e-09	5.668250e+01	3.717622e+02
1.600000e-06	7.878622e-06	5.658887e-09	5.679657e+01	3.720536e+02
1.610000e-06	7.891336e-06	5.663194e-09	5.688823e+01	3.722867e+02
1.620000e-06	7.900944e-06	5.667944e-09	5.695749e+01	3.724499e+02
1.630000e-06	7.907601e-06	5.671483e-09	5.700548e+01	3.725334e+02
1.640000e-06	7.911509e-06	5.673235e-09	5.703365e+01	3.725305e+02
1.650000e-06	7.912598e-06	5.674906e-09	5.704150e+01	3.724392e+02
1.660000e-06	7.910965e-06	5.670203e-09	5.702973e+01	3.722629e+02
1.670000e-06	7.906758e-06	5.661699e-09	5.699940e+01	3.720098e+02
1.680000e-06	7.899876e-06	5.657178e-09	5.694979e+01	3.716921e+02
1.690000e-06	7.890391e-06	5.654641e-09	5.688141e+01	3.713247e+02
1.700000e-06	7.878156e-06	5.652839e-09	5.679322e+01	3.709226e+02
1.710000e-06	7.863084e-06	5.653350e-09	5.668456e+01	3.704996e+02
1.720000e-06	7.845528e-06	5.656469e-09	5.655800e+01	3.700657e+02
1.730000e-06	7.825803e-06	5.643538e-09	5.641580e+01	3.696264e+02
1.740000e-06	7.803547e-06	5.559489e-09	5.625536e+01	3.691814e+02
1.750000e-06	7.777945e-06	5.561863e-09	5.607079e+01	3.687251e+02
1.760000e-06	7.748703e-06	5.599523e-09	5.585999e+01	3.682470e+02
1.770000e-06	7.716317e-06	5.584228e-09	5.562652e+01	3.677332e+02
1.780000e-06	7.681499e-06	5.587020e-09	5.537552e+01	3.671686e+02
1.790000e-06	7.644366e-06	5.649457e-09	5.510783e+01	3.665380e+02
1.800000e-06	7.605142e-06	5.587794e-09	5.482507e+01	3.658287e+02
1.810000e-06	7.563895e-06	5.506676e-09	5.452772e+01	3.650315e+02
1.820000e-06	7.520115e-06	5.592223e-09	5.421212e+01	3.641415e+02
1.830000e-06	7.473739e-06	5.507676e-09	5.387779e+01	3.631588e+02
1.840000e-06	7.424616e-06	5.549195e-09	5.352366e+01	3.620873e+02
1.850000e-06	7.372528e-06	5.553390e-09	5.314817e+01	3.609343e+02
1.860000e-06	7.317588e-06	5.485969e-09	5.275210e+01	3.597090e+02
1.870000e-06	7.259901e-06	5.528939e-09	5.233624e+01	3.584209e+02
1.880000e-06	7.199682e-06	5.400601e-09	5.190213e+01	3.570786e+02
1.890000e-06	7.136726e-06	5.424562e-09	5.144828e+01	3.556883e+02
1.900000e-06	7.070881e-06	5.401146e-09	5.097361e+01	3.542536e+02
1.910000e-06	7.002390e-06	5.351917e-09	5.047986e+01	3.527748e+02
1.920000e-06	6.931173e-06	5.392234e-09	4.996646e+01	3.512495e+02
1.930000e-06	6.857302e-06	5.329298e-09	4.943393e+01	3.496731e+02
1.940000e-06	6.780731e-06	5.340030e-09	4.888193e+01	3.480400e+02
1.950000e-06	6.701386e-06	5.254903e-09	4.830994e+01	3.463442e+02
1.960000e-06	6.619573e-06	5.244889e-09	4.772016e+01	3.445803e+02
1.970000e-06	6.535404e-06	5.240681e-09	4.711338e+01	3.427445e+02
1.980000e-06	6.448841e-06	5.179408e-09	4.648936e+01	3.408344e+02
1.990000e-06	6.359915e-06	5.191611e-09	4.584830e+01	3.388495e+02
2.000000e-06	6.268811e-06	5.141959e-09	4.519153e+01	3.367903e+02
2.010000e-06	6.175458e-06	5.113913e-09	4.451855e+01	3.346581e+02
2.020000e-06	6.079797e-06	5.047707e-09	4.382893e+01	3.324544e+02
2.030000e-06	5.981978e-06	5.032290e-09	4.312377e+01	3.301798e+02
2.040000e-06	5.882077e-06	5.012916e-09	4.240358e+01	3.278340e+02
2.050000e-06	5.780072e-06	4.980296e-09	4.166824e+01	3.254153e+02
2.060000e-06	5.675963e-06	4.945545e-09	4.091772e+01	3.229207e+02
2.070000e-06	5.569922e-06	4.891528e-09	4.015328e+01	3.203464e+02
2.080000e-06	5.462020e-06	4.848632e-09	3.937541e+01	3.176881e+02
2.090000e-06	5.352240e-06	4.786847e-09	3.858402e+01	3.149414e+02
2.100000e-06	5.240459e-06	4.759523e-09	3.777819e+01	3.121027e+02
2.110000e-06	5.126721e-06	4.719163e-09	3.695826e+01	3.091695e+02
2.120000e-06	5.011046e-06	4.682615e-09	3.612437e+01	3.061400e+02
2.130000e-06	4.893404e-06	4.630205e-09	3.527629e+01	3.030138e+02
2.140000e-06	4.773826e-06	4.583877e-09	3.441426e+01	2.997905e+02
2.150000e-06	4.652400e-06	4.531534e-09	3.353891e+01	2.964701e+02
2.160000e-06	4.529321e-06	4.474881e-09	3.265164e+01	2.930517e+02
2.170000e-06	4.404668e-06	4.421304e-09	3.175302e+01	2.895332e+02
2.180000e-06	4.278409e-06	4.369021e-09	3.084283e+01	2.859111e+02
2.190000e-06	4.150455e-06	4.320214e-09	2.992042e+01	2.821801e+02
2.200000e-06	4.020970e-06	4.260658e-09	2.898696e+01	2.783336e+02
2.210000e-06	3.890067e-06	4.198696e-09	2.804329e+01	2.743645e+02
2.220000e-06	3.757750e-06	4.129681e-09	2.708942e+01	2.702655e+02
2.230000e-06	3.624010e-06	4.068962e-09	2.612529e+01	2.660300e+02
2.240000e-06	3.488859e-06	4.006910e-09	2.515100e+01	2.616534e+02
2.250000e-06	3.352363e-06	3.947594e-09	2.416701e+01	2.571326e+02
2.260000e-06	3.214682e-06	3.879140e-09	2.317448e+01	2.524673e+02
2.270000e-06	3.075822e-06	3.800560e-09	2.217344e+01	2.476585e+02
2.280000e-06	2.935745e-06	3.712132e-09	2.116363e+01	2.427087e+02
2.290000e-06	2.794547e-06	3.628468e-09	2.014574e+01	2.376203e+02
2.300000e-06	2.652240e-06	3.551300e-09	1.911986e+01	2.323944e+02
2.310000e-06	2.508900e-06	3.474468e-09	1.808653e+01	2.270295e+02
2.320000e-06	2.364610e-06	3.396139e-09	1.704635e+01	2.215207e+02
2.330000e-06	2.219545e-06	3.311748e-09	1.600058e+01	2.158591e+02
2.340000e-06	2.073834e-06	3.224198e-09	1.495016e+01	2.100315e+02
2.350000e-06	1.927429e-06	3.130106e-09	1.389474e+01	2.040215e+02
2.360000e-06	1.780295e-06	3.032763e-09	1.283406e+01	1.978103e+02
2.370000e-06	1.632602e-06	2.933008e-09	1.176934e+01	1.913785e+02
2.380000e-06	1.484464e-06	2.829488e-09	1.070142e+01	1.847077e+02
2.390000e-06	1.335842e-06	2.723073e-09	9.630014e+00	1.777824e+02
2.400000e-06	1.186785e-06	2.613504e-09	8.555474e+00	1.705907e+02
2.410000e-06	1.037368e-06	2.499392e-09	7.478332e+00	1.631252e+02
2.420000e-06	8.876252e-07	2.382793e-09	6.398843e+00	1.553824e+02
2.430000e-06	7.375945e-07	2.262079e-09	5.317280e+00	1.473617e+02
2.440000e-06	5.873274e-07	2.139621e-09	4.234012e+00	1.390630e+02
2.450000e-06	4.368827e-07	2.013855e-09	3.149464e+00	1.304848e+02
2.460000e-06	2.862621e-07	1.880121e-09	2.063648e+00	1.216212e+02
2.470000e-06	1.354797e-07	1.737051e-09	9.766660e-01	1.124597e+02
2.480000e-06	-1.539603e-08	1.586168e-09	-1.109892e-01	1.029800e+02
2.490000e-06	-1.662747e-07	1.433870e-09	-1.198666e+00	9.315342e+01
2.500000e-06	-3.171248e-07	1.279849e-09	-2.286136e+00	8.294420e+01
2.510000e-06	-4.678678e-07	1.119744e-09	-3.372834e+00	7.231195e+01
2.520000e-06	-6.184007e-07	9.535100e-10	-4.458018e+00	6.121576e+01
2.530000e-06	-7.687483e-07	7.803863e-10	-5.541866e+00	4.961924e+01
2.540000e-06	-9.188846e-07	5.975538e-10	-6.624190e+00	3.749609e+01
2.550000e-06	-1.068768e-06	4.040007e-10	-7.704690e+00	2.483570e+01
2.560000e-06	-1.218330e-06	2.004222e-10	-8.782874e+00	1.164790e+01
2.570000e-06	-1.367440e-06	-1.214003e-11	-9.857806e+00	-2.033563e+00
2.580000e-06	-1.516035e-06	-2.308750e-10	-1.092902e+01	-1.614949e+01
2.590000e-06	-1.664109e-06	-4.528782e-10	-1.199648e+01	-3.061584e+01
2.600000e-06	-1.811622e-06	-6.781453e-10	-1.305989e+01	-4.532669e+01
2.610000e-06	-1.958461e-06	-9.066584e-10	-1.411844e+01	-6.015921e+01
2.620000e-06	-2.104524e-06	-1.134772e-09	-1.517140e+01	-7.498034e+01
2.630000e-06	-2.249818e-06	-1.360029e-09	-1.621882e+01	-8.965445e+01
2.640000e-06	-2.394336e-06	-1.580524e-09	-1.726064e+01	-1.040514e+02
2.650000e-06	-2.537893e-06	-1.794966e-09	-1.829554e+01	-1.180539e+02
2.660000e-06	-2.680305e-06	-2.003129e-09	-1.932218e+01	-1.315637e+02
2.670000e-06	-2.821553e-06	-2.202838e-09	-2.034043e+01	-1.445063e+02
2.680000e-06	-2.961704e-06	-2.392504e-09	-2.135077e+01	-1.568325e+02
2.690000e-06	-3.100724e-06	-2.571289e-09	-2.235296e+01	-1.685190e+02
2.700000e-06	-3.238520e-06	-2.737455e-09	-2.334632e+01	-1.795658e+02
2.710000e-06	-3.375091e-06	-2.893182e-09	-2.433085e+01	-1.899920e+02
2.720000e-06	-3.510349e-06	-3.042474e-09	-2.530592e+01	-1.998310e+02
2.730000e-06	-3.644320e-06	-3.185190e-09	-2.627171e+01	-2.091245e+02
2.740000e-06	-3.777098e-06	-3.320525e-09	-2.722890e+01	-2.179175e+02
2.750000e-06	-3.908520e-06	-3.450987e-09	-2.817632e+01	-2.262527e+02
2.760000e-06	-4.038504e-06	-3.575603e-09	-2.911336e+01	-2.341679e+02
2.770000e-06	-4.167167e-06	-3.692311e-09	-3.004089e+01	-2.416936e+02
2.780000e-06	-4.294408e-06	-3.802966e-09	-3.095816e+01	-2.488526e+02
2.790000e-06	-4.420143e-06	-3.908347e-09	-3.186458e+01	-2.556614e+02
2.800000e-06	-4.544393e-06	-4.005873e-09	-3.276029e+01	-2.621314e+02
2.810000e-06	-4.667038e-06	-4.093698e-09	-3.364443e+01	-2.682722e+02
2.820000e-06	-4.788044e-06	-4.176426e-09	-3.451676e+01	-2.740937e+02
2.830000e-06	-4.907236e-06	-4.258921e-09	-3.537601e+01	-2.796084e+02
2.840000e-06	-5.024467e-06	-4.341101e-09	-3.622112e+01	-2.848326e+02
2.850000e-06	-5.139667e-06	-4.420634e-09	-3.705159e+01	-2.897872e+02
2.860000e-06	-5.252727e-06	-4.495080e-09	-3.786663e+01	-2.944965e+02
2.870000e-06	-5.363700e-06	-4.566731e-09	-3.866663e+01	-2.989870e+02
2.880000e-06	-5.472713e-06	-4.635626e-09	-3.945250e+01	-3.032850e+02
2.890000e-06	-5.579899e-06	-4.699590e-09	-4.022520e+01	-3.074146e+02
2.900000e-06	-5.685210e-06	-4.759288e-09	-4.098438e+01	-3.113952e+02
2.910000e-06	-5.788384e-06	-4.816680e-09	-4.172816e+01	-3.152402e+02
2.920000e-06	-5.889325e-06	-4.874441e-09	-4.245583e+01	-3.189559e+02
2.930000e-06	-5.988133e-06	-4.931306e-09	-4.316813e+01	-3.225417e+02
2.940000e-06	-6.084886e-06	-4.984832e-09	-4.386562e+01	-3.259914e+02
2.950000e-06	-6.179466e-06	-5.036222e-09	-4.454745e+01	-3.292948e+02
2.960000e-06	-6.271735e-06	-5.086927e-09	-4.521260e+01	-3.324403e+02
2.970000e-06	-6.361811e-06	-5.135762e-09	-4.586196e+01	-3.354170e+02
2.980000e-06	-6.449683e-06	-5.180213e-09	-4.649543e+01	-3.382173e+02
2.990000e-06	-6.535176e-06	-5.219741e-09	-4.711174e+01	-3.408386e+02
3.000000e-06	-6.618319e-06	-5.257317e-09	-4.771111e+01	-3.432836e+02
3.010000e-06	-6.699224e-06	-5.292460e-09	-4.829435e+01	-3.455610e+02
3.020000e-06	-6.777644e-06	-5.324828e-09	-4.885968e+01	-3.476842e+02
3.030000e-06	-6.853334e-06	-5.355658e-09	-4.940533e+01	-3.496694e+02
3.040000e-06	-6.926443e-06	-5.385204e-09	-4.993236e+01	-3.515343e+02
3.050000e-06	-6.996999e-06	-5.413146e-09	-5.044100e+01	-3.532953e+02
3.060000e-06	-7.064979e-06	-5.442092e-09	-5.093106e+01	-3.549660e+02
3.070000e-06	-7.130556e-06	-5.469890e-09	-5.140380e+01	-3.565553e+02
3.080000e-06	-7.193711e-06	-5.494513e-09	-5.185908e+01	-3.580677e+02
3.090000e-06	-7.254241e-06	-5.514810e-09	-5.229544e+01	-3.595026e+02
3.100000e-06	-7.312145e-06	-5.532602e-09	-5.271287e+01	-3.608557e+02
3.110000e-06	-7.367465e-06	-5.547787e-09	-5.311167e+01	-3.621203e+02
3.120000e-06	-7.419956e-06	-5.561246e-09	-5.349007e+01	-3.632894e+02
3.130000e-06	-7.469279e-06	-5.576479e-09	-5.384564e+01	-3.643573e+02
3.140000e-06	-7.515675e-06	-5.593140e-09	-5.418011e+01	-3.653216e+02
3.150000e-06	-7.559652e-06	-5.609203e-09	-5.449713e+01	-3.661835e+02
3.160000e-06	-7.601221e-06	-5.622879e-09	-5.479680e+01	-3.669488e+02
3.170000e-06	-7.640139e-06	-5.634056e-09	-5.507736e+01	-3.676270e+02
3.180000e-06	-7.676318e-06	-5.642735e-09	-5.533817e+01	-3.682303e+02
3.190000e-06	-7.709787e-06	-5.649843e-09	-5.557945e+01	-3.687720e+02
3.200000e-06	-7.740471e-06	-5.655292e-09	-5.580065e+01	-3.692646e+02
3.210000e-06	-7.768338e-06	-5.660653e-09	-5.600154e+01	-3.697179e+02
3.220000e-06	-7.793450e-06	-5.666602e-09	-5.618257e+01	-3.701379e+02
3.230000e-06	-7.815719e-06	-5.670280e-09	-5.634311e+01	-3.705257e+02
3.240000e-06	-7.835146e-06	-5.672400e-09	-5.648315e+01	-3.708775e+02
3.250000e-06	-7.851822e-06	-5.675771e-09	-5.660337e+01	-3.711854e+02
3.260000e-06	-7.865429e-06	-5.678637e-09	-5.670146e+01	-3.714389e+02
3.270000e-06	-7.875945e-06	-5.680681e-09	-5.677728e+01	-3.716261e+02
3.280000e-06	-7.883607e-06	-5.680913e-09	-5.683251e+01	-3.717364e+02
3.290000e-06	-7.888390e-06	-5.680311e-09	-5.686699e+01	-3.717619e+02
3.300000e-06	-7.890425e-06	-5.677270e-09	-5.688166e+01	-3.716993e+02
