# Temperatura_=_49.6
# Concentracion g/m^3_=_5000.0
# C_Vs_to_Am_M_A/Vsm_=_65563218390.804596
# pendiente_HvsI_1/m_=_3716.3
# ordenada_HvsI_A/m_=_1297.0
# frecuencia_Hz_=_302494.80949738284

Tiempo_(s)	Campo_(V.s)	Magnetizacion_(V.s)	Campo_(kA/m)	Magnetizacion_(A/m)
0.000000e+00	-8.016283e-06	-6.092771e-09	-5.688134e+01	-3.996494e+02
1.000000e-08	-8.014130e-06	-6.092465e-09	-5.686606e+01	-3.994824e+02
2.000000e-08	-8.009272e-06	-6.090847e-09	-5.683159e+01	-3.992446e+02
3.000000e-08	-8.001859e-06	-6.087800e-09	-5.677899e+01	-3.989423e+02
4.000000e-08	-7.991673e-06	-6.084072e-09	-5.670671e+01	-3.985814e+02
5.000000e-08	-7.978534e-06	-6.079151e-09	-5.661348e+01	-3.981675e+02
6.000000e-08	-7.962439e-06	-6.071261e-09	-5.649927e+01	-3.977041e+02
7.000000e-08	-7.943736e-06	-6.063203e-09	-5.636656e+01	-3.971932e+02
8.000000e-08	-7.922776e-06	-6.060555e-09	-5.621783e+01	-3.966344e+02
9.000000e-08	-7.899125e-06	-6.066549e-09	-5.605001e+01	-3.960256e+02
1.000000e-07	-7.872274e-06	-6.062961e-09	-5.585949e+01	-3.953636e+02
1.100000e-07	-7.842316e-06	-6.046522e-09	-5.564691e+01	-3.946444e+02
1.200000e-07	-7.809515e-06	-6.021888e-09	-5.541416e+01	-3.938646e+02
1.300000e-07	-7.773991e-06	-6.003698e-09	-5.516210e+01	-3.930214e+02
1.400000e-07	-7.736013e-06	-5.997933e-09	-5.489261e+01	-3.921135e+02
1.500000e-07	-7.695863e-06	-5.961571e-09	-5.460773e+01	-3.911409e+02
1.600000e-07	-7.653408e-06	-5.909071e-09	-5.430647e+01	-3.901049e+02
1.700000e-07	-7.608301e-06	-5.912975e-09	-5.398641e+01	-3.890074e+02
1.800000e-07	-7.560446e-06	-5.909622e-09	-5.364684e+01	-3.878502e+02
1.900000e-07	-7.509680e-06	-5.878672e-09	-5.328662e+01	-3.866346e+02
2.000000e-07	-7.455937e-06	-5.896280e-09	-5.290528e+01	-3.853602e+02
2.100000e-07	-7.399417e-06	-5.871761e-09	-5.250423e+01	-3.840249e+02
2.200000e-07	-7.340174e-06	-5.830950e-09	-5.208385e+01	-3.826248e+02
2.300000e-07	-7.278335e-06	-5.809493e-09	-5.164506e+01	-3.811540e+02
2.400000e-07	-7.213827e-06	-5.775960e-09	-5.118733e+01	-3.796059e+02
2.500000e-07	-7.146508e-06	-5.751483e-09	-5.070965e+01	-3.779733e+02
2.600000e-07	-7.076468e-06	-5.712964e-09	-5.021267e+01	-3.762500e+02
2.700000e-07	-7.003638e-06	-5.685378e-09	-4.969588e+01	-3.744310e+02
2.800000e-07	-6.928006e-06	-5.668226e-09	-4.915922e+01	-3.725141e+02
2.900000e-07	-6.849534e-06	-5.643871e-09	-4.860240e+01	-3.704994e+02
3.000000e-07	-6.768295e-06	-5.612497e-09	-4.802595e+01	-3.683898e+02
3.100000e-07	-6.684688e-06	-5.582161e-09	-4.743271e+01	-3.661905e+02
3.200000e-07	-6.598835e-06	-5.549649e-09	-4.682351e+01	-3.639078e+02
3.300000e-07	-6.510642e-06	-5.502842e-09	-4.619772e+01	-3.615487e+02
3.400000e-07	-6.420076e-06	-5.472419e-09	-4.555509e+01	-3.591193e+02
3.500000e-07	-6.327231e-06	-5.446775e-09	-4.489628e+01	-3.566241e+02
3.600000e-07	-6.232130e-06	-5.401127e-09	-4.422148e+01	-3.540649e+02
3.700000e-07	-6.134745e-06	-5.355033e-09	-4.353046e+01	-3.514409e+02
3.800000e-07	-6.035094e-06	-5.316618e-09	-4.282337e+01	-3.487483e+02
3.900000e-07	-5.933255e-06	-5.280611e-09	-4.210074e+01	-3.459812e+02
4.000000e-07	-5.829292e-06	-5.235648e-09	-4.136305e+01	-3.431324e+02
4.100000e-07	-5.723243e-06	-5.186047e-09	-4.061055e+01	-3.401941e+02
4.200000e-07	-5.615208e-06	-5.136386e-09	-3.984397e+01	-3.371595e+02
4.300000e-07	-5.505221e-06	-5.083176e-09	-3.906353e+01	-3.340234e+02
4.400000e-07	-5.393257e-06	-5.030098e-09	-3.826907e+01	-3.307827e+02
4.500000e-07	-5.279203e-06	-4.984780e-09	-3.745977e+01	-3.274369e+02
4.600000e-07	-5.163018e-06	-4.939332e-09	-3.663535e+01	-3.239874e+02
4.700000e-07	-5.044916e-06	-4.883474e-09	-3.579733e+01	-3.204372e+02
4.800000e-07	-4.925030e-06	-4.826379e-09	-3.494666e+01	-3.167893e+02
4.900000e-07	-4.803362e-06	-4.771719e-09	-3.408334e+01	-3.130464e+02
5.000000e-07	-4.679910e-06	-4.711771e-09	-3.320735e+01	-3.092089e+02
5.100000e-07	-4.554796e-06	-4.648544e-09	-3.231958e+01	-3.052750e+02
5.200000e-07	-4.428108e-06	-4.586332e-09	-3.142063e+01	-3.012399e+02
5.300000e-07	-4.299701e-06	-4.521873e-09	-3.050949e+01	-2.970960e+02
5.400000e-07	-4.169747e-06	-4.453237e-09	-2.958737e+01	-2.928339e+02
5.500000e-07	-4.038264e-06	-4.385395e-09	-2.865441e+01	-2.884431e+02
5.600000e-07	-3.905231e-06	-4.318248e-09	-2.771045e+01	-2.839135e+02
5.700000e-07	-3.770776e-06	-4.245197e-09	-2.675639e+01	-2.792366e+02
5.800000e-07	-3.634807e-06	-4.170255e-09	-2.579159e+01	-2.744068e+02
5.900000e-07	-3.497400e-06	-4.097683e-09	-2.481659e+01	-2.694217e+02
6.000000e-07	-3.358652e-06	-4.023214e-09	-2.383207e+01	-2.642825e+02
6.100000e-07	-3.218469e-06	-3.941051e-09	-2.283737e+01	-2.589933e+02
6.200000e-07	-3.076842e-06	-3.855480e-09	-2.183242e+01	-2.535596e+02
6.300000e-07	-2.933940e-06	-3.769694e-09	-2.081843e+01	-2.479875e+02
6.400000e-07	-2.789946e-06	-3.680624e-09	-1.979669e+01	-2.422810e+02
6.500000e-07	-2.644895e-06	-3.590740e-09	-1.876745e+01	-2.364410e+02
6.600000e-07	-2.498944e-06	-3.502163e-09	-1.773182e+01	-2.304640e+02
6.700000e-07	-2.352269e-06	-3.411707e-09	-1.669105e+01	-2.243408e+02
6.800000e-07	-2.204857e-06	-3.315122e-09	-1.564506e+01	-2.180574e+02
6.900000e-07	-2.056677e-06	-3.216511e-09	-1.459362e+01	-2.115954e+02
7.000000e-07	-1.907766e-06	-3.116882e-09	-1.353698e+01	-2.049337e+02
7.100000e-07	-1.758292e-06	-3.010907e-09	-1.247636e+01	-1.980507e+02
7.200000e-07	-1.608351e-06	-2.899413e-09	-1.141242e+01	-1.909263e+02
7.300000e-07	-1.457990e-06	-2.785986e-09	-1.034550e+01	-1.835439e+02
7.400000e-07	-1.307119e-06	-2.667504e-09	-9.274957e+00	-1.758918e+02
7.500000e-07	-1.155656e-06	-2.544285e-09	-8.200213e+00	-1.679637e+02
7.600000e-07	-1.003671e-06	-2.422437e-09	-7.121773e+00	-1.597582e+02
7.700000e-07	-8.512943e-07	-2.299598e-09	-6.040550e+00	-1.512773e+02
7.800000e-07	-6.985853e-07	-2.169203e-09	-4.956969e+00	-1.425237e+02
7.900000e-07	-5.455673e-07	-2.031536e-09	-3.871195e+00	-1.334980e+02
8.000000e-07	-3.923479e-07	-1.888691e-09	-2.783993e+00	-1.241959e+02
8.100000e-07	-2.389886e-07	-1.738961e-09	-1.695797e+00	-1.146048e+02
8.200000e-07	-8.550132e-08	-1.582413e-09	-6.066938e-01	-1.047028e+02
8.300000e-07	6.803770e-08	-1.420956e-09	4.827768e-01	-9.445816e+01
8.400000e-07	2.215548e-07	-1.256705e-09	1.572092e+00	-8.383030e+01
8.500000e-07	3.749987e-07	-1.089671e-09	2.660887e+00	-7.277320e+01
8.600000e-07	5.283433e-07	-9.150691e-10	3.748979e+00	-6.123972e+01
8.700000e-07	6.816117e-07	-7.347289e-10	4.836529e+00	-4.918733e+01
8.800000e-07	8.347292e-07	-5.474228e-10	5.923008e+00	-3.658441e+01
8.900000e-07	9.875525e-07	-3.478727e-10	7.007401e+00	-2.341634e+01
9.000000e-07	1.139996e-06	-1.402933e-10	8.089098e+00	-9.690776e+00
9.100000e-07	1.291984e-06	7.427911e-11	9.167562e+00	4.558615e+00
9.200000e-07	1.443346e-06	2.976387e-10	1.024159e+01	1.927058e+01
9.300000e-07	1.594010e-06	5.281052e-10	1.131066e+01	3.435705e+01
9.400000e-07	1.744079e-06	7.629237e-10	1.237551e+01	4.970644e+01
9.500000e-07	1.893626e-06	9.994464e-10	1.343665e+01	6.518914e+01
9.600000e-07	2.042562e-06	1.235496e-09	1.449345e+01	8.066478e+01
9.700000e-07	2.190723e-06	1.468455e-09	1.554477e+01	9.599049e+01
9.800000e-07	2.338051e-06	1.696981e-09	1.659017e+01	1.110295e+02
9.900000e-07	2.484574e-06	1.918966e-09	1.762985e+01	1.256590e+02
1.000000e-06	2.630287e-06	2.133951e-09	1.866380e+01	1.397768e+02
1.010000e-06	2.775025e-06	2.340186e-09	1.969081e+01	1.533054e+02
1.020000e-06	2.918616e-06	2.533814e-09	2.070969e+01	1.661950e+02
1.030000e-06	3.061038e-06	2.715546e-09	2.172028e+01	1.784225e+02
1.040000e-06	3.202204e-06	2.886999e-09	2.272196e+01	1.899891e+02
1.050000e-06	3.342063e-06	3.049904e-09	2.371436e+01	2.009165e+02
1.060000e-06	3.480693e-06	3.207221e-09	2.469804e+01	2.112405e+02
1.070000e-06	3.617954e-06	3.356606e-09	2.567200e+01	2.210056e+02
1.080000e-06	3.753730e-06	3.499288e-09	2.663543e+01	2.302592e+02
1.090000e-06	3.888168e-06	3.637471e-09	2.758937e+01	2.390461e+02
1.100000e-06	4.021291e-06	3.770142e-09	2.853397e+01	2.474054e+02
1.110000e-06	4.152959e-06	3.894579e-09	2.946825e+01	2.553684e+02
1.120000e-06	4.283190e-06	4.010974e-09	3.039233e+01	2.629581e+02
1.130000e-06	4.411861e-06	4.122895e-09	3.130535e+01	2.701904e+02
1.140000e-06	4.538919e-06	4.227003e-09	3.220692e+01	2.770760e+02
1.150000e-06	4.664484e-06	4.324482e-09	3.309790e+01	2.836234e+02
1.160000e-06	4.788438e-06	4.415750e-09	3.397744e+01	2.898415e+02
1.170000e-06	4.910755e-06	4.502132e-09	3.484536e+01	2.957419e+02
1.180000e-06	5.031323e-06	4.586913e-09	3.570088e+01	3.013407e+02
1.190000e-06	5.150030e-06	4.669092e-09	3.654319e+01	3.066586e+02
1.200000e-06	5.266865e-06	4.749379e-09	3.737222e+01	3.117208e+02
1.210000e-06	5.381658e-06	4.825147e-09	3.818676e+01	3.165550e+02
1.220000e-06	5.494267e-06	4.895071e-09	3.898580e+01	3.211899e+02
1.230000e-06	5.604854e-06	4.961936e-09	3.977050e+01	3.256522e+02
1.240000e-06	5.713573e-06	5.027024e-09	4.054194e+01	3.299645e+02
1.250000e-06	5.820299e-06	5.090769e-09	4.129924e+01	3.341436e+02
1.260000e-06	5.924842e-06	5.150428e-09	4.204104e+01	3.381992e+02
1.270000e-06	6.027147e-06	5.207233e-09	4.276697e+01	3.421338e+02
1.280000e-06	6.127282e-06	5.264524e-09	4.347751e+01	3.459435e+02
1.290000e-06	6.225080e-06	5.321158e-09	4.417145e+01	3.496195e+02
1.300000e-06	6.320542e-06	5.375441e-09	4.484882e+01	3.531504e+02
1.310000e-06	6.413836e-06	5.425308e-09	4.551081e+01	3.565244e+02
1.320000e-06	6.504868e-06	5.470758e-09	4.615675e+01	3.597316e+02
1.330000e-06	6.593522e-06	5.513421e-09	4.678582e+01	3.627655e+02
1.340000e-06	6.679815e-06	5.556011e-09	4.739813e+01	3.656248e+02
1.350000e-06	6.763801e-06	5.598742e-09	4.799407e+01	3.683132e+02
1.360000e-06	6.845390e-06	5.638243e-09	4.857300e+01	3.708389e+02
1.370000e-06	6.924439e-06	5.673909e-09	4.913391e+01	3.732139e+02
1.380000e-06	7.000949e-06	5.708225e-09	4.967681e+01	3.754520e+02
1.390000e-06	7.074831e-06	5.742707e-09	5.020105e+01	3.775673e+02
1.400000e-06	7.146040e-06	5.776277e-09	5.070633e+01	3.795722e+02
1.410000e-06	7.214724e-06	5.806120e-09	5.119369e+01	3.814764e+02
1.420000e-06	7.280853e-06	5.832321e-09	5.166293e+01	3.832861e+02
1.430000e-06	7.344348e-06	5.857924e-09	5.211347e+01	3.850034e+02
1.440000e-06	7.405351e-06	5.883573e-09	5.254633e+01	3.866274e+02
1.450000e-06	7.463844e-06	5.907767e-09	5.296138e+01	3.881548e+02
1.460000e-06	7.519660e-06	5.929072e-09	5.335743e+01	3.895815e+02
1.470000e-06	7.572617e-06	5.947462e-09	5.373320e+01	3.909034e+02
1.480000e-06	7.622492e-06	5.965742e-09	5.408710e+01	3.921183e+02
1.490000e-06	7.669451e-06	5.982411e-09	5.442031e+01	3.932264e+02
1.500000e-06	7.713729e-06	5.996862e-09	5.473449e+01	3.942310e+02
1.510000e-06	7.755216e-06	6.011170e-09	5.502888e+01	3.951378e+02
1.520000e-06	7.793890e-06	6.025060e-09	5.530330e+01	3.959550e+02
1.530000e-06	7.829878e-06	6.039825e-09	5.555866e+01	3.966916e+02
1.540000e-06	7.863059e-06	6.052564e-09	5.579410e+01	3.973568e+02
1.550000e-06	7.893420e-06	6.062729e-09	5.600953e+01	3.979584e+02
1.560000e-06	7.921068e-06	6.071551e-09	5.620572e+01	3.985021e+02
1.570000e-06	7.945814e-06	6.079120e-09	5.638130e+01	3.989908e+02
1.580000e-06	7.967686e-06	6.086474e-09	5.653650e+01	3.994242e+02
1.590000e-06	7.986852e-06	6.091423e-09	5.667250e+01	3.997998e+02
1.600000e-06	8.003119e-06	6.094015e-09	5.678792e+01	4.001127e+02
1.610000e-06	8.016290e-06	6.097173e-09	5.688138e+01	4.003575e+02
1.620000e-06	8.026311e-06	6.102570e-09	5.695249e+01	4.005287e+02
1.630000e-06	8.033328e-06	6.107787e-09	5.700228e+01	4.006222e+02
1.640000e-06	8.037531e-06	6.111604e-09	5.703210e+01	4.006357e+02
1.650000e-06	8.038855e-06	6.113169e-09	5.704150e+01	4.005695e+02
1.660000e-06	8.037395e-06	6.110605e-09	5.703114e+01	4.004261e+02
1.670000e-06	8.033316e-06	6.105812e-09	5.700219e+01	4.002103e+02
1.680000e-06	8.026533e-06	6.098294e-09	5.695407e+01	3.999278e+02
1.690000e-06	8.017032e-06	6.093163e-09	5.688665e+01	3.995849e+02
1.700000e-06	8.004750e-06	6.087875e-09	5.679950e+01	3.991872e+02
1.710000e-06	7.989665e-06	6.080090e-09	5.669246e+01	3.987393e+02
1.720000e-06	7.972076e-06	6.069456e-09	5.656765e+01	3.982433e+02
1.730000e-06	7.952223e-06	6.044018e-09	5.642679e+01	3.976998e+02
1.740000e-06	7.929754e-06	6.021007e-09	5.626735e+01	3.971072e+02
1.750000e-06	7.903969e-06	6.016440e-09	5.608439e+01	3.964625e+02
1.760000e-06	7.874514e-06	6.015862e-09	5.587538e+01	3.957619e+02
1.770000e-06	7.841835e-06	6.009308e-09	5.564350e+01	3.950017e+02
1.780000e-06	7.806658e-06	5.994501e-09	5.539390e+01	3.941789e+02
1.790000e-06	7.769145e-06	5.995728e-09	5.512771e+01	3.932916e+02
1.800000e-06	7.729476e-06	6.003980e-09	5.484623e+01	3.923395e+02
1.810000e-06	7.687677e-06	5.983409e-09	5.454964e+01	3.913234e+02
1.820000e-06	7.643323e-06	5.957335e-09	5.423492e+01	3.902452e+02
1.830000e-06	7.596347e-06	5.948693e-09	5.390158e+01	3.891068e+02
1.840000e-06	7.546565e-06	5.915991e-09	5.354834e+01	3.879097e+02
1.850000e-06	7.493712e-06	5.883864e-09	5.317331e+01	3.866541e+02
1.860000e-06	7.438034e-06	5.876453e-09	5.277824e+01	3.853385e+02
1.870000e-06	7.379642e-06	5.863890e-09	5.236390e+01	3.839596e+02
1.880000e-06	7.318574e-06	5.853480e-09	5.193058e+01	3.825120e+02
1.890000e-06	7.254784e-06	5.829282e-09	5.147795e+01	3.809893e+02
1.900000e-06	7.188196e-06	5.806756e-09	5.100545e+01	3.793844e+02
1.910000e-06	7.118774e-06	5.776149e-09	5.051286e+01	3.776906e+02
1.920000e-06	7.046489e-06	5.722816e-09	4.999994e+01	3.759025e+02
1.930000e-06	6.971550e-06	5.713305e-09	4.946820e+01	3.740170e+02
1.940000e-06	6.893917e-06	5.697963e-09	4.891733e+01	3.720333e+02
1.950000e-06	6.813626e-06	5.653033e-09	4.834762e+01	3.699535e+02
1.960000e-06	6.730791e-06	5.618104e-09	4.775984e+01	3.677821e+02
1.970000e-06	6.645425e-06	5.583427e-09	4.715410e+01	3.655252e+02
1.980000e-06	6.557614e-06	5.546002e-09	4.653102e+01	3.631897e+02
1.990000e-06	6.467475e-06	5.497251e-09	4.589142e+01	3.607821e+02
2.000000e-06	6.375079e-06	5.472420e-09	4.523580e+01	3.583075e+02
2.010000e-06	6.280348e-06	5.433204e-09	4.456362e+01	3.557686e+02
2.020000e-06	6.183395e-06	5.383913e-09	4.387567e+01	3.531654e+02
2.030000e-06	6.084247e-06	5.341626e-09	4.317214e+01	3.504952e+02
2.040000e-06	5.982890e-06	5.306843e-09	4.245294e+01	3.477526e+02
2.050000e-06	5.879361e-06	5.270855e-09	4.171833e+01	3.449307e+02
2.060000e-06	5.773860e-06	5.213155e-09	4.096972e+01	3.420217e+02
2.070000e-06	5.666519e-06	5.173756e-09	4.020805e+01	3.390185e+02
2.080000e-06	5.557145e-06	5.133275e-09	3.943197e+01	3.359153e+02
2.090000e-06	5.445720e-06	5.083158e-09	3.864133e+01	3.327081e+02
2.100000e-06	5.332263e-06	5.027722e-09	3.783627e+01	3.293958e+02
2.110000e-06	5.216747e-06	4.981027e-09	3.701660e+01	3.259792e+02
2.120000e-06	5.099152e-06	4.926726e-09	3.618218e+01	3.224607e+02
2.130000e-06	4.979567e-06	4.864080e-09	3.533364e+01	3.188437e+02
2.140000e-06	4.858223e-06	4.810990e-09	3.447261e+01	3.151309e+02
2.150000e-06	4.735142e-06	4.761531e-09	3.359927e+01	3.113237e+02
2.160000e-06	4.610265e-06	4.704016e-09	3.271317e+01	3.074209e+02
2.170000e-06	4.483672e-06	4.636735e-09	3.181490e+01	3.034188e+02
2.180000e-06	4.355441e-06	4.574810e-09	3.090501e+01	2.993106e+02
2.190000e-06	4.225697e-06	4.511780e-09	2.998438e+01	2.950874e+02
2.200000e-06	4.094431e-06	4.446803e-09	2.905295e+01	2.907389e+02
2.210000e-06	3.961583e-06	4.376435e-09	2.811030e+01	2.862547e+02
2.220000e-06	3.827260e-06	4.305089e-09	2.715718e+01	2.816257e+02
2.230000e-06	3.691455e-06	4.229602e-09	2.619354e+01	2.768452e+02
2.240000e-06	3.554329e-06	4.153387e-09	2.522054e+01	2.719099e+02
2.250000e-06	3.415879e-06	4.080445e-09	2.423814e+01	2.668197e+02
2.260000e-06	3.275949e-06	4.005519e-09	2.324523e+01	2.615779e+02
2.270000e-06	3.134746e-06	3.923980e-09	2.224330e+01	2.561897e+02
2.280000e-06	2.992339e-06	3.838846e-09	2.123281e+01	2.506613e+02
2.290000e-06	2.848701e-06	3.752930e-09	2.021360e+01	2.449975e+02
2.300000e-06	2.703996e-06	3.662975e-09	1.918681e+01	2.392004e+02
2.310000e-06	2.558496e-06	3.569457e-09	1.815439e+01	2.332678e+02
2.320000e-06	2.412289e-06	3.476157e-09	1.711694e+01	2.271927e+02
2.330000e-06	2.265280e-06	3.380552e-09	1.607380e+01	2.209624e+02
2.340000e-06	2.117386e-06	3.280914e-09	1.502439e+01	2.145598e+02
2.350000e-06	1.968620e-06	3.181604e-09	1.396879e+01	2.079644e+02
2.360000e-06	1.819183e-06	3.081804e-09	1.290842e+01	2.011547e+02
2.370000e-06	1.669290e-06	2.975405e-09	1.184482e+01	1.941097e+02
2.380000e-06	1.518967e-06	2.859338e-09	1.077817e+01	1.868115e+02
2.390000e-06	1.368135e-06	2.741246e-09	9.707910e+00	1.792468e+02
2.400000e-06	1.216788e-06	2.622455e-09	8.633993e+00	1.714075e+02
2.410000e-06	1.064985e-06	2.500032e-09	7.556840e+00	1.632908e+02
2.420000e-06	9.127778e-07	2.373079e-09	6.476820e+00	1.548979e+02
2.430000e-06	7.602304e-07	2.241712e-09	5.394385e+00	1.462315e+02
2.440000e-06	6.074169e-07	2.107482e-09	4.310063e+00	1.372933e+02
2.450000e-06	4.543817e-07	1.968058e-09	3.224167e+00	1.280807e+02
2.460000e-06	3.011751e-07	1.824994e-09	2.137056e+00	1.185842e+02
2.470000e-06	1.478774e-07	1.678077e-09	1.049297e+00	1.087849e+02
2.480000e-06	-5.509835e-09	1.522432e-09	-3.909627e-02	9.865420e+01
2.490000e-06	-1.589484e-07	1.359121e-09	-1.127854e+00	8.815411e+01
2.500000e-06	-3.123492e-07	1.190144e-09	-2.216344e+00	7.723995e+01
2.510000e-06	-4.656352e-07	1.014602e-09	-3.304019e+00	6.586434e+01
2.520000e-06	-6.187414e-07	8.318976e-10	-4.390418e+00	5.398262e+01
2.530000e-06	-7.716589e-07	6.433255e-10	-5.475479e+00	4.155896e+01
2.540000e-06	-9.243306e-07	4.471318e-10	-6.558795e+00	2.857264e+01
2.550000e-06	-1.076629e-06	2.410812e-10	-7.639461e+00	1.502367e+01
2.560000e-06	-1.228493e-06	2.600437e-11	-8.717046e+00	9.370793e-01
2.570000e-06	-1.379852e-06	-1.958657e-10	-9.791047e+00	-1.363479e+01
2.580000e-06	-1.530684e-06	-4.230268e-10	-1.086131e+01	-2.861224e+01
2.590000e-06	-1.681038e-06	-6.574331e-10	-1.192818e+01	-4.389075e+01
2.600000e-06	-1.830878e-06	-8.970643e-10	-1.299141e+01	-5.934578e+01
2.610000e-06	-1.980133e-06	-1.137522e-09	-1.405048e+01	-7.483955e+01
2.620000e-06	-2.128592e-06	-1.375864e-09	-1.510390e+01	-9.022906e+01
2.630000e-06	-2.276058e-06	-1.609580e-09	-1.615028e+01	-1.053747e+02
2.640000e-06	-2.422585e-06	-1.836869e-09	-1.719000e+01	-1.201483e+02
2.650000e-06	-2.568313e-06	-2.055530e-09	-1.822404e+01	-1.344405e+02
2.660000e-06	-2.713138e-06	-2.265064e-09	-1.925168e+01	-1.481655e+02
2.670000e-06	-2.856871e-06	-2.464738e-09	-2.027157e+01	-1.612645e+02
2.680000e-06	-2.999539e-06	-2.654431e-09	-2.128390e+01	-1.737060e+02
2.690000e-06	-3.141103e-06	-2.835331e-09	-2.228840e+01	-1.854838e+02
2.700000e-06	-3.281300e-06	-3.005824e-09	-2.328320e+01	-1.966135e+02
2.710000e-06	-3.420117e-06	-3.165153e-09	-2.426821e+01	-2.071270e+02
2.720000e-06	-3.557729e-06	-3.316324e-09	-2.524467e+01	-2.170669e+02
2.730000e-06	-3.694016e-06	-3.460862e-09	-2.621172e+01	-2.264801e+02
2.740000e-06	-3.828881e-06	-3.597589e-09	-2.716868e+01	-2.354126e+02
2.750000e-06	-3.962433e-06	-3.728331e-09	-2.811633e+01	-2.439058e+02
2.760000e-06	-4.094559e-06	-3.853615e-09	-2.905386e+01	-2.519935e+02
2.770000e-06	-4.225206e-06	-3.971449e-09	-2.998090e+01	-2.597014e+02
2.780000e-06	-4.354508e-06	-4.081400e-09	-3.089839e+01	-2.670474e+02
2.790000e-06	-4.482306e-06	-4.185857e-09	-3.180521e+01	-2.740437e+02
2.800000e-06	-4.608536e-06	-4.286417e-09	-3.270090e+01	-2.806991e+02
2.810000e-06	-4.733170e-06	-4.380757e-09	-3.358527e+01	-2.870222e+02
2.820000e-06	-4.856084e-06	-4.469407e-09	-3.445743e+01	-2.930234e+02
2.830000e-06	-4.977312e-06	-4.555228e-09	-3.531763e+01	-2.987174e+02
2.840000e-06	-5.096721e-06	-4.639150e-09	-3.616493e+01	-3.041233e+02
2.850000e-06	-5.214097e-06	-4.719579e-09	-3.699779e+01	-3.092649e+02
2.860000e-06	-5.329303e-06	-4.795572e-09	-3.781527e+01	-3.141695e+02
2.870000e-06	-5.442376e-06	-4.870465e-09	-3.861760e+01	-3.188656e+02
2.880000e-06	-5.553296e-06	-4.942425e-09	-3.940466e+01	-3.233809e+02
2.890000e-06	-5.662147e-06	-5.008304e-09	-4.017704e+01	-3.277395e+02
2.900000e-06	-5.769122e-06	-5.070964e-09	-4.093610e+01	-3.319603e+02
2.910000e-06	-5.874104e-06	-5.132912e-09	-4.168102e+01	-3.360552e+02
2.920000e-06	-5.976882e-06	-5.195895e-09	-4.241031e+01	-3.400291e+02
2.930000e-06	-6.077350e-06	-5.256728e-09	-4.312320e+01	-3.438799e+02
2.940000e-06	-6.175659e-06	-5.314950e-09	-4.382077e+01	-3.476003e+02
2.950000e-06	-6.271896e-06	-5.371227e-09	-4.450364e+01	-3.511794e+02
2.960000e-06	-6.365827e-06	-5.423936e-09	-4.517016e+01	-3.546053e+02
2.970000e-06	-6.457384e-06	-5.474661e-09	-4.581981e+01	-3.578671e+02
2.980000e-06	-6.546735e-06	-5.522786e-09	-4.645383e+01	-3.609574e+02
2.990000e-06	-6.633795e-06	-5.566917e-09	-4.707158e+01	-3.638729e+02
3.000000e-06	-6.718366e-06	-5.607874e-09	-4.767168e+01	-3.666158e+02
3.010000e-06	-6.800551e-06	-5.646901e-09	-4.825484e+01	-3.691928e+02
3.020000e-06	-6.880394e-06	-5.684215e-09	-4.882138e+01	-3.716151e+02
3.030000e-06	-6.957632e-06	-5.719987e-09	-4.936944e+01	-3.738958e+02
3.040000e-06	-7.032115e-06	-5.753027e-09	-4.989795e+01	-3.760493e+02
3.050000e-06	-7.103970e-06	-5.783562e-09	-5.040781e+01	-3.780887e+02
3.060000e-06	-7.173238e-06	-5.813855e-09	-5.089932e+01	-3.800247e+02
3.070000e-06	-7.239932e-06	-5.843136e-09	-5.137256e+01	-3.818646e+02
3.080000e-06	-7.304098e-06	-5.870069e-09	-5.182787e+01	-3.836117e+02
3.090000e-06	-7.365677e-06	-5.893683e-09	-5.226482e+01	-3.852662e+02
3.100000e-06	-7.424668e-06	-5.914917e-09	-5.268340e+01	-3.868254e+02
3.110000e-06	-7.481021e-06	-5.935553e-09	-5.308326e+01	-3.882851e+02
3.120000e-06	-7.534566e-06	-5.954845e-09	-5.346320e+01	-3.896413e+02
3.130000e-06	-7.585049e-06	-5.972240e-09	-5.382142e+01	-3.908909e+02
3.140000e-06	-7.632461e-06	-5.989323e-09	-5.415784e+01	-3.920334e+02
3.150000e-06	-7.677217e-06	-6.006155e-09	-5.447542e+01	-3.930710e+02
3.160000e-06	-7.719537e-06	-6.021905e-09	-5.477571e+01	-3.940086e+02
3.170000e-06	-7.759217e-06	-6.036429e-09	-5.505727e+01	-3.948539e+02
3.180000e-06	-7.796107e-06	-6.050097e-09	-5.531903e+01	-3.956156e+02
3.190000e-06	-7.830279e-06	-6.060823e-09	-5.556150e+01	-3.963030e+02
3.200000e-06	-7.861670e-06	-6.067954e-09	-5.578425e+01	-3.969246e+02
3.210000e-06	-7.890166e-06	-6.073317e-09	-5.598644e+01	-3.974867e+02
3.220000e-06	-7.915854e-06	-6.077860e-09	-5.616872e+01	-3.979931e+02
3.230000e-06	-7.938675e-06	-6.083255e-09	-5.633065e+01	-3.984448e+02
3.240000e-06	-7.958575e-06	-6.089342e-09	-5.647185e+01	-3.988396e+02
3.250000e-06	-7.975695e-06	-6.094816e-09	-5.659334e+01	-3.991735e+02
3.260000e-06	-7.989826e-06	-6.097838e-09	-5.669360e+01	-3.994410e+02
3.270000e-06	-8.000783e-06	-6.098684e-09	-5.677135e+01	-3.996366e+02
3.280000e-06	-8.008760e-06	-6.097609e-09	-5.682795e+01	-3.997556e+02
3.290000e-06	-8.013857e-06	-6.095583e-09	-5.686412e+01	-3.997952e+02
3.300000e-06	-8.016164e-06	-6.093563e-09	-5.688049e+01	-3.997546e+02
