# Temperatura_=_35.27
# Concentracion g/m^3_=_5000.0
# C_Vs_to_Am_M_A/Vsm_=_65563218390.804596
# pendiente_HvsI_1/m_=_3716.3
# ordenada_HvsI_A/m_=_1297.0
# frecuencia_Hz_=_302491.22845218994

Tiempo_(s)	Campo_(V.s)	Magnetizacion_(V.s)	Campo_(kA/m)	Magnetizacion_(A/m)
0.000000e+00	-7.919744e-06	-5.746399e-09	-5.688378e+01	-3.763458e+02
1.000000e-08	-7.917299e-06	-5.751730e-09	-5.686622e+01	-3.761820e+02
2.000000e-08	-7.912208e-06	-5.748703e-09	-5.682966e+01	-3.759506e+02
3.000000e-08	-7.904624e-06	-5.743566e-09	-5.677519e+01	-3.756610e+02
4.000000e-08	-7.894284e-06	-5.742624e-09	-5.670092e+01	-3.753240e+02
5.000000e-08	-7.880985e-06	-5.739066e-09	-5.660539e+01	-3.749502e+02
6.000000e-08	-7.864740e-06	-5.728459e-09	-5.648872e+01	-3.745487e+02
7.000000e-08	-7.846018e-06	-5.714736e-09	-5.635425e+01	-3.741261e+02
8.000000e-08	-7.825089e-06	-5.706010e-09	-5.620392e+01	-3.736854e+02
9.000000e-08	-7.801423e-06	-5.760814e-09	-5.603394e+01	-3.732257e+02
1.000000e-07	-7.774545e-06	-5.760211e-09	-5.584089e+01	-3.727427e+02
1.100000e-07	-7.744592e-06	-5.695487e-09	-5.562575e+01	-3.722291e+02
1.200000e-07	-7.711847e-06	-5.677074e-09	-5.539056e+01	-3.716760e+02
1.300000e-07	-7.676416e-06	-5.677834e-09	-5.513607e+01	-3.710740e+02
1.400000e-07	-7.638591e-06	-5.643810e-09	-5.486440e+01	-3.704143e+02
1.500000e-07	-7.598690e-06	-5.585748e-09	-5.457781e+01	-3.696900e+02
1.600000e-07	-7.556542e-06	-5.665621e-09	-5.427508e+01	-3.688967e+02
1.700000e-07	-7.511710e-06	-5.649099e-09	-5.395307e+01	-3.680326e+02
1.800000e-07	-7.464201e-06	-5.553469e-09	-5.361183e+01	-3.670985e+02
1.900000e-07	-7.413850e-06	-5.621352e-09	-5.325019e+01	-3.660971e+02
2.000000e-07	-7.360475e-06	-5.562438e-09	-5.286682e+01	-3.650321e+02
2.100000e-07	-7.304342e-06	-5.518786e-09	-5.246364e+01	-3.639074e+02
2.200000e-07	-7.245537e-06	-5.539587e-09	-5.204127e+01	-3.627262e+02
2.300000e-07	-7.184131e-06	-5.508592e-09	-5.160023e+01	-3.614899e+02
2.400000e-07	-7.120094e-06	-5.503732e-09	-5.114027e+01	-3.601984e+02
2.500000e-07	-7.053257e-06	-5.454673e-09	-5.066022e+01	-3.588495e+02
2.600000e-07	-6.983739e-06	-5.463939e-09	-5.016090e+01	-3.574397e+02
2.700000e-07	-6.911522e-06	-5.436436e-09	-4.964220e+01	-3.559645e+02
2.800000e-07	-6.836525e-06	-5.395621e-09	-4.910354e+01	-3.544192e+02
2.900000e-07	-6.758745e-06	-5.361768e-09	-4.854488e+01	-3.528002e+02
3.000000e-07	-6.678245e-06	-5.339316e-09	-4.796668e+01	-3.511047e+02
3.100000e-07	-6.595346e-06	-5.346202e-09	-4.737126e+01	-3.493320e+02
3.200000e-07	-6.510253e-06	-5.291002e-09	-4.676007e+01	-3.474828e+02
3.300000e-07	-6.422906e-06	-5.271121e-09	-4.613270e+01	-3.455594e+02
3.400000e-07	-6.333202e-06	-5.247471e-09	-4.548840e+01	-3.435648e+02
3.500000e-07	-6.241210e-06	-5.208026e-09	-4.482767e+01	-3.415023e+02
3.600000e-07	-6.147006e-06	-5.165211e-09	-4.415104e+01	-3.393743e+02
3.700000e-07	-6.050575e-06	-5.138487e-09	-4.345843e+01	-3.371818e+02
3.800000e-07	-5.951911e-06	-5.120456e-09	-4.274977e+01	-3.349242e+02
3.900000e-07	-5.851109e-06	-5.070757e-09	-4.202576e+01	-3.325984e+02
4.000000e-07	-5.748217e-06	-5.033360e-09	-4.128673e+01	-3.301999e+02
4.100000e-07	-5.643277e-06	-4.993713e-09	-4.053300e+01	-3.277228e+02
4.200000e-07	-5.536342e-06	-4.959308e-09	-3.976493e+01	-3.251604e+02
4.300000e-07	-5.427472e-06	-4.910225e-09	-3.898297e+01	-3.225064e+02
4.400000e-07	-5.316739e-06	-4.867976e-09	-3.818763e+01	-3.197554e+02
4.500000e-07	-5.203959e-06	-4.830639e-09	-3.737758e+01	-3.169038e+02
4.600000e-07	-5.089068e-06	-4.788474e-09	-3.655238e+01	-3.139494e+02
4.700000e-07	-4.972264e-06	-4.739016e-09	-3.571342e+01	-3.108921e+02
4.800000e-07	-4.853623e-06	-4.688979e-09	-3.486128e+01	-3.077329e+02
4.900000e-07	-4.733174e-06	-4.641915e-09	-3.399616e+01	-3.044734e+02
5.000000e-07	-4.611024e-06	-4.582976e-09	-3.311881e+01	-3.011151e+02
5.100000e-07	-4.487174e-06	-4.525310e-09	-3.222926e+01	-2.976582e+02
5.200000e-07	-4.361715e-06	-4.469473e-09	-3.132814e+01	-2.941012e+02
5.300000e-07	-4.234650e-06	-4.421116e-09	-3.041549e+01	-2.904403e+02
5.400000e-07	-4.106072e-06	-4.361251e-09	-2.949198e+01	-2.866697e+02
5.500000e-07	-3.976040e-06	-4.297068e-09	-2.855802e+01	-2.827816e+02
5.600000e-07	-3.844427e-06	-4.232369e-09	-2.761271e+01	-2.787671e+02
5.700000e-07	-3.711318e-06	-4.169654e-09	-2.665665e+01	-2.746176e+02
5.800000e-07	-3.576796e-06	-4.105042e-09	-2.569044e+01	-2.703249e+02
5.900000e-07	-3.440906e-06	-4.036736e-09	-2.471440e+01	-2.658831e+02
6.000000e-07	-3.303742e-06	-3.968243e-09	-2.372922e+01	-2.612884e+02
6.100000e-07	-3.165355e-06	-3.892842e-09	-2.273525e+01	-2.565396e+02
6.200000e-07	-3.025596e-06	-3.816564e-09	-2.173143e+01	-2.516379e+02
6.300000e-07	-2.884452e-06	-3.740646e-09	-2.071766e+01	-2.465857e+02
6.400000e-07	-2.742149e-06	-3.665599e-09	-1.969556e+01	-2.413857e+02
6.500000e-07	-2.598789e-06	-3.583565e-09	-1.866587e+01	-2.360396e+02
6.600000e-07	-2.454462e-06	-3.498085e-09	-1.762924e+01	-2.305463e+02
6.700000e-07	-2.309276e-06	-3.411683e-09	-1.658644e+01	-2.249014e+02
6.800000e-07	-2.163313e-06	-3.323764e-09	-1.553805e+01	-2.190965e+02
6.900000e-07	-2.016668e-06	-3.233144e-09	-1.448477e+01	-2.131189e+02
7.000000e-07	-1.869396e-06	-3.137313e-09	-1.342699e+01	-2.069525e+02
7.100000e-07	-1.721496e-06	-3.038884e-09	-1.236470e+01	-2.005790e+02
7.200000e-07	-1.573044e-06	-2.936387e-09	-1.129844e+01	-1.939797e+02
7.300000e-07	-1.424150e-06	-2.833793e-09	-1.022900e+01	-1.871367e+02
7.400000e-07	-1.274829e-06	-2.725230e-09	-9.156492e+00	-1.800351e+02
7.500000e-07	-1.125148e-06	-2.612800e-09	-8.081405e+00	-1.726638e+02
7.600000e-07	-9.750923e-07	-2.498924e-09	-7.003628e+00	-1.650161e+02
7.700000e-07	-8.246628e-07	-2.381335e-09	-5.923164e+00	-1.570893e+02
7.800000e-07	-6.739440e-07	-2.256202e-09	-4.840622e+00	-1.488833e+02
7.900000e-07	-5.229756e-07	-2.124965e-09	-3.756287e+00	-1.403988e+02
8.000000e-07	-3.718143e-07	-1.991982e-09	-2.670566e+00	-1.316350e+02
8.100000e-07	-2.204908e-07	-1.850660e-09	-1.583682e+00	-1.225867e+02
8.200000e-07	-6.904066e-08	-1.703551e-09	-4.958865e-01	-1.132426e+02
8.300000e-07	8.255500e-08	-1.553117e-09	5.929536e-01	-1.035838e+02
8.400000e-07	2.341965e-07	-1.400551e-09	1.682123e+00	-9.358345e+01
8.500000e-07	3.857660e-07	-1.242294e-09	2.770775e+00	-8.320805e+01
8.600000e-07	5.372059e-07	-1.075892e-09	3.858496e+00	-7.241994e+01
8.700000e-07	6.884519e-07	-9.047599e-10	4.944825e+00	-6.118118e+01
8.800000e-07	8.394557e-07	-7.266466e-10	6.029414e+00	-4.945843e+01
8.900000e-07	9.901324e-07	-5.418777e-10	7.111654e+00	-3.722820e+01
9.000000e-07	1.140470e-06	-3.524322e-10	8.191460e+00	-2.448209e+01
9.100000e-07	1.290419e-06	-1.558539e-10	9.268470e+00	-1.123118e+01
9.200000e-07	1.439934e-06	5.144458e-11	1.034237e+01	2.490799e+00
9.300000e-07	1.588975e-06	2.681507e-10	1.141286e+01	1.662619e+01
9.400000e-07	1.737472e-06	4.903636e-10	1.247944e+01	3.109417e+01
9.500000e-07	1.885344e-06	7.155012e-10	1.354154e+01	4.579359e+01
9.600000e-07	2.032465e-06	9.420824e-10	1.459823e+01	6.060775e+01
9.700000e-07	2.178798e-06	1.166256e-09	1.564928e+01	7.541070e+01
9.800000e-07	2.324349e-06	1.386890e-09	1.669470e+01	9.007438e+01
9.900000e-07	2.469032e-06	1.604679e-09	1.773389e+01	1.044760e+02
1.000000e-06	2.612783e-06	1.818901e-09	1.876638e+01	1.185047e+02
1.010000e-06	2.755562e-06	2.026546e-09	1.979190e+01	1.320675e+02
1.020000e-06	2.897276e-06	2.224516e-09	2.080976e+01	1.450930e+02
1.030000e-06	3.037776e-06	2.411458e-09	2.181891e+01	1.575331e+02
1.040000e-06	3.177003e-06	2.587969e-09	2.281892e+01	1.693633e+02
1.050000e-06	3.315008e-06	2.755437e-09	2.381014e+01	1.805801e+02
1.060000e-06	3.451737e-06	2.914872e-09	2.479220e+01	1.911976e+02
1.070000e-06	3.587076e-06	3.067224e-09	2.576427e+01	2.012430e+02
1.080000e-06	3.721102e-06	3.214470e-09	2.672692e+01	2.107513e+02
1.090000e-06	3.853872e-06	3.354282e-09	2.768054e+01	2.197603e+02
1.100000e-06	3.985229e-06	3.486961e-09	2.862402e+01	2.283070e+02
1.110000e-06	4.115160e-06	3.610837e-09	2.955725e+01	2.364243e+02
1.120000e-06	4.243643e-06	3.727860e-09	3.048008e+01	2.441395e+02
1.130000e-06	4.370622e-06	3.839679e-09	3.139212e+01	2.514739e+02
1.140000e-06	4.496166e-06	3.945588e-09	3.229384e+01	2.584438e+02
1.150000e-06	4.620181e-06	4.047078e-09	3.318458e+01	2.650623e+02
1.160000e-06	4.742553e-06	4.142235e-09	3.406352e+01	2.713413e+02
1.170000e-06	4.863218e-06	4.231717e-09	3.493020e+01	2.772933e+02
1.180000e-06	4.982097e-06	4.315241e-09	3.578405e+01	2.829338e+02
1.190000e-06	5.099164e-06	4.395019e-09	3.662489e+01	2.882815e+02
1.200000e-06	5.214307e-06	4.472055e-09	3.745190e+01	2.933589e+02
1.210000e-06	5.327412e-06	4.546944e-09	3.826429e+01	2.981910e+02
1.220000e-06	5.438486e-06	4.617754e-09	3.906208e+01	3.028042e+02
1.230000e-06	5.547643e-06	4.684825e-09	3.984610e+01	3.072241e+02
1.240000e-06	5.654868e-06	4.748470e-09	4.061625e+01	3.114735e+02
1.250000e-06	5.760038e-06	4.809761e-09	4.137163e+01	3.155704e+02
1.260000e-06	5.863082e-06	4.868750e-09	4.211175e+01	3.195268e+02
1.270000e-06	5.964009e-06	4.925454e-09	4.283667e+01	3.233480e+02
1.280000e-06	6.062762e-06	4.979210e-09	4.354596e+01	3.270331e+02
1.290000e-06	6.159145e-06	5.030328e-09	4.423823e+01	3.305763e+02
1.300000e-06	6.253297e-06	5.081359e-09	4.491448e+01	3.339679e+02
1.310000e-06	6.345342e-06	5.130638e-09	4.557560e+01	3.371976e+02
1.320000e-06	6.435067e-06	5.176382e-09	4.622005e+01	3.402556e+02
1.330000e-06	6.522377e-06	5.218435e-09	4.684715e+01	3.431354e+02
1.340000e-06	6.607419e-06	5.257694e-09	4.745798e+01	3.458348e+02
1.350000e-06	6.690266e-06	5.295002e-09	4.805302e+01	3.483568e+02
1.360000e-06	6.770667e-06	5.329829e-09	4.863051e+01	3.507093e+02
1.370000e-06	6.848495e-06	5.363114e-09	4.918951e+01	3.529044e+02
1.380000e-06	6.923736e-06	5.393532e-09	4.972993e+01	3.549571e+02
1.390000e-06	6.996328e-06	5.421455e-09	5.025132e+01	3.568832e+02
1.400000e-06	7.066431e-06	5.448960e-09	5.075484e+01	3.586976e+02
1.410000e-06	7.134059e-06	5.476502e-09	5.124058e+01	3.604127e+02
1.420000e-06	7.199049e-06	5.503536e-09	5.170737e+01	3.620373e+02
1.430000e-06	7.261506e-06	5.527842e-09	5.215597e+01	3.635760e+02
1.440000e-06	7.321587e-06	5.550370e-09	5.258751e+01	3.650297e+02
1.450000e-06	7.379138e-06	5.571124e-09	5.300086e+01	3.663957e+02
1.460000e-06	7.434048e-06	5.587371e-09	5.339526e+01	3.676698e+02
1.470000e-06	7.486087e-06	5.600827e-09	5.376903e+01	3.688474e+02
1.480000e-06	7.534985e-06	5.614735e-09	5.412024e+01	3.699248e+02
1.490000e-06	7.581028e-06	5.628717e-09	5.445095e+01	3.709008e+02
1.500000e-06	7.624488e-06	5.643146e-09	5.476310e+01	3.717776e+02
1.510000e-06	7.665176e-06	5.658517e-09	5.505534e+01	3.725603e+02
1.520000e-06	7.703088e-06	5.673656e-09	5.532765e+01	3.732573e+02
1.530000e-06	7.738437e-06	5.685775e-09	5.558154e+01	3.738788e+02
1.540000e-06	7.771090e-06	5.694365e-09	5.581607e+01	3.744356e+02
1.550000e-06	7.800969e-06	5.701127e-09	5.603068e+01	3.749378e+02
1.560000e-06	7.828056e-06	5.707155e-09	5.622523e+01	3.753935e+02
1.570000e-06	7.852198e-06	5.713668e-09	5.639863e+01	3.758074e+02
1.580000e-06	7.873518e-06	5.720446e-09	5.655176e+01	3.761807e+02
1.590000e-06	7.892147e-06	5.725281e-09	5.668557e+01	3.765107e+02
1.600000e-06	7.907894e-06	5.728735e-09	5.679867e+01	3.767919e+02
1.610000e-06	7.920602e-06	5.733467e-09	5.688995e+01	3.770169e+02
1.620000e-06	7.930205e-06	5.738289e-09	5.695892e+01	3.771775e+02
1.630000e-06	7.936826e-06	5.739736e-09	5.700648e+01	3.772667e+02
1.640000e-06	7.940685e-06	5.739740e-09	5.703419e+01	3.772796e+02
1.650000e-06	7.941702e-06	5.742232e-09	5.704150e+01	3.772146e+02
1.660000e-06	7.939960e-06	5.738070e-09	5.702899e+01	3.770738e+02
1.670000e-06	7.935675e-06	5.731652e-09	5.699821e+01	3.768630e+02
1.680000e-06	7.928749e-06	5.727111e-09	5.694846e+01	3.765908e+02
1.690000e-06	7.919155e-06	5.722769e-09	5.687955e+01	3.762676e+02
1.700000e-06	7.906794e-06	5.719242e-09	5.679077e+01	3.759043e+02
1.710000e-06	7.891613e-06	5.719999e-09	5.668173e+01	3.755106e+02
1.720000e-06	7.873973e-06	5.725090e-09	5.655503e+01	3.750941e+02
1.730000e-06	7.854128e-06	5.703343e-09	5.641250e+01	3.746589e+02
1.740000e-06	7.831661e-06	5.618048e-09	5.625112e+01	3.742054e+02
1.750000e-06	7.805862e-06	5.641088e-09	5.606582e+01	3.737303e+02
1.760000e-06	7.776416e-06	5.679030e-09	5.585433e+01	3.732273e+02
1.770000e-06	7.743767e-06	5.649427e-09	5.561982e+01	3.726877e+02
1.780000e-06	7.708735e-06	5.646377e-09	5.536821e+01	3.721022e+02
1.790000e-06	7.671495e-06	5.720102e-09	5.510073e+01	3.714617e+02
1.800000e-06	7.632086e-06	5.642494e-09	5.481767e+01	3.707585e+02
1.810000e-06	7.590553e-06	5.587310e-09	5.451936e+01	3.699875e+02
1.820000e-06	7.546510e-06	5.677737e-09	5.420302e+01	3.691459e+02
1.830000e-06	7.499874e-06	5.567637e-09	5.386806e+01	3.682339e+02
1.840000e-06	7.450487e-06	5.633201e-09	5.351333e+01	3.672535e+02
1.850000e-06	7.398115e-06	5.604637e-09	5.313717e+01	3.662083e+02
1.860000e-06	7.342853e-06	5.550703e-09	5.274025e+01	3.651022e+02
1.870000e-06	7.284849e-06	5.592719e-09	5.232363e+01	3.639387e+02
1.880000e-06	7.224303e-06	5.473229e-09	5.188876e+01	3.627198e+02
1.890000e-06	7.161022e-06	5.538505e-09	5.143424e+01	3.614460e+02
1.900000e-06	7.094942e-06	5.488720e-09	5.095962e+01	3.601156e+02
1.910000e-06	7.026131e-06	5.448798e-09	5.046539e+01	3.587256e+02
1.920000e-06	6.954514e-06	5.472247e-09	4.995099e+01	3.572717e+02
1.930000e-06	6.880236e-06	5.414578e-09	4.941749e+01	3.557492e+02
1.940000e-06	6.803204e-06	5.443719e-09	4.886421e+01	3.541540e+02
1.950000e-06	6.723455e-06	5.359599e-09	4.829141e+01	3.524831e+02
1.960000e-06	6.641268e-06	5.359727e-09	4.770110e+01	3.507349e+02
1.970000e-06	6.556725e-06	5.322957e-09	4.709386e+01	3.489099e+02
1.980000e-06	6.469746e-06	5.265331e-09	4.646913e+01	3.470098e+02
1.990000e-06	6.380384e-06	5.268814e-09	4.582728e+01	3.450375e+02
2.000000e-06	6.288872e-06	5.234807e-09	4.517000e+01	3.429963e+02
2.010000e-06	6.195131e-06	5.220818e-09	4.449670e+01	3.408889e+02
2.020000e-06	6.099072e-06	5.150775e-09	4.380675e+01	3.387170e+02
2.030000e-06	6.000818e-06	5.131550e-09	4.310104e+01	3.364802e+02
2.040000e-06	5.900528e-06	5.092857e-09	4.238071e+01	3.341766e+02
2.050000e-06	5.798177e-06	5.065937e-09	4.164557e+01	3.318018e+02
2.060000e-06	5.693699e-06	5.029476e-09	4.089516e+01	3.293505e+02
2.070000e-06	5.587300e-06	4.988715e-09	4.013094e+01	3.268159e+02
2.080000e-06	5.478993e-06	4.950130e-09	3.935302e+01	3.241918e+02
2.090000e-06	5.368686e-06	4.892456e-09	3.856074e+01	3.214723e+02
2.100000e-06	5.256392e-06	4.859954e-09	3.775418e+01	3.186531e+02
2.110000e-06	5.142126e-06	4.818713e-09	3.693347e+01	3.157316e+02
2.120000e-06	5.025923e-06	4.783266e-09	3.609883e+01	3.127071e+02
2.130000e-06	4.907739e-06	4.724708e-09	3.524997e+01	3.095802e+02
2.140000e-06	4.787580e-06	4.679033e-09	3.438693e+01	3.063526e+02
2.150000e-06	4.665717e-06	4.630348e-09	3.351164e+01	3.030258e+02
2.160000e-06	4.542184e-06	4.582021e-09	3.262436e+01	2.996004e+02
2.170000e-06	4.416968e-06	4.522751e-09	3.172500e+01	2.960756e+02
2.180000e-06	4.290174e-06	4.466049e-09	3.081429e+01	2.924485e+02
2.190000e-06	4.161710e-06	4.414442e-09	2.989160e+01	2.887137e+02
2.200000e-06	4.031749e-06	4.360395e-09	2.895815e+01	2.848640e+02
2.210000e-06	3.900312e-06	4.305535e-09	2.801410e+01	2.808909e+02
2.220000e-06	3.767402e-06	4.243553e-09	2.705947e+01	2.767855e+02
2.230000e-06	3.633137e-06	4.179029e-09	2.609511e+01	2.725394e+02
2.240000e-06	3.497529e-06	4.103596e-09	2.512110e+01	2.681458e+02
2.250000e-06	3.360537e-06	4.033229e-09	2.413715e+01	2.636003e+02
2.260000e-06	3.222286e-06	3.963997e-09	2.314416e+01	2.589008e+02
2.270000e-06	3.082805e-06	3.894460e-09	2.214233e+01	2.540478e+02
2.280000e-06	2.942088e-06	3.815757e-09	2.113163e+01	2.490434e+02
2.290000e-06	2.800270e-06	3.737022e-09	2.011301e+01	2.438905e+02
2.300000e-06	2.657389e-06	3.657161e-09	1.908677e+01	2.385910e+02
2.310000e-06	2.513518e-06	3.575493e-09	1.805342e+01	2.331451e+02
2.320000e-06	2.368740e-06	3.493180e-09	1.701354e+01	2.275495e+02
2.330000e-06	2.223238e-06	3.406303e-09	1.596847e+01	2.217969e+02
2.340000e-06	2.077043e-06	3.313094e-09	1.491842e+01	2.158762e+02
2.350000e-06	1.930081e-06	3.214525e-09	1.386286e+01	2.097722e+02
2.360000e-06	1.782403e-06	3.118064e-09	1.280216e+01	2.034671e+02
2.370000e-06	1.634105e-06	3.021797e-09	1.173701e+01	1.969422e+02
2.380000e-06	1.485314e-06	2.920267e-09	1.066831e+01	1.901791e+02
2.390000e-06	1.336106e-06	2.811401e-09	9.596616e+00	1.831618e+02
2.400000e-06	1.186469e-06	2.696747e-09	8.521850e+00	1.758779e+02
2.410000e-06	1.036414e-06	2.580309e-09	7.444076e+00	1.683193e+02
2.420000e-06	8.860282e-07	2.463661e-09	6.363923e+00	1.604821e+02
2.430000e-06	7.353934e-07	2.343837e-09	5.281984e+00	1.523656e+02
2.440000e-06	5.845522e-07	2.217815e-09	4.198563e+00	1.439703e+02
2.450000e-06	4.335406e-07	2.083558e-09	3.113917e+00	1.352963e+02
2.460000e-06	2.823706e-07	1.946370e-09	2.028135e+00	1.263401e+02
2.470000e-06	1.310863e-07	1.807940e-09	9.415313e-01	1.170926e+02
2.480000e-06	-2.032036e-08	1.665903e-09	-1.459515e-01	1.075373e+02
2.490000e-06	-1.717785e-07	1.517249e-09	-1.233804e+00	9.764986e+01
2.500000e-06	-3.231739e-07	1.357987e-09	-2.321206e+00	8.739877e+01
2.510000e-06	-4.744813e-07	1.190446e-09	-3.407975e+00	7.674731e+01
2.520000e-06	-6.256622e-07	1.020490e-09	-4.493836e+00	6.565714e+01
2.530000e-06	-7.766898e-07	8.485495e-10	-5.578596e+00	5.409288e+01
2.540000e-06	-9.274576e-07	6.669100e-10	-6.661490e+00	4.202728e+01
2.550000e-06	-1.077854e-06	4.722447e-10	-7.741719e+00	2.944657e+01
2.560000e-06	-1.227931e-06	2.686788e-10	-8.819649e+00	1.635514e+01
2.570000e-06	-1.377607e-06	5.966666e-11	-9.894704e+00	2.779225e+00
2.580000e-06	-1.526750e-06	-1.534415e-10	-1.096593e+01	-1.123125e+01
2.590000e-06	-1.675373e-06	-3.712622e-10	-1.203341e+01	-2.560269e+01
2.600000e-06	-1.823381e-06	-5.952015e-10	-1.309648e+01	-4.024003e+01
2.610000e-06	-1.970650e-06	-8.226698e-10	-1.415425e+01	-5.503096e+01
2.620000e-06	-2.117168e-06	-1.050703e-09	-1.520662e+01	-6.985175e+01
2.630000e-06	-2.262959e-06	-1.277473e-09	-1.625377e+01	-8.457421e+01
2.640000e-06	-2.407883e-06	-1.500928e-09	-1.729468e+01	-9.907305e+01
2.650000e-06	-2.551790e-06	-1.720383e-09	-1.832830e+01	-1.132330e+02
2.660000e-06	-2.694687e-06	-1.933308e-09	-1.935467e+01	-1.269547e+02
2.670000e-06	-2.836532e-06	-2.137680e-09	-2.037347e+01	-1.401594e+02
2.680000e-06	-2.977199e-06	-2.329873e-09	-2.138382e+01	-1.527917e+02
2.690000e-06	-3.116619e-06	-2.510737e-09	-2.238521e+01	-1.648195e+02
2.700000e-06	-3.254867e-06	-2.682365e-09	-2.337817e+01	-1.762329e+02
2.710000e-06	-3.391914e-06	-2.844853e-09	-2.436252e+01	-1.870408e+02
2.720000e-06	-3.527624e-06	-3.000993e-09	-2.533726e+01	-1.972668e+02
2.730000e-06	-3.662079e-06	-3.150572e-09	-2.630299e+01	-2.069439e+02
2.740000e-06	-3.795354e-06	-3.292139e-09	-2.726024e+01	-2.161094e+02
2.750000e-06	-3.927210e-06	-3.428303e-09	-2.820729e+01	-2.248011e+02
2.760000e-06	-4.057619e-06	-3.558711e-09	-2.914396e+01	-2.330534e+02
2.770000e-06	-4.186670e-06	-3.680217e-09	-3.007088e+01	-2.408954e+02
2.780000e-06	-4.314264e-06	-3.793426e-09	-3.098732e+01	-2.483505e+02
2.790000e-06	-4.440418e-06	-3.899881e-09	-3.189343e+01	-2.554363e+02
2.800000e-06	-4.565067e-06	-3.998730e-09	-3.278872e+01	-2.621667e+02
2.810000e-06	-4.688078e-06	-4.091685e-09	-3.367225e+01	-2.685537e+02
2.820000e-06	-4.809452e-06	-4.182881e-09	-3.454403e+01	-2.746095e+02
2.830000e-06	-4.929058e-06	-4.271289e-09	-3.540310e+01	-2.803485e+02
2.840000e-06	-5.046737e-06	-4.355993e-09	-3.624833e+01	-2.857883e+02
2.850000e-06	-5.162326e-06	-4.436216e-09	-3.707855e+01	-2.909501e+02
2.860000e-06	-5.275796e-06	-4.512353e-09	-3.789355e+01	-2.958584e+02
2.870000e-06	-5.387184e-06	-4.588227e-09	-3.869360e+01	-3.005393e+02
2.880000e-06	-5.496543e-06	-4.660026e-09	-3.947908e+01	-3.050190e+02
2.890000e-06	-5.604065e-06	-4.724574e-09	-4.025135e+01	-3.093212e+02
2.900000e-06	-5.709654e-06	-4.785802e-09	-4.100975e+01	-3.134657e+02
2.910000e-06	-5.813137e-06	-4.846637e-09	-4.175302e+01	-3.174665e+02
2.920000e-06	-5.914445e-06	-4.908302e-09	-4.248067e+01	-3.213312e+02
2.930000e-06	-6.013593e-06	-4.967750e-09	-4.319280e+01	-3.250608e+02
2.940000e-06	-6.110637e-06	-5.024003e-09	-4.388982e+01	-3.286507e+02
2.950000e-06	-6.205463e-06	-5.077829e-09	-4.457091e+01	-3.320924e+02
2.960000e-06	-6.298012e-06	-5.129256e-09	-4.523565e+01	-3.353755e+02
2.970000e-06	-6.388397e-06	-5.179264e-09	-4.588484e+01	-3.384898e+02
2.980000e-06	-6.476560e-06	-5.225807e-09	-4.651808e+01	-3.414275e+02
2.990000e-06	-6.562292e-06	-5.267539e-09	-4.713384e+01	-3.441851e+02
3.000000e-06	-6.645640e-06	-5.305864e-09	-4.773249e+01	-3.467637e+02
3.010000e-06	-6.726737e-06	-5.342116e-09	-4.831498e+01	-3.491697e+02
3.020000e-06	-6.805411e-06	-5.377483e-09	-4.888005e+01	-3.514142e+02
3.030000e-06	-6.881378e-06	-5.411171e-09	-4.942569e+01	-3.535112e+02
3.040000e-06	-6.954692e-06	-5.441899e-09	-4.995227e+01	-3.554765e+02
3.050000e-06	-7.025444e-06	-5.470193e-09	-5.046045e+01	-3.573255e+02
3.060000e-06	-7.093661e-06	-5.498994e-09	-5.095042e+01	-3.590715e+02
3.070000e-06	-7.159432e-06	-5.526345e-09	-5.142282e+01	-3.607247e+02
3.080000e-06	-7.222677e-06	-5.551686e-09	-5.187708e+01	-3.622911e+02
3.090000e-06	-7.283288e-06	-5.573901e-09	-5.231242e+01	-3.637724e+02
3.100000e-06	-7.341305e-06	-5.594412e-09	-5.272913e+01	-3.651673e+02
3.110000e-06	-7.396689e-06	-5.612159e-09	-5.312693e+01	-3.664717e+02
3.120000e-06	-7.449252e-06	-5.627850e-09	-5.350446e+01	-3.676810e+02
3.130000e-06	-7.498760e-06	-5.644566e-09	-5.386006e+01	-3.687910e+02
3.140000e-06	-7.545253e-06	-5.661865e-09	-5.419399e+01	-3.697998e+02
3.150000e-06	-7.589276e-06	-5.677841e-09	-5.451018e+01	-3.707083e+02
3.160000e-06	-7.630935e-06	-5.691862e-09	-5.480941e+01	-3.715207e+02
3.170000e-06	-7.669950e-06	-5.704263e-09	-5.508963e+01	-3.722444e+02
3.180000e-06	-7.706224e-06	-5.713739e-09	-5.535017e+01	-3.728892e+02
3.190000e-06	-7.739700e-06	-5.720593e-09	-5.559061e+01	-3.734659e+02
3.200000e-06	-7.770337e-06	-5.724187e-09	-5.581066e+01	-3.739849e+02
3.210000e-06	-7.798145e-06	-5.728220e-09	-5.601040e+01	-3.744551e+02
3.220000e-06	-7.823199e-06	-5.734444e-09	-5.619035e+01	-3.748823e+02
3.230000e-06	-7.845464e-06	-5.740517e-09	-5.635026e+01	-3.752690e+02
3.240000e-06	-7.864896e-06	-5.748849e-09	-5.648984e+01	-3.756136e+02
3.250000e-06	-7.881487e-06	-5.757433e-09	-5.660900e+01	-3.759115e+02
3.260000e-06	-7.895017e-06	-5.760686e-09	-5.670618e+01	-3.761557e+02
3.270000e-06	-7.905517e-06	-5.759725e-09	-5.678160e+01	-3.763380e+02
3.280000e-06	-7.913160e-06	-5.755577e-09	-5.683649e+01	-3.764510e+02
3.290000e-06	-7.917934e-06	-5.752226e-09	-5.687079e+01	-3.764890e+02
3.300000e-06	-7.919934e-06	-5.749033e-09	-5.688515e+01	-3.764492e+02
